9467100 415009
48700 1129
22300 762
15700 446
55800 1050
36700 1094
27600 862
30200 1065
27100 991
24100 837
21200 735
27400 1065
26400 1012
59000 1074
29100 842
22600 843
21300 895
23500 966
31200 1185
30100 1196
27100 1136
28100 1199
27800 1156
23100 971
24200 1087
31000 1184
27200 1152
19300 767
24900 1107
94600 895
37200 1117
30500 871
37800 1047
39400 1202
34400 1145
26100 767
27300 1110
26100 1166
25500 1116
20300 864
21300 855
24500 1161
15500 661
22200 931
23900 1068
15900 671
26300 1085
24200 1100
12200 481
30400 1190
22700 961
35300 1164
24300 1117
25700 1161
24100 1122
73900 1141
27300 1069
67900 1162
48200 1135
30900 1133
25700 886
30100 1124
28900 828
29100 1096
20300 621
37800 1166
31400 1126
29500 1130
24300 881
33300 1128
28100 899
24800 1101
26300 1031
20100 877
24000 1095
16800 715
24500 1054
24700 1102
38000 1071
32800 1071
13300 500
26100 1194
25400 1158
26100 1155
16700 713
74600 1162
21700 930
24600 1135
23500 1066
33400 1153
22900 931
32700 1130
25200 1081
25700 1134
25200 1094
24300 1101
21200 819
25100 1153
22400 861
35500 1129
18500 686
25300 1129
20300 899
23900 1104
23100 1029
26800 1137
25700 1103
26600 1112
21000 854
23600 1100
22600 1050
15900 684
21400 973
19900 898
24200 1133
82400 940
33400 1087
33000 1128
22200 897
25500 1102
22400 1032
23000 1126
23500 1094
23100 1099
22100 1047
19100 903
25200 1073
23100 1065
17100 789
19900 880
18700 834
24800 1100
21700 1049
18400 709
15500 671
22100 1069
20300 1002
23300 1096
22700 1062
22300 1072
22200 1015
19800 882
19200 841
18600 789
24200 916
28100 1196
24600 1161
24100 1163
23900 1107
25300 1160
47000 1129
24200 1142
22600 1067
31700 1163
28400 1131
25500 1132
23000 1076
23800 1141
22600 1088
19300 897
21300 1014
30300 1170
23500 861
37600 1136
36800 1074
29200 937
34400 1092
33200 1105
30000 1029
28300 942
31100 1098
31500 1096
30000 1045
31800 1105
33800 1061
28500 884
22400 710
32400 1162
24600 858
38300 1130
30600 1080
90100 1130
35200 1092
23800 651
30200 1029
34800 1132
29700 1092
32000 1101
24400 852
34100 1103
30400 797
32700 1075
35000 988
31500 1134
30400 1096
28800 902
29000 1043
25400 640
30800 1060
30200 1079
28800 997
31200 1105
52800 1071
34300 1078
33000 1024
25700 879
40000 1030
50400 778
24200 929
23200 896
31200 1136
26500 936
25500 882
30600 1141
30100 1089
29200 1102
27500 1030
29200 939
29700 1091
32200 1098
23400 846
24600 838
28100 808
37400 1066
31100 989
34000 1132
28100 1092
35500 1107
31500 850
30300 1105
34000 1053
22800 806
27100 997
30900 1108
75200 1065
10200 1075
8300 1018
7900 1078
7800 1041
9300 1039
6600 942
11400 937
7500 1097
10500 913
7600 1058
6500 1095
5700 866
7500 1072
5700 1001
7600 1104
7300 1067
6800 870
4600 826
6100 1076
6100 779
16400 1048
6100 955
6200 910
6100 1062
6800 1078
6500 1021
6300 876
6300 1031
6400 1044
6100 971
5700 809
6200 1040
7600 1049
5100 726
5300 1041
4700 999
5300 1014
4000 660
6900 1035
8700 988
8500 1196
3900 1129
3400 995
4900 1155
4500 966
7200 762
17300 1194
6200 1146
10400 1165
5300 1118
5300 1166
4700 1113
4500 928
4600 1046
5000 1185
3700 698
6000 1168
4600 910
5300 957
4900 792
44700 734
7500 537
7800 1166
7600 1123
6900 1136
6900 1092
7200 1133
6900 894
5500 704
6000 810
8200 1197
7600 1158
6800 1165
7000 1113
5300 972
6900 1129
5200 807
6600 1075
12100 772
6100 1123
8400 1127
6400 1076
6300 1126
6100 900
5500 1108
22000 1015
6600 1162
5700 664
6400 1126
7000 1080
6700 1130
6000 1087
5700 903
5900 1034
5600 936
6900 1096
5200 779
6700 1062
6100 916
6500 1062
6100 1069
5800 954
11600 1191
12500 1153
6600 970
6100 1108
15800 1165
5900 1122
6800 1129
5300 1068
6100 1171
8200 1118
5300 931
4800 1076
12500 1138
6200 1095
6400 1105
5500 1020
7100 1165
6300 1128
6700 1131
5500 882
7000 1134
5200 1098
6200 1099
5100 1041
5600 1133
6800 908
5900 1111
5200 1045
5400 1107
4600 863
6000 1076
4400 646
5900 1172
6700 1129
8900 1131
6800 1084
6400 1142
5600 901
5400 774
4500 708
5800 736
6100 1095
4700 1092
4700 722
5300 1102
6600 1071
8900 1081
5300 993
5600 1126
5300 1098
4700 1102
4700 1049
6100 1105
6000 1071
5600 1078
5100 1006
5500 1102
4800 1065
6300 1075
6900 1015
5300 1075
7800 1028
9800 843
5400 905
5100 856
6900 1160
6600 954
6800 1109
7500 1161
4700 604
6100 1135
6300 1062
9100 1171
6700 1125
4900 1126
4700 1075
5300 1129
4800 1089
5000 1098
6100 831
6200 1165
6100 1116
5300 931
4600 882
7700 1131
5700 1088
5100 1110
30900 1027
4200 932
5400 895
6500 1106
5400 1049
6400 1106
6200 1062
4500 743
4500 972
5900 1159
5500 928
6100 1124
5700 1081
4300 674
7100 1107
5100 1099
5300 1031
4500 939
5800 1095
19000 1094
6100 1052
5200 1099
5800 1062
6600 1065
15200 790
5500 937
6000 1098
51800 1096
20300 1056
6300 906
12500 1068
6500 1072
6600 1003
9300 1096
6300 1071
6400 1078
7300 1024
21600 1069
5900 1032
6400 1048
4300 934
6500 1163
4500 921
5900 1127
4900 879
5700 1133
6100 1092
5200 778
5300 1030
6100 1133
5900 1095
5400 1102
4900 1049
5800 1105
4700 1062
7500 1069
5900 991
7100 1149
6100 1091
6200 1103
9800 856
5600 1104
4900 1064
4500 879
5500 997
6200 1096
4700 734
5800 1073
3800 692
4100 874
4700 1035
5100 1039
4500 939
5800 1131
5500 1091
5700 910
4700 1049
4700 1095
4900 872
8100 1077
6100 1005
3000 376
3900 732
4000 1065
5700 1016
5400 1081
5200 1041
7200 1042
6900 961
7200 1094
6800 1073
6000 1071
5700 1016
5700 1078
4300 1035
6700 1048
4100 974
6000 1070
5200 839
6400 849
5000 986
4900 1039
5500 1001
5300 809
3000 542
7100 1188
7200 1155
6300 1156
5300 1106
7200 1172
6000 1126
6000 1133
5600 1061
8000 1166
6100 1124
5700 1130
4200 885
6300 1132
4600 696
5300 911
21300 1022
6500 1161
4800 925
6500 1139
5100 1083
5700 941
5200 1099
4500 907
4300 644
6000 1134
5100 1094
4900 1100
6200 851
3500 643
4900 1057
5100 1061
4900 974
5200 962
7900 1119
4200 737
7900 1086
4300 933
5500 1094
5200 1098
5200 1033
3900 738
5600 1083
37000 1102
5100 848
3800 639
5600 868
6100 1070
5100 990
6600 1140
5300 1101
4800 1096
4900 1051
5800 1099
8600 1065
8700 1078
4900 998
5200 1109
4600 866
8400 1076
3500 622
5800 1068
36000 1033
5300 849
3700 930
4800 1165
5500 1136
3400 937
5900 1081
4400 1129
4500 1089
5200 1105
4000 1032
5100 1137
4100 897
5300 1104
4500 853
5600 1116
5100 1069
3500 685
4600 991
6500 1131
4900 1095
5100 1100
4400 1041
4700 1101
3900 1055
3800 1068
3200 801
4300 1101
4100 1073
3300 1066
6000 1009
4600 876
3800 1036
3100 650
3800 942
4400 1135
3200 701
5200 1111
4400 1054
5400 1113
4300 1071
5100 1072
4100 1005
4800 1105
4200 1064
4300 1062
8600 821
6700 1075
6300 1034
5400 849
4300 761
6600 1107
6200 1070
5600 1071
3900 821
5200 1072
4300 1032
6400 1048
3900 976
5300 1066
5300 1028
5000 1043
4300 978
7100 1040
5100 1006
4500 1010
4400 882
6300 1153
10400 1129
5400 1137
5000 1079
6100 1131
5000 896
5400 1102
3800 1032
4200 939
4800 896
5400 1099
6500 1054
5600 1108
6700 1067
2600 606
3700 984
5100 1128
4200 893
4400 1101
4700 1048
4600 1098
4500 1054
3400 549
4800 798
6400 1101
4800 1062
5300 1066
3900 1013
5600 1077
3600 833
3800 1038
5000 936
6500 1134
5200 1091
3300 648
5100 1050
5700 1100
5100 1063
4900 1076
3800 998
4000 897
4100 1061
4600 873
4500 1012
3000 612
4200 1035
5400 1049
3800 951
5600 1094
3600 1056
4600 1060
4300 1008
4500 1070
4400 1021
5000 1039
5600 765
3900 1072
4900 1035
4100 1041
3200 527
4700 1049
5400 1003
5100 1019
3500 901
4700 1129
4100 1096
4700 1106
4300 1039
5200 905
5000 1066
4400 1067
4800 1000
6200 1103
3600 1056
3600 1079
4300 1020
4000 1070
4400 1027
4000 1049
3900 952
4200 900
3700 861
4600 1063
5700 1013
4300 1076
3800 1036
3100 1040
3800 966
4700 1066
6000 1033
4900 1052
14100 990
9300 1037
4300 994
6200 1010
4000 913
5400 1101
5200 1068
5600 1075
4600 1011
5300 1082
5000 1033
4800 1040
4100 970
4300 875
5200 1033
4500 1033
3800 788
4900 1037
5100 1000
6200 1016
4600 920
6000 1070
5400 837
11200 1042
4700 994
5200 1042
5500 1006
4500 1016
4100 938
5000 1043
3500 1003
5100 1013
4500 960
4900 1007
3600 967
5600 985
2700 611
6000 1226
4400 1174
4700 1189
7900 1147
3100 733
4900 1155
4200 897
4800 1089
4500 928
4500 1156
4700 1163
5400 1098
3800 899
5100 1116
4900 1129
5200 1052
5300 1194
4100 813
7100 1161
4600 1099
6300 1168
4800 1125
4700 1122
3100 669
6500 1167
4600 1119
5500 1135
5100 1070
4600 869
3900 766
4700 1102
3700 1000
4900 1189
4500 1143
5900 1159
4900 1108
4400 1164
3200 797
4100 1124
4500 1063
5000 1162
4100 1122
4200 1121
4600 1077
5800 1145
6100 1087
4800 1109
3900 1011
7500 1160
3800 1122
4100 870
4700 1069
4400 1130
3800 764
4600 1094
4000 1031
5000 1142
4000 1093
3700 1103
4000 1043
4800 1100
3900 1054
6700 1070
3900 950
5200 934
5200 1153
4800 1158
6800 1112
4700 1167
4600 800
4200 739
4700 1064
3300 893
5900 1122
4800 1123
5000 1079
4500 1120
3800 1083
4100 1095
2600 427
5100 1166
4600 1127
3900 1125
3600 1067
3800 865
3900 1096
5400 1100
5000 1032
5500 1144
15700 827
5900 1103
4700 1041
5400 1102
4500 797
6400 1078
4300 967
5200 1161
4300 801
4700 1128
4300 1081
5100 1128
5900 1094
4600 1101
4400 1027
6900 1121
5200 1096
3500 710
4800 1049
4500 1106
5200 1063
4000 1064
3700 993
4200 1130
5000 1093
5100 1109
4000 1044
4600 1097
4400 1060
4700 1079
3000 1002
4700 1099
7900 1069
4600 1076
4000 1013
4900 1073
5300 1030
3900 1031
4000 918
5200 1197
5400 1162
3200 701
4300 1111
5700 1159
4900 1131
9500 1133
4500 1058
4400 903
4300 1125
5800 1130
5000 1083
5400 1133
5600 1107
3400 838
4200 1016
4200 899
5300 1131
6800 1122
4100 748
4800 1134
4500 1094
4500 1091
2400 569
4300 1133
4100 1095
4100 1097
4200 1050
5400 1112
4700 1056
3100 808
3500 972
6000 1162
3400 858
5000 1131
7000 1075
4000 1133
4200 758
4900 1103
5300 1031
4200 862
4600 1087
3400 644
4900 1052
5600 1105
4900 1059
3800 1060
4500 991
5900 1127
3400 634
3400 767
4300 1040
7500 1096
4900 1056
4200 1066
5900 999
5000 1096
4800 1062
5700 1065
3400 751
2900 610
5000 1039
4100 1043
3900 924
5200 1159
4600 1122
3700 1138
3500 811
4300 1126
4900 1082
3700 771
4000 1039
4200 1123
4900 1096
4000 1103
3800 1046
3000 835
4500 1065
4400 810
4800 982
3700 806
5300 1084
4100 1097
4900 1041
3700 582
3800 796
5200 1071
