100 1863 0 3612
118 2588 0 5053
136 3460 0 6755
154 4402 0 8684
172 5519 0 10803
190 6696 0 13209
208 8024 0 15657
226 9467 0 18628
244 11007 1 21694
262 12684 1 24940
280 14463 1 28673
298 16472 1 32438
316 18390 1 35851
334 20619 1 40767
352 22886 1 45178
370 25332 2 49978
388 27813 2 55000
406 30297 2 59691
424 33048 2 65159
442 36020 3 71617
460 39074 3 76908
478 42075 3 83406
496 45439 3 90091
514 48561 4 95980
532 52280 4 103538
550 55696 4 110760
568 59408 4 117353
586 63285 4 125392
604 67179 5 133414
622 71400 5 141264
640 75534 6 149133
658 79675 6 158185
676 84279 6 167409
694 88947 7 175981
712 93227 7 184814
730 97540 7 192492
748 102989 8 205313
766 108106 10 215139
784 113336 10 225707
802 118637 11 235244
820 123963 14 246945
838 129371 12 256982
856 134837 15 267592
874 140553 14 279174
892 146548 13 291776
910 152408 14 303974
928 158286 18 314862
946 164915 16 327881
964 171088 20 340326
982 177518 22 351734
1000 184136 22 365409
