2
11
14
16
23
30
46
50
57
66
66
67
77
78
87
87
89
92
132
133
134
141
141
148
154
157
159
161
164
165
178
182
184
208
213
214
215
227
233
242
276
282
310
317
322
346
350
351
351
360
368
371
385
392
399
418
421
428
447
447
469
483
489
498
498
518
519
519
536
537
547
566
567
572
633
649
666
669
672
695
716
717
719
722
746
758
766
772
774
793
808
816
821
839
846
848
855
868
874
875
878
883
884
885
889
892
911
916
921
922
923
929
950
951
956
956
959
963
977
978
997
999
1001
1022
1028
1030
1032
1043
1060
1065
1077
1103
1104
1108
1114
1128
1129
1130
1143
1156
1167
1185
1200
1205
1227
1248
1248
1250
1257
1263
1264
1264
1275
1286
1295
1299
1351
1351
1351
1366
1380
1382
1383
1393
1397
1422
1435
1446
1447
1449
1455
1462
1476
1482
1485
1500
1529
1536
1549
1561
1565
1578
1606
1608
1614
1626
1634
1637
1654
1691
1694
1707
1741
1753
1756
1760
1780
1789
1795
1831
1833
1842
1842
1859
1866
1885
1888
1905
1915
1917
1920
1939
1943
1956
1973
1976
1979
1980
1987
2004
2026
2031
2033
2043
2045
2048
2083
2089
2090
2097
2117
2122
2131
2142
2157
2161
2176
2176
2191
2203
2205
2208
2221
2245
2246
2246
2256
2271
2277
2289
2292
2303
2305
2326
2334
2339
2370
2373
2387
2390
2392
2424
2427
2446
2452
2456
2457
2458
2461
2466
2468
2540
2541
2542
2543
2552
2560
2565
2569
2571
2571
2586
2588
2595
2603
2608
2614
2623
2627
2631
2638
2648
2658
2670
2673
2683
2702
2719
2747
2749
2788
2793
2819
2825
2827
2844
2875
2900
2905
2914
2915
2926
2944
2944
2960
2964
2985
2987
2990
3005
3011
3027
3028
3031
3037
3051
3069
3071
3076
3080
3085
3094
3098
3104
3139
3143
3157
3178
3184
3186
3186
3187
3194
3197
3198
3201
3209
3213
3216
3221
3253
3264
3265
3269
3276
3287
3295
3298
3317
3318
3322
3326
3336
3340
3343
3345
3351
3364
3369
3372
3385
3392
3395
3403
3420
3426
3448
3452
3456
3461
3474
3478
3485
3489
3494
3495
3501
3507
3510
3515
3521
3534
3540
3550
3572
3572
3590
3611
3613
3623
3627
3637
3639
3644
3654
3660
3661
3664
3666
3670
3676
3677
3680
3711
3715
3720
3721
3753
3754
3756
3762
3781
3785
3808
3815
3821
3832
3849
3856
3860
3860
3862
3870
3872
3883
3892
3902
3913
3917
3921
3925
3929
3931
3948
3961
3987
4000
4026
4027
4052
4057
4078
4083
4084
4099
4103
4132
4156
4170
4170
4182
4184
4193
4234
4237
4243
4263
4264
4269
4275
4287
4291
4331
4340
4351
4374
4389
4391
4397
4413
4439
4448
4462
4463
4472
4501
4504
4511
4513
4517
4523
4526
4536
4551
4569
4570
4599
4621
4621
4625
4630
4645
4662
4662
4684
4686
4686
4690
4708
4712
4714
4724
4742
4757
4769
4808
4826
4839
4844
4861
4866
4877
4897
4897
4898
4905
4925
4934
4939
4941
4942
4944
4944
4950
4955
4959
4994
5016
5019
5033
5041
5074
5087
5128
5145
5185
5187
5191
5216
5222
5223
5229
5232
5239
5240
5242
5245
5247
5251
5258
5291
5292
5297
5306
5323
5326
5326
5333
5340
5377
5377
5383
5384
5395
5402
5404
5405
5408
5412
5413
5420
5462
5462
5473
5489
5514
5514
5519
5525
5525
5525
5526
5528
5529
5533
5535
5538
5557
5560
5574
5582
5600
5600
5624
5627
5628
5644
5648
5649
5664
5686
5693
5705
5717
5718
5721
5750
5760
5769
5791
5797
5802
5818
5840
5847
5848
5885
5889
5893
5893
5906
5907
5939
5964
5967
5975
5986
5987
6030
6043
6043
6061
6062
6062
6063
6074
6076
6082
6084
6092
6097
6099
6107
6126
6130
6137
6152
6152
6171
6178
6181
6198
6200
6208
6225
6242
6244
6250
6251
6251
6251
6256
6282
6301
6315
6335
6339
6340
6342
6359
6378
6384
6386
6397
6406
6414
6415
6419
6425
6428
6430
6445
6451
6455
6478
6480
6491
6530
6543
6545
6554
6564
6568
6581
6591
6609
6609
6625
6628
6638
6656
6687
6694
6721
6722
6725
6727
6739
6740
6741
6751
6755
6767
6773
6782
6784
6798
6800
6866
6900
6911
6914
6949
6975
6987
6992
7000
7015
7017
7020
7029
7038
7048
7054
7071
7075
7078
7084
7090
7092
7103
7108
7111
7133
7138
7148
7156
7156
7163
7171
7175
7191
7191
7223
7232
7257
7264
7268
7283
7317
7319
7322
7330
7343
7354
7358
7359
7380
7385
7388
7398
7402
7405
7419
7420
7424
7439
7439
7444
7445
7462
7481
7481
7496
7502
7508
7520
7527
7529
7548
7554
7557
7560
7562
7563
7568
7568
7570
7571
7571
7575
7577
7578
7579
7592
7595
7603
7612
7612
7617
7619
7624
7629
7643
7645
7660
7667
7667
7673
7676
7677
7681
7683
7688
7693
7703
7706
7708
7708
7710
7711
7720
7738
7743
7754
7761
7779
7786
7794
7807
7808
7812
7818
7842
7851
7860
7862
7870
7880
7889
7894
7906
7919
7934
7936
7940
7941
7958
7963
7965
7973
7980
7983
7995
8026
8041
8053
8057
8058
8106
8112
8115
8155
8157
8167
8179
8197
8201
8205
8220
8242
8259
8262
8266
8267
8270
8274
8289
8291
8301
8313
8325
8331
8335
8343
8350
8359
8361
8380
8398
8400
8403
8414
8416
8421
8425
8430
8446
8455
8461
8461
8466
8468
8483
8519
8523
8538
8549
8553
8571
8584
8586
8589
8592
8596
8606
8610
8612
8634
8635
8654
8657
8657
8664
8671
8671
8673
8682
8693
8701
8716
8724
8727
8729
8743
8743
8751
8751
8753
8755
8760
8761
8773
8778
8802
8835
8844
8845
8865
8876
8881
8895
8896
8898
8927
8935
8937
8940
8950
8959
8963
8974
9003
9010
9021
9031
9037
9046
9058
9060
9080
9087
9106
9109
9110
9118
9122
9123
9129
9137
9139
9154
9158
9176
9179
9186
9202
9220
9239
9241
9256
9256
9257
9261
9272
9282
9283
9293
9296
9309
9319
9319
9355
9356
9359
9366
9373
9383
9389
9401
9423
9424
9442
9463
9469
9507
9517
9521
9522
9549
9562
9563
9578
9579
9579
9588
9594
9595
9598
9599
9603
9607
9612
9624
9625
9627
9665
9665
9668
9678
9693
9696
9700
9705
9707
9717
9724
9743
9755
9757
9761
9762
9763
9765
9766
9766
9802
9808
9810
9820
9826
9889
9916
9926
9959
9970
9994
9997
10013
10013
10018
10031
10056
10061
10065
10082
10084
10089
10104
10106
10109
10111
10114
10133
10153
10165
10196
10196
10201
10209
10209
10222
10234
10242
10243
10246
10247
10253
10258
10263
10290
10292
10294
10296
10308
10310
10311
10313
10317
10321
10333
10366
10366
10368
10369
10373
10382
10399
10406
10427
10437
10473
10473
10478
10488
10501
10509
10514
10515
10527
10528
10528
10534
10534
10536
10557
10575
10580
10581
10586
10600
10601
10614
10618
10641
10655
10663
10663
10665
10682
10686
10698
10707
10714
10725
10737
10766
10776
10791
10807
10818
10818
10822
10823
10824
10824
10827
10847
10851
10853
10855
10857
10897
10915
10919
10921
10923
10928
10961
11004
11004
11013
11020
11034
11040
11041
11042
11057
11075
11093
11118
11122
11127
11130
11136
11151
11155
11155
11169
11176
11183
11186
11192
11198
11254
11263
11285
11287
11289
11295
11298
11306
11320
11335
11341
11342
11362
11365
11409
11435
11437
11441
11458
11475
11486
11512
11525
11526
11543
11552
11555
11565
11573
11593
11598
11606
11609
11613
11615
11629
11631
11631
11640
11662
11668
11670
11677
11682
11684
11695
11741
11748
11757
11768
11769
11771
11776
11784
11801
11806
11810
11825
11826
11827
11832
11842
11852
11857
11868
11880
11886
11887
11898
11899
11901
11906
11929
11955
11963
11977
11979
11986
11994
12000
12003
12003
12004
12008
12021
12034
12036
12054
12074
12088
12092
12097
12108
12133
12153
12162
12180
12186
12194
12200
12202
12215
12218
12222
12247
12276
12292
12296
12299
12303
12315
12329
12334
12337
12342
12358
12363
12373
12380
12383
12384
12411
12415
12421
12434
12434
12441
12443
12469
12470
12470
12480
12490
12490
12501
12524
12528
12529
12533
12533
12538
12545
12548
12561
12583
12592
12594
12597
12599
12605
12616
12628
12670
12670
12674
12695
12696
12703
12711
12716
12746
12749
12759
12765
12770
12770
12775
12810
12812
12824
12855
12857
12872
12899
12900
12903
12942
12955
12974
12984
12986
12989
12990
12991
13000
13005
13010
13014
13015
13020
13030
13033
13052
13065
13090
13095
13101
13112
13141
13147
13151
13175
13213
13216
13232
13249
13258
13266
13266
13271
13276
13276
13284
13292
13293
13312
13321
13327
13340
13345
13350
13361
13364
13368
13371
13380
13391
13400
13401
13406
13413
13420
13425
13439
13441
13458
13486
13487
13496
13498
13508
13516
13518
13527
13537
13537
13541
13559
13569
13578
13582
13584
13586
13595
13596
13598
13606
13606
13610
13611
13614
13615
13626
13628
13630
13644
13645
13657
13672
13688
13689
13690
13705
13709
13731
13736
13739
13747
13750
13752
13753
13755
13756
13756
13760
13771
13785
13788
13812
13820
13828
13833
13848
13868
13874
13876
13878
13880
13897
13906
13914
13933
13953
13962
13971
13986
13987
13992
14019
14025
14040
14040
14048
14058
14059
14059
14061
14068
14074
14094
14104
14127
14153
14161
14169
14175
14181
14219
14220
14223
14236
14252
14253
14258
14258
14260
14263
14271
14273
14286
14288
14304
14309
14311
14315
14318
14336
14339
14362
14363
14367
14378
14391
14392
14394
14394
14398
14418
14420
14431
14431
14438
14440
14445
14461
14470
14476
14504
14513
14520
14538
14547
14551
14551
14552
14577
14579
14583
14611
14615
14616
14621
14649
14666
14683
14697
14706
14709
14710
14714
14726
14734
14746
14749
14752
14753
14760
14768
14772
14815
14822
14828
14847
14849
14869
14870
14873
14892
14925
14958
14970
14973
14979
14985
14986
14990
15004
15006
15009
15028
15038
15043
15047
15052
15055
15065
15074
15083
15091
15093
15102
15122
15128
15134
15159
15170
15180
15186
15186
15187
15187
15193
15199
15210
15212
15225
15240
15252
15272
15280
15295
15298
15328
15336
15368
15372
15384
15398
15407
15416
15418
15441
15445
15473
15485
15491
15525
15532
15537
15546
15552
15553
15572
15574
15587
15590
15604
15623
15631
15636
15639
15662
15682
15683
15684
15694
15698
15722
15741
15742
15748
15771
15772
15772
15779
15802
15812
15818
15821
15823
15833
15834
15836
15844
15863
15871
15876
15876
15878
15922
15928
15970
15990
15994
16006
16007
16024
16044
16056
16065
16071
16084
16095
16098
16106
16116
16116
16123
16127
16134
16136
16146
16148
16165
16166
16167
16168
16172
16174
16184
16188
16188
16188
16205
16232
16243
16245
16249
16262
16291
16301
16317
16320
16322
16329
16330
16336
16336
16362
16364
16372
16377
16387
16411
16424
16448
16452
16458
16460
16462
16478
16484
16491
16497
16498
16507
16508
16527
16531
16532
16540
16548
16551
16556
16559
16561
16561
16566
16567
16570
16573
16574
16576
16586
16620
16623
16656
16660
16663
16664
16681
16691
16694
16701
16706
16717
16737
16745
16760
16772
16774
16778
16785
16819
16820
16841
16849
16854
16856
16879
16913
16915
16921
16922
16923
16933
16940
16950
16954
16991
16992
17006
17025
17038
17043
17055
17068
17072
17074
17089
17094
17115
17126
17130
17134
17134
17147
17148
17150
17166
17175
17178
17197
17227
17234
17260
17266
17267
17268
17277
17280
17304
17326
17339
17352
17401
17406
17432
17433
17435
17446
17482
17498
17498
17514
17516
17519
17531
17532
17535
17545
17552
17560
17581
17587
17604
17604
17611
17622
17636
17638
17640
17643
17644
17649
17652
17670
17677
17685
17687
17695
17719
17724
17725
17739
17745
17749
17755
17758
17769
17821
17821
17823
17832
17847
17848
17855
17861
17899
17900
17902
17920
17921
17926
17940
17948
17951
17952
17960
17971
17972
17985
17986
17995
17996
18000
18016
18027
18033
18041
18061
18061
18070
18075
18077
18090
18114
18121
18130
18137
18140
18148
18152
18164
18186
18199
18204
18218
18219
18222
18227
18228
18235
18236
18254
18255
18256
18270
18276
18287
18299
18309
18315
18318
18321
18323
18366
18372
18398
18411
18413
18434
18449
18450
18476
18483
18488
18492
18493
18502
18523
18523
18531
18542
18545
18557
18567
18586
18594
18603
18618
18620
18623
18631
18644
18666
18672
18692
18692
18700
18710
18715
18721
18724
18726
18726
18740
18741
18748
18756
18758
18782
18797
18806
18807
18807
18808
18813
18838
18838
18846
18849
18849
18853
18868
18879
18880
18884
18886
18888
18900
18901
18912
18919
18921
18936
18967
18979
18987
19024
19044
19044
19046
19066
19073
19082
19084
19087
19114
19122
19123
19128
19147
19155
19169
19183
19196
19197
19199
19204
19204
19213
19237
19243
19273
19275
19278
19281
19285
19286
19288
19293
19301
19306
19323
19324
19327
19335
19343
19355
19356
19359
19367
19378
19384
19393
19394
19403
19404
19425
19444
19448
19450
19473
19490
19496
19515
19524
19530
19545
19546
19555
19561
19589
19601
19602
19612
19628
19629
19648
19649
19654
19656
19670
19688
19689
19693
19710
19718
19729
19736
19761
19779
19783
19798
19821
19833
19845
19850
19888
19938
19939
19948
19955
19984
19993
20005
20020
20025
20049
20053
20065
20066
20080
20089
20093
20096
20109
20115
20141
20142
20148
20168
20197
20228
20229
20230
20260
20268
20269
20274
20275
20277
20281
20295
20296
20303
20309
20313
20321
20347
20349
20369
20373
20374
20375
20388
20392
20415
20423
20431
20454
20460
20477
20491
20508
20508
20510
20536
20540
20542
20556
20558
20574
20576
20585
20588
20592
20621
20645
20651
20672
20678
20680
20691
20694
20699
20700
20706
20741
20743
20744
20762
20778
20787
20796
20800
20811
20834
20841
20848
20869
20879
20892
20893
20922
20932
20942
20962
20966
20980
20987
20995
20998
21034
21039
21051
21052
21070
21107
21114
21114
21116
21117
21126
21184
21189
21199
21200
21212
21218
21225
21261
21275
21278
21290
21303
21320
21325
21337
21337
21341
21378
21381
21388
21392
21407
21409
21412
21425
21428
21433
21438
21480
21480
21480
21481
21489
21490
21492
21497
21503
21507
21507
21527
21529
21551
21554
21559
21568
21582
21587
21624
21624
21632
21657
21659
21662
21668
21672
21675
21681
21687
21692
21697
21716
21741
21744
21763
21767
21778
21801
21817
21826
21829
21843
21850
21852
21855
21864
21866
21871
21877
21883
21900
21914
21923
21933
21938
21957
21957
21959
21972
21975
21980
21993
21996
22005
22013
22017
22025
22035
22048
22048
22049
22062
22080
22098
22145
22157
22158
22160
22164
22170
22172
22176
22187
22192
22202
22203
22205
22211
22216
22225
22232
22238
22250
22269
22282
22286
22292
22299
22305
22315
22331
22338
22338
22388
22393
22395
22414
22416
22422
22436
22439
22443
22444
22467
22471
22482
22491
22495
22519
22523
22529
22541
22548
22548
22559
22590
22603
22607
22615
22643
22656
22656
22661
22665
22672
22706
22715
22720
22731
22735
22743
22761
22772
22798
22817
22827
22841
22847
22880
22893
22905
22906
22941
22948
22972
22976
22978
22979
22985
22985
22992
22996
23002
23004
23024
23033
23042
23043
23044
23061
23081
23085
23092
23103
23118
23128
23149
23161
23161
23170
23199
23202
23231
23254
23255
23279
23280
23295
23315
23329
23331
23359
23365
23389
23397
23400
23408
23419
23420
23427
23454
23472
23480
23481
23486
23498
23503
23531
23577
23583
23598
23598
23605
23616
23635
23638
23647
23653
23658
23692
23724
23724
23740
23745
23769
23770
23777
23814
23849
23854
23855
23859
23867
23876
23883
23889
23895
23938
23942
23945
23953
23969
23970
23976
23981
23989
24003
24006
24019
24020
24021
24024
24037
24038
24045
24050
24050
24068
24080
24085
24108
24126
24136
24139
24147
24152
24165
24170
24170
24172
24173
24181
24183
24184
24185
24212
24212
24220
24231
24253
24264
24283
24296
24329
24354
24362
24366
24370
24375
24375
24381
24388
24388
24393
24396
24401
24407
24409
24416
24419
24425
24427
24444
24460
24462
24465
24483
24483
24494
24502
24508
24509
24519
24528
24546
24558
24574
24580
24597
24599
24604
24604
24624
24625
24627
24630
24631
24632
24633
24640
24658
24659
24663
24683
24695
24700
24718
24723
24733
24755
24779
24787
24789
24792
24792
24801
24805
24822
24833
24840
24843
24853
24872
24879
24898
24901
24903
24923
24932
24940
24941
24943
24958
24967
24990
24995
25032
25037
25042
25054
25056
25057
25058
25077
25080
25084
25090
25091
25110
25112
25123
25125
25132
25137
25144
25150
25159
25162
25181
25182
25215
25215
25220
25225
25232
25234
25244
25249
25253
25277
25284
25317
25344
25377
25379
25386
25387
25388
25394
25397
25404
25405
25405
25408
25416
25416
25434
25438
25465
25485
25485
25487
25492
25501
25503
25522
25538
25556
25572
25581
25590
25594
25608
25609
25634
25649
25651
25664
25670
25674
25674
25688
25703
25711
25720
25729
25739
25758
25760
25783
25806
25815
25816
25817
25830
25837
25838
25842
25843
25848
25870
25874
25911
25917
25918
25934
25934
25935
25945
25947
25950
25950
25952
25972
25983
26016
26025
26025
26029
26044
26061
26063
26064
26065
26068
26072
26089
26098
26099
26128
26128
26130
26141
26149
26150
26156
26172
26176
26198
26200
26202
26217
26222
26226
26232
26236
26249
26256
26271
26294
26318
26326
26328
26333
26336
26346
26353
26363
26370
26374
26392
26397
26399
26408
26411
26418
26420
26423
26424
26432
26436
26442
26457
26463
26484
26484
26488
26499
26502
26533
26552
26586
26589
26608
26649
26654
26663
26663
26665
26670
26699
26709
26713
26716
26719
26745
26745
26752
26757
26758
26768
26769
26777
26777
26780
26791
26791
26807
26829
26840
26855
26866
26868
26872
26875
26882
26891
26910
26926
26930
26953
26965
26965
26966
26968
26974
26975
26991
27017
27043
27046
27062
27075
27077
27093
27098
27100
27103
27105
27107
27123
27132
27134
27144
27148
27152
27160
27185
27193
27196
27210
27215
27235
27250
27254
27257
27273
27297
27297
27302
27325
27332
27335
27339
27340
27343
27357
27359
27363
27370
27388
27397
27414
27416
27430
27436
27437
27440
27443
27451
27453
27475
27495
27506
27512
27529
27532
27555
27565
27566
27566
27576
27576
27586
27623
27627
27630
27635
27645
27646
27654
27658
27689
27703
27705
27729
27730
27735
27738
27746
27750
27756
27758
27763
27765
27768
27783
27791
27801
27811
27821
27836
27870
27875
27880
27891
27896
27914
27923
27941
27954
27962
27988
27991
28013
28028
28028
28031
28045
28068
28069
28071
28087
28113
28117
28124
28128
28164
28170
28185
28204
28213
28218
28230
28251
28273
28277
28277
28284
28291
28303
28306
28313
28320
28322
28327
28328
28330
28337
28339
28339
28354
28373
28386
28389
28397
28409
28412
28421
28428
28438
28438
28438
28448
28469
28471
28473
28478
28482
28485
28492
28492
28504
28511
28538
28553
28557
28562
28564
28568
28575
28576
28585
28589
28594
28596
28600
28627
28633
28634
28667
28669
28675
28694
28703
28709
28726
28735
28735
28745
28753
28753
28757
28771
28772
28778
28795
28817
28828
28842
28851
28863
28865
28898
28903
28920
28920
28921
28926
28927
28928
28944
28957
28983
28989
28993
29012
29024
29032
29034
29042
29053
29063
29066
29094
29098
29123
29125
29128
29137
29145
29155
29161
29194
29201
29210
29211
29216
29225
29238
29241
29242
29246
29252
29257
29260
29269
29292
29300
29315
29353
29368
29375
29393
29402
29412
29417
29426
29434
29440
29447
29450
29454
29473
29484
29487
29505
29509
29512
29526
29533
29535
29541
29543
29544
29571
29582
29588
29591
29603
29606
29612
29629
29633
29638
29640
29640
29641
29645
29648
29648
29653
29673
29689
29690
29690
29701
29703
29708
29710
29714
29725
29728
29731
29731
29768
29775
29776
29784
29796
29806
29807
29808
29810
29811
29821
29825
29829
29834
29850
29854
29857
29874
29879
29880
29883
29887
29892
29898
29906
29909
29922
29933
29937
29939
29943
29947
29954
29957
29973
29987
29991
30003
30016
30020
30076
30088
30096
30111
30124
30137
30151
30157
30166
30174
30180
30193
30202
30225
30239
30246
30249
30269
30295
30296
30299
30326
30332
30340
30348
30353
30361
30382
30389
30389
30432
30439
30443
30448
30456
30463
30511
30518
30521
30523
30533
30556
30557
30560
30564
30571
30597
30601
30604
30610
30626
30665
30676
30695
30704
30734
30735
30751
30758
30765
30791
30796
30824
30830
30856
30866
30878
30878
30892
30898
30900
30902
30910
30915
30916
30929
30931
30940
30941
30955
30963
30987
30993
30994
31003
31003
31025
31034
31036
31043
31044
31047
31056
31056
31089
31095
31097
31105
31106
31117
31128
31130
31156
31157
31160
31161
31177
31180
31181
31187
31202
31220
31220
31226
31232
31244
31263
31265
31274
31312
31326
31330
31344
31346
31347
31361
31372
31391
31399
31399
31427
31434
31441
31442
31452
31452
31460
31462
31466
31481
31493
31495
31518
31523
31527
31541
31548
31558
31570
31578
31581
31590
31596
31599
31604
31615
31618
31633
31649
31660
31724
31727
31738
31755
31762
31766
31778
31778
31805
31812
31816
31825
31825
31841
31846
31853
31856
31864
31871
31884
31890
31907
31928
31930
31961
31966
31996
31997
32016
32032
32033
32065
32082
32088
32107
32119
32133
32142
32147
32159
32169
32172
32178
32181
32188
32192
32196
32197
32202
32205
32207
32208
32209
32214
32224
32231
32249
32251
32254
32257
32260
32264
32267
32277
32281
32296
32311
32351
32364
32378
32379
32381
32384
32387
32392
32423
32432
32452
32464
32467
32476
32490
32490
32523
32533
32533
32536
32538
32544
32548
32554
32562
32573
32574
32579
32581
32589
32592
32606
32614
32619
32620
32627
32628
32636
32649
32655
32669
32678
32681
32688
32714
32723
32724
32724
32747
32750
32765
32772
32777
32777
32782
32782
32784
32789
32790
32794
32798
32829
32838
32842
32846
32852
32874
32904
32907
32908
32917
32923
32928
32935
32941
32942
32944
32952
32953
32955
32956
32960
32964
32972
32973
32988
32989
32996
33004
33006
33011
33027
33031
33040
33042
33046
33063
33068
33074
33082
33090
33093
33096
33100
33120
33122
33133
33134
33138
33152
33155
33172
33177
33177
33181
33192
33200
33208
33219
33239
33244
33249
33266
33277
33292
33296
33312
33323
33325
33342
33343
33346
33363
33374
33403
33408
33409
33442
33447
33462
33476
33483
33484
33486
33488
33520
33528
33529
33531
33531
33540
33546
33548
33552
33564
33564
33566
33572
33593
33619
33625
33625
33626
33634
33639
33641
33679
33687
33700
33722
33750
33760
33787
33790
33798
33807
33817
33821
33834
33846
33846
33862
33864
33866
33894
33894
33900
33904
33937
33943
33956
33963
33971
33978
33998
34008
34012
34046
34073
34082
34098
34111
34120
34128
34128
34133
34135
34138
34142
34145
34147
34152
34175
34193
34195
34217
34218
34218
34232
34245
34274
34281
34287
34289
34301
34301
34317
34343
34352
34371
34380
34387
34389
34401
34417
34420
34423
34423
34427
34442
34463
34468
34486
34487
34500
34501
34507
34520
34530
34531
34534
34540
34543
34545
34549
34580
34596
34597
34603
34604
34618
34621
34623
34630
34630
34656
34674
34675
34677
34686
34687
34694
34701
34703
34712
34725
34740
34747
34759
34785
34786
34788
34815
34820
34822
34824
34831
34835
34840
34864
34865
34871
34873
34876
34880
34885
34890
34890
34906
34908
34916
34933
34945
34952
34960
35024
35043
35046
35062
35067
35072
35072
35077
35079
35089
35102
35117
35122
35165
35221
35231
35254
35268
35271
35282
35291
35296
35353
35357
35394
35411
35422
35422
35427
35451
35455
35457
35465
35490
35505
35515
35518
35519
35522
35528
35528
35550
35556
35596
35604
35609
35609
35612
35619
35626
35631
35649
35656
35682
35696
35697
35698
35699
35735
35756
35768
35777
35779
35782
35793
35811
35818
35835
35895
35900
35918
35940
35947
35948
35953
35973
35976
35993
36001
36006
36015
36019
36022
36052
36058
36059
36063
36084
36086
36087
36093
36105
36122
36122
36155
36160
36177
36178
36189
36204
36211
36233
36237
36239
36242
36249
36250
36251
36259
36277
36277
36283
36306
36308
36311
36323
36331
36336
36356
36363
36377
36378
36390
36390
36395
36397
36402
36402
36403
36414
36415
36420
36430
36437
36438
36452
36463
36469
36471
36475
36478
36482
36500
36502
36512
36532
36535
36535
36545
36546
36549
36558
36563
36567
36570
36574
36575
36600
36609
36650
36652
36670
36676
36679
36697
36739
36746
36747
36760
36766
36787
36795
36797
36812
36814
36836
36847
36848
36859
36891
36896
36910
36923
36937
36939
36955
36970
36992
36995
36996
37000
37002
37015
37016
37020
37029
37043
37054
37067
37075
37083
37083
37091
37115
37120
37146
37156
37176
37177
37186
37189
37192
37193
37195
37199
37205
37211
37235
37241
37248
37265
37275
37275
37287
37288
37296
37303
37304
37309
37332
37339
37347
37353
37356
37364
37368
37383
37389
37409
37417
37418
37421
37431
37445
37447
37448
37455
37473
37514
37527
37536
37538
37557
37575
37576
37576
37579
37583
37584
37587
37610
37626
37647
37654
37655
37663
37687
37688
37693
37695
37717
37733
37744
37745
37747
37760
37760
37762
37766
37769
37769
37771
37795
37796
37804
37804
37804
37814
37819
37824
37841
37847
37862
37867
37869
37882
37885
37886
37889
37895
37904
37904
37916
37920
37924
37927
37929
37933
37938
37955
37963
37971
37971
37988
37989
37999
38010
38012
38013
38023
38025
38032
38036
38037
38049
38059
38070
38116
38130
38149
38157
38161
38164
38169
38169
38177
38204
38209
38247
38257
38267
38267
38268
38268
38278
38301
38302
38323
38346
38357
38371
38372
38386
38405
38411
38416
38425
38430
38442
38442
38445
38460
38492
38496
38502
38507
38515
38519
38521
38530
38545
38546
38560
38575
38583
38587
38588
38600
38603
38604
38609
38637
38644
38649
38669
38678
38686
38688
38691
38693
38731
38740
38742
38743
38752
38754
38764
38767
38785
38787
38793
38804
38808
38820
38822
38839
38848
38854
38860
38862
38867
38876
38895
38903
38916
38930
38935
38942
38952
38961
38999
39002
39020
39034
39036
39045
39075
39080
39085
39093
39096
39113
39118
39145
39147
39149
39163
39163
39195
39198
39201
39207
39207
39215
39231
39251
39253
39265
39268
39275
39276
39276
39278
39281
39308
39324
39335
39335
39339
39348
39370
39377
39378
39379
39387
39389
39404
39406
39417
39428
39437
39440
39463
39468
39474
39476
39505
39505
39512
39530
39533
39539
39546
39557
39564
39564
39566
39581
39586
39592
39595
39625
39643
39651
39653
39654
39664
39671
39675
39675
39719
39721
39734
39739
39754
39754
39761
39771
39780
39781
39784
39787
39806
39814
39815
39832
39833
39834
39840
39847
39857
39875
39875
39880
39889
39896
39913
39934
39937
39938
39966
39974
39980
39993
39997
40006
40008
40011
40019
40036
40053
40070
40095
40096
40097
40098
40102
40115
40115
40116
40120
40127
40128
40144
40156
40165
40178
40181
40220
40258
40273
40276
40279
40308
40312
40316
40316
40326
40332
40337
40345
40363
40373
40374
40375
40378
40416
40419
40420
40421
40422
40422
40425
40433
40434
40436
40440
40442
40469
40476
40480
40490
40497
40522
40526
40530
40532
40543
40544
40555
40564
40565
40568
40574
40581
40587
40595
40595
40603
40607
40609
40613
40628
40631
40632
40656
40660
40669
40670
40729
40736
40763
40770
40784
40789
40808
40812
40816
40840
40844
40854
40859
40878
40891
40894
40897
40913
40917
40924
40926
40929
40929
40972
40988
41006
41059
41067
41071
41076
41090
41092
41109
41118
41131
41145
41146
41161
41169
41170
41171
41179
41196
41203
41210
41220
41227
41233
41269
41281
41282
41306
41318
41321
41333
41352
41352
41352
41360
41365
41377
41377
41383
41388
41396
41400
41401
41409
41431
41433
41439
41443
41459
41475
41487
41502
41504
41524
41558
41560
41569
41577
41578
41595
41602
41604
41617
41628
41649
41674
41687
41708
41714
41728
41732
41747
41754
41756
41762
41767
41780
41781
41792
41794
41801
41801
41815
41829
41840
41848
41860
41862
41863
41883
41894
41926
41929
41933
41937
41942
41946
41951
41955
41964
41970
41974
41987
41994
42020
42033
42037
42042
42058
42068
42071
42077
42078
42083
42086
42106
42122
42132
42158
42172
42184
42191
42203
42206
42209
42210
42222
42232
42238
42275
42277
42278
42282
42289
42319
42327
42361
42387
42392
42393
42435
42439
42446
42446
42456
42459
42462
42467
42470
42488
42494
42497
42522
42541
42545
42552
42563
42570
42576
42577
42586
42599
42601
42610
42616
42634
42635
42644
42657
42664
42669
42684
42686
42691
42691
42701
42725
42740
42756
42757
42765
42789
42797
42800
42828
42832
42833
42840
42871
42890
42890
42891
42907
42910
42914
42916
42923
42928
42931
42932
42934
42958
42964
42964
42970
42978
42989
43001
43012
43023
43027
43050
43053
43060
43064
43077
43084
43092
43108
43125
43147
43155
43161
43172
43173
43178
43201
43214
43218
43227
43231
43266
43291
43296
43299
43322
43324
43330
43344
43354
43356
43358
43370
43373
43375
43379
43382
43398
43404
43415
43415
43431
43437
43438
43450
43455
43464
43474
43477
43481
43488
43520
43529
43552
43556
43566
43577
43581
43589
43591
43597
43607
43631
43642
43646
43673
43681
43689
43692
43693
43694
43695
43713
43735
43757
43771
43772
43779
43818
43841
43845
43850
43859
43861
43877
43888
43889
43896
43906
43909
43911
43911
43942
43946
43953
43956
43973
43977
43991
44011
44013
44019
44019
44021
44031
44034
44036
44062
44064
44067
44072
44072
44078
44080
44085
44101
44109
44113
44121
44135
44143
44147
44147
44148
44152
44156
44172
44180
44185
44188
44188
44191
44192
44192
44193
44194
44219
44224
44237
44258
44273
44295
44304
44324
44327
44328
44343
44354
44357
44363
44365
44366
44380
44434
44445
44452
44455
44480
44484
44488
44490
44499
44500
44514
44516
44519
44519
44535
44545
44548
44555
44562
44562
44580
44581
44583
44596
44598
44621
44647
44649
44657
44660
44661
44661
44691
44705
44713
44721
44729
44730
44734
44737
44737
44741
44742
44745
44750
44754
44754
44755
44756
44781
44785
44819
44829
44837
44853
44856
44881
44884
44889
44890
44908
44914
44915
44923
44935
44940
44942
44957
44967
44977
44978
44999
45003
45006
45006
45007
45020
45040
45053
45061
45097
45100
45112
45121
45123
45135
45156
45156
45176
45190
45210
45219
45220
45239
45245
45259
45260
45273
45290
45294
45307
45315
45317
45322
45341
45353
45358
45389
45392
45393
45397
45407
45408
45410
45414
45433
45453
45466
45467
45469
45470
45473
45473
45492
45492
45493
45494
45502
45508
45517
45540
45543
45546
45546
45570
45571
45593
45603
45604
45604
45606
45611
45618
45626
45633
45640
45643
45643
45658
45676
45686
45688
45692
45713
45722
45733
45733
45735
45742
45744
45767
45776
45780
45781
45783
45788
45792
45793
45801
45805
45816
45823
45823
45824
45827
45830
45835
45842
45859
45863
45871
45872
45875
45878
45882
45906
45908
45940
45951
45967
45981
45983
46009
46012
46039
46042
46054
46063
46085
46089
46100
46101
46120
46141
46156
46163
46173
46189
46192
46196
46205
46227
46237
46248
46259
46260
46273
46273
46305
46313
46331
46336
46341
46349
46354
46354
46361
46378
46387
46393
46395
46403
46404
46411
46413
46415
46416
46420
46436
46436
46438
46442
46450
46476
46482
46489
46490
46493
46511
46519
46525
46533
46540
46543
46553
46554
46580
46581
46591
46604
46607
46630
46640
46647
46651
46671
46673
46703
46704
46705
46715
46733
46742
46743
46757
46763
46766
46778
46780
46784
46810
46820
46832
46839
46842
46855
46861
46865
46873
46879
46901
46926
46928
46934
46938
46973
46973
46982
46983
47000
47005
47008
47010
47019
47027
47028
47032
47043
47050
47057
47063
47071
47075
47092
47096
47111
47114
47119
47131
47133
47144
47147
47160
47168
47170
47172
47189
47197
47198
47207
47207
47220
47245
47255
47267
47281
47295
47301
47304
47307
47312
47317
47328
47332
47351
47355
47356
47403
47424
47425
47426
47434
47439
47463
47465
47477
47478
47483
47484
47485
47502
47513
47531
47542
47549
47553
47555
47561
47570
47574
47583
47589
47606
47620
47622
47624
47630
47639
47647
47650
47698
47700
47708
47714
47714
47715
47715
47738
47760
47778
47785
47788
47799
47808
47818
47820
47847
47859
47861
47868
47869
47874
47895
47905
47920
47920
47921
47966
47966
47975
47978
47983
48005
48029
48031
48054
48076
48080
48082
48083
48086
48087
48106
48122
48122
48123
48123
48125
48138
48153
48158
48159
48165
48169
48173
48189
48202
48207
48224
48225
48251
48256
48265
48268
48274
48279
48285
48315
48319
48320
48333
48338
48346
48348
48349
48371
48372
48375
48391
48392
48392
48412
48429
48431
48434
48437
48440
48441
48443
48476
48480
48485
48489
48495
48497
48498
48507
48545
48545
48568
48575
48580
48589
48590
48595
48598
48599
48599
48603
48609
48610
48611
48626
48633
48637
48641
48642
48642
48648
48675
48715
48724
48740
48743
48766
48770
48786
48814
48822
48830
48843
48861
48866
48867
48868
48872
48878
48918
48929
48930
48962
48970
48976
48981
48995
49004
49007
49013
49036
49048
49051
49063
49065
49070
49070
49085
49087
49097
49108
49114
49121
49124
49126
49146
49155
49161
49163
49165
49179
49179
49188
49193
49195
49210
49213
49213
49218
49224
49232
49242
49252
49264
49265
49277
49277
49279
49289
49293
49295
49306
49309
49328
49338
49351
49376
49381
49387
49391
49394
49407
49414
49422
49425
49430
49435
49441
49459
49463
49466
49470
49472
49473
49490
49492
49503
49504
49514
49518
49519
49532
49535
49542
49551
49577
49577
49580
49587
49603
49611
49614
49615
49634
49637
49638
49647
49657
49657
49658
49660
49663
49701
49703
49714
49716
49770
49783
49786
49800
49802
49809
49819
49837
49847
49853
49860
49863
49867
49877
49886
49909
49931
49932
49943
49952
49954
49969
49976
49981
49983
49990
49992
49998
50011
50025
50030
50032
50046
50054
50062
50074
50089
50089
50090
50090
50095
50101
50117
50119
50121
50137
50164
50168
50183
50202
50207
50207
50218
50219
50223
50227
50233
50244
50246
50256
50257
50259
50268
50271
50276
50285
50285
50289
50290
50316
50318
50320
50323
50324
50341
50354
50363
50393
50402
50406
50424
50425
50431
50441
50441
50450
50464
50465
50465
50473
50473
50474
50488
50489
50496
50500
50500
50518
50521
50522
50523
50525
50527
50529
50547
50558
50563
50577
50583
50607
50610
50631
50644
50652
50655
50660
50662
50668
50671
50677
50689
50691
50700
50711
50714
50723
50727
50727
50729
50735
50760
50773
50777
50794
50796
50837
50844
50857
50860
50863
50865
50866
50867
50876
50887
50892
50896
50897
50928
50944
50951
50957
50964
50972
50987
51006
51020
51021
51023
51038
51043
51044
51081
51089
51092
51093
51112
51113
51117
51127
51136
51141
51160
51172
51175
51201
51203
51237
51264
51265
51267
51276
51280
51283
51287
51301
51306
51306
51308
51316
51319
51337
51342
51368
51413
51431
51443
51456
51461
51465
51479
51505
51507
51535
51538
51556
51568
51576
51578
51593
51599
51611
51616
51627
51636
51638
51654
51659
51665
51691
51704
51716
51718
51722
51726
51737
51739
51747
51753
51764
51767
51788
51802
51804
51818
51824
51845
51855
51858
51865
51868
51868
51886
51891
51892
51910
51911
51914
51928
51944
51950
51960
51962
51989
51990
51997
52009
52019
52020
52021
52026
52037
52048
52052
52057
52080
52086
52100
52104
52108
52119
52131
52132
52142
52148
52156
52160
52167
52173
52184
52251
52256
52261
52266
52268
52271
52272
52290
52307
52310
52314
52320
52344
52365
52371
52380
52382
52395
52397
52414
52476
52483
52492
52503
52506
52522
52523
52539
52539
52549
52569
52571
52574
52578
52583
52584
52585
52587
52603
52606
52645
52653
52657
52662
52666
52666
52679
52710
52710
52713
52727
52748
52759
52762
52782
52787
52795
52798
52800
52808
52821
52823
52826
52829
52830
52844
52860
52883
52891
52891
52899
52925
52934
52941
52944
52979
52983
53012
53037
53059
53059
53061
53065
53066
53068
53110
53130
53134
53139
53158
53184
53186
53189
53192
53198
53202
53220
53226
53231
53243
53264
53266
53276
53280
53282
53284
53289
53337
53354
53366
53368
53381
53417
53419
53421
53429
53442
53453
53464
53486
53487
53491
53493
53518
53529
53536
53555
53561
53566
53579
53590
53632
53658
53664
53666
53668
53672
53687
53689
53696
53702
53708
53712
53716
53725
53739
53767
53780
53814
53824
53834
53844
53868
53872
53879
53886
53929
53933
53949
53955
53968
53980
53991
53996
54003
54006
54015
54019
54021
54024
54026
54027
54032
54051
54052
54062
54069
54075
54084
54097
54110
54115
54122
54134
54138
54150
54150
54165
54189
54203
54222
54225
54232
54251
54253
54264
54273
54280
54292
54302
54302
54317
54318
54323
54345
54361
54361
54362
54371
54373
54386
54389
54413
54425
54460
54477
54486
54493
54497
54500
54515
54535
54549
54559
54578
54578
54586
54605
54607
54613
54617
54619
54624
54636
54642
54647
54654
54658
54663
54665
54669
54673
54691
54699
54748
54758
54763
54768
54772
54772
54777
54788
54805
54806
54823
54834
54836
54840
54885
54887
54895
54896
54905
54915
54919
54922
54925
54931
54931
54951
54957
54960
54970
54985
54989
54994
55002
55004
55010
55019
55027
55028
55029
55047
55056
55056
55065
55087
55091
55114
55116
55141
55141
55185
55187
55201
55228
55231
55234
55237
55240
55244
55250
55251
55264
55288
55292
55300
55313
55320
55329
55354
55360
55387
55388
55389
55391
55401
55419
55421
55426
55432
55450
55456
55467
55471
55480
55484
55484
55497
55499
55502
55522
55525
55529
55548
55549
55564
55578
55600
55601
55607
55611
55616
55618
55647
55659
55678
55680
55683
55689
55704
55708
55712
55716
55739
55741
55748
55753
55781
55804
55806
55819
55824
55861
55873
55876
55879
55888
55915
55929
55939
55944
55947
55973
56002
56017
56019
56022
56034
56039
56054
56062
56067
56071
56077
56093
56100
56112
56112
56125
56131
56142
56145
56165
56170
56180
56180
56189
56221
56223
56228
56228
56256
56262
56272
56277
56292
56295
56305
56305
56306
56313
56313
56318
56322
56329
56341
56354
56355
56357
56372
56376
56400
56411
56437
56441
56457
56458
56462
56465
56468
56478
56479
56482
56483
56497
56500
56509
56513
56526
56533
56552
56557
56566
56608
56615
56631
56634
56648
56661
56672
56684
56689
56695
56699
56699
56700
56701
56710
56718
56729
56739
56746
56751
56751
56771
56777
56779
56785
56798
56809
56823
56835
56840
56852
56867
56868
56879
56879
56892
56902
56924
56929
56933
56934
56934
56936
56943
56944
56955
56969
57009
57010
57028
57040
57045
57052
57083
57102
57107
57114
57116
57118
57133
57141
57148
57148
57152
57157
57165
57171
57179
57188
57206
57213
57221
57227
57232
57234
57266
57273
57275
57301
57301
57310
57311
57311
57337
57340
57374
57376
57386
57404
57415
57415
57419
57443
57456
57461
57465
57467
57470
57502
57510
57517
57521
57522
57529
57530
57534
57538
57539
57539
57546
57560
57567
57600
57602
57604
57620
57635
57643
57645
57678
57689
57690
57697
57712
57715
57727
57743
57748
57762
57768
57779
57780
57780
57783
57791
57799
57816
57818
57824
57830
57836
57853
57854
57887
57929
57937
57949
57953
57967
57983
58006
58024
58046
58055
58055
58073
58085
58086
58111
58116
58129
58136
58137
58141
58153
58157
58198
58215
58226
58243
58258
58258
58265
58271
58281
58287
58294
58297
58298
58298
58313
58318
58319
58319
58321
58333
58341
58363
58369
58385
58386
58389
58391
58394
58417
58421
58422
58425
58430
58439
58451
58465
58473
58475
58490
58493
58498
58510
58515
58521
58522
58528
58528
58539
58546
58550
58555
58562
58564
58567
58589
58591
58604
58611
58622
58625
58654
58676
58694
58747
58749
58751
58757
58764
58775
58780
58790
58818
58825
58850
58851
58854
58860
58881
58884
58886
58888
58916
58917
58933
58967
58972
58981
58987
58998
59002
59009
59027
59036
59041
59041
59051
59057
59068
59073
59116
59122
59127
59141
59145
59154
59159
59163
59164
59172
59173
59178
59194
59196
59201
59203
59207
59214
59221
59234
59234
59237
59250
59260
59267
59308
59315
59327
59338
59343
59355
59361
59364
59368
59369
59393
59399
59407
59411
59411
59428
59445
59452
59458
59478
59486
59508
59513
59514
59534
59536
59545
59560
59561
59562
59563
59594
59600
59605
59615
59626
59628
59663
59686
59689
59694
59696
59697
59698
59717
59717
59723
59751
59753
59757
59760
59771
59774
59782
59782
59811
59815
59829
59839
59840
59846
59860
59884
59887
59888
59891
59896
59955
59958
59958
59982
59984
59999
60047
60059
60091
60092
60105
60105
60128
60141
60148
60153
60155
60159
60197
60206
60218
60219
60220
60229
60235
60243
60247
60253
60257
60264
60265
60274
60284
60285
60286
60292
60307
60342
60349
60354
60355
60388
60406
60416
60417
60431
60432
60442
60461
60466
60468
60490
60491
60495
60496
60506
60511
60530
60535
60543
60548
60571
60583
60592
60594
60600
60611
60617
60622
60633
60636
60657
60663
60679
60713
60719
60727
60732
60738
60744
60750
60760
60762
60768
60777
60796
60805
60809
60812
60812
60818
60823
60829
60844
60867
60891
60891
60901
60902
60902
60905
60910
60917
60933
60955
60961
60972
60981
60988
61001
61002
61012
61021
61025
61031
61050
61053
61056
61059
61079
61091
61094
61107
61119
61130
61131
61135
61150
61150
61152
61152
61153
61185
61193
61209
61217
61220
61220
61222
61224
61237
61267
61277
61298
61298
61300
61313
61313
61315
61318
61335
61339
61348
61349
61357
61380
61380
61386
61389
61402
61403
61429
61442
61450
61461
61464
61468
61476
61479
61481
61489
61490
61505
61516
61519
61524
61533
61545
61548
61568
61570
61570
61595
61596
61621
61621
61629
61632
61650
61652
61660
61661
61680
61683
61703
61707
61720
61739
61743
61743
61746
61750
61758
61779
61787
61800
61816
61817
61818
61819
61826
61837
61840
61897
61923
61937
61957
61958
61960
61975
61984
62001
62019
62022
62028
62051
62059
62064
62081
62093
62099
62099
62101
62116
62117
62119
62132
62140
62146
62160
62168
62171
62174
62202
62212
62214
62223
62238
62238
62243
62263
62264
62286
62293
62302
62317
62319
62324
62324
62331
62349
62368
62369
62422
62437
62441
62441
62442
62455
62460
62466
62470
62472
62474
62481
62486
62486
62502
62508
62511
62522
62528
62536
62543
62547
62548
62553
62563
62566
62587
62597
62603
62607
62608
62615
62637
62638
62647
62654
62655
62658
62663
62664
62676
62716
62721
62734
62739
62743
62745
62756
62760
62765
62766
62772
62783
62789
62798
62801
62810
62813
62829
62841
62841
62851
62855
62862
62862
62866
62876
62877
62893
62922
62948
62953
62962
62967
62976
62976
62977
62986
62987
62987
62987
63006
63014
63017
63019
63059
63060
63072
63084
63099
63118
63126
63142
63149
63150
63161
63170
63170
63178
63179
63180
63196
63206
63240
63244
63250
63270
63282
63286
63295
63296
63308
63309
63314
63325
63331
63341
63347
63364
63364
63366
63377
63378
63402
63422
63430
63441
63446
63446
63452
63460
63488
63499
63517
63517
63518
63528
63533
63539
63540
63549
63559
63592
63611
63620
63628
63636
63655
63671
63691
63695
63702
63703
63708
63710
63717
63746
63747
63811
63811
63812
63812
63821
63824
63824
63824
63830
63854
63862
63864
63869
63889
63893
63910
63922
63924
63927
63939
63951
63952
63953
63969
63977
64015
64022
64029
64030
64037
64044
64055
64065
64069
64079
64086
64128
64169
64175
64180
64181
64183
64186
64193
64216
64218
64240
64246
64260
64267
64272
64274
64303
64320
64353
64371
64380
64395
64398
64420
64421
64425
64426
64439
64441
64443
64513
64526
64527
64539
64542
64548
64551
64568
64571
64572
64573
64586
64614
64622
64634
64634
64641
64654
64657
64663
64674
64717
64723
64726
64731
64734
64736
64739
64741
64753
64792
64794
64800
64802
64843
64847
64855
64855
64878
64946
64957
64958
64967
64978
64980
64994
64997
65000
65000
65012
65019
65037
65041
65047
65050
65051
65056
65071
65082
65082
65083
65110
65111
65138
65154
65176
65179
65183
65198
65218
65241
65248
65253
65256
65265
65270
65289
65294
65308
65315
65316
65316
65321
65331
65337
65355
65356
65360
65369
65380
65402
65408
65420
65458
65458
65462
65482
65486
65488
65514
65521
65523
65531
65546
65594
65641
65658
65673
65705
65710
65717
65762
65773
65776
65781
65790
65798
65814
65815
65822
65833
65860
65863
65863
65872
65880
65894
65906
65907
65908
65920
65925
65925
65925
65928
65939
65968
65970
65975
65981
65982
66006
66011
66014
66018
66021
66023
66026
66036
66056
66064
66076
66107
66109
66109
66114
66123
66125
66142
66152
66170
66172
66198
66205
66208
66208
66211
66213
66215
66217
66219
66226
66234
66235
66239
66245
66245
66281
66285
66285
66288
66291
66298
66307
66317
66325
66327
66342
66351
66357
66367
66373
66374
66386
66415
66436
66449
66460
66471
66496
66497
66501
66508
66510
66520
66535
66547
66562
66569
66569
66582
66622
66622
66623
66629
66633
66656
66667
66684
66697
66701
66707
66726
66728
66730
66734
66735
66752
66760
66763
66763
66767
66771
66775
66776
66783
66806
66808
66812
66826
66829
66859
66865
66867
66870
66885
66887
66896
66905
66915
66921
66924
66940
66941
66942
66948
66961
66976
66980
66982
66994
67002
67004
67016
67025
67029
67032
67045
67052
67060
67083
67134
67153
67155
67155
67195
67195
67199
67208
67214
67231
67236
67236
67239
67241
67245
67252
67268
67271
67271
67282
67285
67290
67299
67317
67342
67346
67352
67363
67388
67389
67394
67403
67407
67409
67412
67427
67432
67434
67437
67451
67455
67460
67468
67472
67477
67479
67498
67499
67500
67504
67506
67511
67516
67518
67525
67532
67540
67552
67558
67559
67562
67563
67570
67574
67577
67580
67593
67609
67613
67615
67630
67635
67689
67689
67694
67703
67717
67736
67764
67770
67804
67805
67816
67816
67818
67827
67834
67858
67865
67870
67888
67893
67901
67902
67906
67906
67909
67910
67925
67944
67946
67962
67983
67993
67997
68000
68012
68023
68023
68034
68034
68040
68051
68067
68074
68081
68098
68098
68099
68100
68110
68130
68141
68142
68144
68160
68168
68224
68232
68250
68269
68272
68283
68290
68296
68313
68316
68339
68362
68370
68389
68392
68407
68417
68418
68433
68453
68455
68486
68493
68495
68506
68524
68526
68528
68535
68548
68562
68569
68580
68584
68585
68586
68588
68596
68601
68623
68628
68629
68636
68638
68650
68655
68688
68689
68692
68696
68697
68698
68710
68710
68713
68732
68760
68761
68766
68767
68771
68788
68799
68806
68817
68819
68826
68826
68836
68840
68842
68856
68858
68884
68892
68897
68897
68915
68933
68945
68956
68959
68961
68970
68973
68996
68999
69006
69006
69007
69014
69015
69036
69043
69055
69057
69062
69064
69069
69091
69113
69132
69144
69152
69152
69155
69168
69168
69193
69197
69209
69221
69225
69234
69241
69242
69254
69255
69257
69260
69262
69271
69290
69294
69302
69320
69337
69351
69358
69364
69365
69369
69376
69381
69384
69387
69414
69429
69447
69465
69479
69482
69485
69493
69493
69494
69500
69507
69511
69521
69529
69539
69550
69555
69560
69564
69578
69580
69584
69590
69595
69598
69605
69607
69635
69644
69645
69650
69655
69663
69664
69675
69676
69706
69709
69714
69715
69729
69731
69739
69743
