14
25
40
43
50
85
90
103
103
121
147
183
185
190
191
203
207
218
249
255
264
264
270
278
284
291
312
314
319
320
398
411
440
450
461
478
491
496
496
498
507
511
550
554
555
584
587
590
626
631
641
644
648
660
675
679
698
711
725
741
797
818
837
842
850
853
882
886
894
906
954
975
994
996
1007
1016
1060
1060
1065
1095
1118
1152
1165
1169
1171
1216
1217
1244
1266
1270
1284
1287
1317
1320
1371
1374
1382
1400
1408
1413
1414
1420
1457
1459
1469
1473
1487
1499
1503
1504
1510
1514
1519
1521
1528
1540
1603
1607
1608
1612
1615
1645
1659
1678
1686
1703
1705
1741
1748
1757
1762
1777
1788
1807
1812
1824
1835
1838
1839
1854
1860
1864
1912
1919
1930
1945
1950
1955
2022
2029
2049
2074
2078
2081
2082
2126
2138
2145
2148
2157
2183
2197
2199
2227
2254
2259
2291
2293
2300
2306
2310
2340
2346
2392
2404
2423
2430
2432
2506
2511
2529
2529
2543
2581
2593
2611
2618
2625
2673
2688
2704
2718
2729
2744
2757
2759
2759
2790
2794
2826
2833
2869
2875
2890
2899
2910
2912
2923
2968
2978
2997
3031
3035
3046
3066
3069
3092
3124
3132
3134
3157
3158
3164
3171
3172
3179
3217
3221
3252
3300
3301
3306
3315
3365
3393
3404
3407
3458
3468
3489
3492
3513
3529
3535
3544
3547
3567
3580
3600
3613
3622
3646
3692
3695
3699
3732
3746
3747
3765
3767
3776
3783
3794
3801
3836
3849
3851
3856
3860
3861
3868
3882
3898
3904
3965
3991
3992
3998
4011
4013
4018
4035
4047
4076
4099
4104
4114
4171
4185
4190
4197
4225
4274
4319
4325
4337
4380
4453
4460
4473
4492
4496
4505
4540
4561
4573
4609
4633
4637
4649
4657
4678
4688
4698
4705
4713
4718
4724
4742
4754
4778
4782
4796
4796
4805
4852
4855
4878
4888
4912
4930
4963
4973
4993
5009
5012
5014
5017
5022
5030
5030
5041
5069
5071
5118
5125
5140
5151
5159
5166
5170
5227
5235
5244
5246
5255
5291
5295
5324
5356
5436
5449
5496
5502
5527
5559
5583
5599
5616
5635
5641
5686
5706
5745
5749
5767
5781
5784
5811
5818
5827
5828
5831
5864
5905
5940
5956
5959
5961
5970
5993
6008
6013
6021
6028
6029
6044
6050
6098
6104
6116
6153
6154
6156
6176
6179
6191
6197
6201
6221
6248
6251
6261
6269
6269
6337
6367
6392
6402
6418
6422
6425
6429
6429
6442
6464
6481
6490
6517
6547
6569
6574
6624
6636
6648
6657
6666
6674
6695
6702
6704
6705
6734
6742
6744
6750
6772
6782
6810
6813
6842
6872
6938
6963
6974
6974
6985
6985
7000
7010
7031
7050
7082
7101
7136
7154
7159
7173
7184
7185
7198
7212
7235
7269
7270
7275
7277
7289
7318
7372
7434
7446
7449
7477
7545
7555
7557
7563
7585
7588
7617
7628
7640
7642
7687
7707
7721
7754
7772
7776
7788
7804
7820
7833
7856
7856
7873
7873
7877
7882
7900
7903
7905
7911
7911
7948
7982
7986
7988
7994
8026
8036
8082
8095
8100
8136
8149
8150
8160
8171
8176
8221
8284
8285
8310
8315
8331
8356
8391
8401
8424
8453
8460
8464
8468
8491
8507
8520
8527
8530
8569
8578
8582
8588
8632
8699
8714
8725
8729
8740
8740
8741
8743
8779
8783
8816
8816
8848
8855
8856
8880
8887
8898
8909
8925
8947
8991
9000
9008
9010
9017
9031
9047
9050
9082
9085
9098
9105
9126
9161
9165
9166
9188
9188
9226
9263
9284
9290
9299
9307
9308
9355
9357
9377
9380
9384
9389
9391
9392
9441
9452
9478
9494
9522
9556
9559
9559
9570
9600
9621
9668
9670
9671
9673
9715
9722
9726
9761
9815
9833
9852
9864
9882
9921
9924
9929
9945
9949
9956
9961
10030
10032
10040
10082
10087
10087
10088
10096
10132
10136
10142
10193
10199
10243
10260
10273
10293
10293
10299
10319
10336
10357
10379
10393
10427
10439
10450
10458
10465
10492
10495
10499
10512
10518
10532
10535
10570
10578
10598
10622
10637
10652
10653
10660
10664
10691
10696
10720
10724
10760
10813
10819
10827
10829
10844
10846
10847
10856
10934
10957
10985
11016
11037
11075
11075
11095
11105
11107
11127
11135
11151
11206
11208
11216
11217
11219
11235
11263
11285
11300
11311
11324
11330
11336
11362
11391
11398
11415
11423
11429
11437
11446
11451
11464
11483
11501
11529
11538
11554
11579
11584
11589
11638
11658
11665
11665
11679
11710
11714
11718
11735
11736
11750
11778
11778
11793
11799
11805
11831
11832
11835
11852
11865
11867
11884
11927
11953
11964
11975
11984
12074
12076
12083
12086
12087
12105
12147
12151
12158
12171
12180
12220
12227
12233
12241
12249
12253
12297
12308
12393
12419
12426
12468
12478
12486
12547
12550
12559
12576
12591
12645
12650
12655
12659
12668
12709
12719
12731
12763
12767
12773
12797
12808
12812
12813
12816
12819
12860
12873
12884
12895
12909
12926
12952
12952
12971
12972
12974
12982
12989
12998
13059
13060
13104
13109
13122
13132
13134
13172
13204
13208
13223
13228
13234
13292
13298
13316
13321
13339
13364
13388
13403
13445
13481
13487
13499
13538
13541
13574
13579
13587
13592
13628
13643
13648
13655
13667
13671
13679
13688
13719
13720
13785
13792
13876
13886
13912
13920
13938
13938
13951
13965
13969
13982
13990
13997
14008
14018
14046
14060
14073
14075
14079
14086
14091
14103
14117
14125
14126
14130
14135
14139
14144
14163
14173
14178
14188
14188
14190
14192
14193
14221
14223
14225
14225
14251
14297
14315
14341
14354
14360
14396
14400
14402
14406
14409
14415
14424
14469
14477
14487
14527
14529
14553
14558
14586
14630
14633
14640
14678
14695
14695
14701
14717
14725
14735
14765
14778
14834
14852
14884
14892
14903
14925
14954
15016
15019
15020
15059
15065
15131
15131
15137
15146
15152
15167
15187
15215
15220
15245
15284
15309
15312
15312
15316
15345
15359
15366
15378
15392
15404
15442
15448
15463
15520
15553
15559
15577
15619
15631
15683
15705
15707
15733
15745
15760
15762
15772
15790
15795
15807
15808
15812
15828
15841
15865
15870
15871
15915
15917
15936
15938
15944
15956
15958
15985
15994
16001
16006
16010
16037
16038
16045
16055
16059
16066
16087
16097
16121
16130
16187
16262
16292
16307
16309
16310
16329
16351
16391
16395
16412
16416
16439
16447
16449
16456
16493
16519
16522
16583
16588
16613
16619
16662
16665
16693
16703
16708
16727
16746
16788
16796
16804
16827
16831
16835
16863
16874
16877
16882
16891
16895
16899
16908
16943
16961
16968
17023
17067
17076
17080
17119
17134
17140
17145
17163
17184
17185
17209
17226
17252
17253
17253
17266
17282
17282
17300
17305
17348
17358
17431
17444
17484
17505
17515
17522
17538
17591
17606
17635
17649
17668
17674
17675
17684
17685
17687
17715
17715
17733
17774
17790
17792
17832
17862
17866
17883
17888
17896
17915
17915
17952
17968
18019
18034
18051
18055
18080
18100
18105
18113
18119
18164
18179
18184
18190
18214
18222
18226
18256
18261
18264
18267
18270
18293
18296
18309
18340
18340
18342
18359
18362
18365
18380
18390
18399
18425
18448
18451
18465
18469
18474
18489
18505
18511
18579
18593
18603
18604
18611
18621
18638
18649
18692
18713
18756
18784
18784
18784
18793
18816
18827
18847
18847
18854
18866
18867
18875
18890
18894
18905
18957
18966
18995
18998
19012
19016
19032
19037
19055
19103
19119
19145
19183
19183
19205
19232
19240
19299
19304
19316
19336
19337
19352
19365
19368
19371
19385
19417
19443
19468
19492
19509
19523
19537
19555
19566
19631
19651
19654
19664
19694
19695
19696
19706
19707
19709
19745
19746
19752
19774
19778
19781
19812
19826
19842
19849
19873
19900
19903
19913
19914
19917
19930
19931
19931
19937
19956
20011
20032
20077
20080
20122
20153
20155
20172
20178
20184
20237
20240
20310
20343
20360
20386
20393
20396
20398
20402
20409
20440
20446
20540
20559
20561
20562
20568
20622
20659
20659
20668
20678
20746
20777
20834
20853
20859
20870
20871
20890
20913
20957
21009
21014
21021
21023
21032
21034
21044
21061
21064
21084
21095
21098
21107
21115
21115
21146
21153
21169
21179
21200
21203
21218
21232
21245
21277
21323
21325
21344
21357
21357
21373
21380
21388
21424
21430
21432
21468
21489
21491
21504
21538
21555
21557
21568
21591
21626
21628
21638
21645
21670
21673
21690
21698
21716
21720
21792
21793
21795
21802
21830
21853
21879
21911
21915
21934
21944
21945
21976
21995
21997
22004
22027
22027
22038
22058
22064
22090
22095
22127
22149
22155
22158
22176
22211
22213
22248
22258
22262
22290
22294
22303
22313
22313
22316
22339
22349
22353
22362
22366
22366
22410
22415
22421
22422
22435
22453
22456
22463
22504
22509
22512
22532
22536
22539
22545
22556
22583
22593
22627
22632
22638
22653
22708
22733
22769
22774
22786
22811
22821
22832
22837
22848
22876
22911
22927
22933
22953
22962
22965
23002
23008
23012
23040
23092
23097
23101
23144
23178
23196
23245
23245
23263
23274
23312
23336
23341
23349
23352
23357
23413
23418
23418
23445
23459
23485
23496
23510
23540
23588
23622
23622
23627
23679
23711
23716
23721
23784
23794
23806
23807
23811
23825
23847
23878
23904
23917
23946
23952
23957
23983
24001
24001
24014
24019
24067
24081
24114
24128
24131
24154
24166
24170
24199
24200
24201
24231
24235
24261
24274
24279
24286
24289
24395
24403
24427
24436
24469
24489
24508
24508
24519
24527
24532
24554
24563
24565
24574
24575
24593
24630
24646
24659
24667
24683
24691
24701
24734
24777
24790
24812
24826
24838
24850
24871
24884
24886
24898
24900
24914
24914
24921
24922
24947
24981
25005
25009
25026
25031
25041
25062
25095
25106
25132
25137
25157
25172
25173
25173
25222
25244
25275
25276
25316
25320
25361
25395
25396
25406
25434
25448
25476
25493
25536
25555
25605
25655
25655
25670
25690
25704
25716
25728
25741
25745
25752
25775
25798
25803
25818
25829
25834
25851
25855
25895
25897
25903
25909
25912
25918
25922
25930
25960
25970
25982
25982
26015
26034
26041
26050
26068
26078
26125
26137
26148
26153
26178
26184
26193
26200
26213
26237
26273
26275
26275
26310
26332
26339
26345
26366
26366
26384
26400
26426
26440
26447
26448
26469
26526
26529
26529
26557
26643
26652
26698
26707
26707
26720
26743
26745
26754
26808
26827
26835
26840
26879
26896
26897
26907
26914
26925
26951
26959
26965
26984
26984
26990
26994
27007
27071
27088
27089
27186
27197
27252
27259
27262
27264
27319
27323
27333
27370
27389
27409
27417
27421
27467
27501
27501
27506
27522
27522
27546
27566
27583
27585
27672
27689
27693
27695
27719
27726
27735
27744
27755
27756
27769
27777
27781
27788
27836
27837
27855
27874
27878
27888
27928
27929
27948
27948
27971
27988
28002
28016
28019
28022
28034
28039
28048
28061
28070
28128
28149
28149
28166
28176
28219
28238
28264
28273
28283
28308
28308
28313
28317
28327
28331
28334
28340
28343
28347
28364
28366
28379
28384
28392
28403
28427
28431
28452
28465
28479
28485
28520
28527
28539
28543
28556
28564
28591
28606
28614
28646
28678
28687
28709
28769
28790
28805
28807
28808
28826
28864
28914
28918
28918
28933
28950
28958
28979
28986
28987
29003
29007
29010
29049
29050
29061
29067
29077
29078
29123
29191
29205
29230
29258
29262
29284
29300
29318
29318
29327
29353
29355
29387
29397
29405
29412
29431
29451
29463
29467
29476
29482
29483
29508
29520
29552
29555
29603
29623
29646
29688
29723
29724
29724
29756
29761
29788
29803
29821
29859
29860
29899
29900
29901
29902
29932
29963
29971
29981
29982
29999
30005
30008
30010
30023
30031
30037
30041
30057
30060
30062
30084
30091
30098
30102
30110
30117
30124
30151
30164
30174
30182
30191
30194
30196
30211
30213
30235
30256
30282
30372
30373
30380
30412
30415
30418
30425
30457
30491
30507
30510
30519
30523
30542
30545
30547
30572
30592
30610
30617
30624
30634
30639
30645
30649
30656
30657
30674
30682
30712
30731
30736
30765
30798
30803
30838
30838
30847
30852
30852
30862
30869
30922
30958
30964
30966
30978
30993
30994
30997
31056
31078
31092
31093
31094
31099
31101
31105
31111
31114
31115
31126
31159
31183
31184
31193
31204
31206
31206
31257
31268
31272
31289
31292
31306
31321
31325
31349
31361
31362
31380
31402
31413
31416
31439
31442
31445
31465
31483
31484
31489
31536
31543
31562
31595
31604
31626
31629
31631
31632
31637
31643
31650
31671
31687
31689
31711
31716
31731
31732
31736
31752
31768
31780
31783
31784
31811
31838
31880
31893
31902
31907
31957
31987
31989
32000
32007
32010
32013
32025
32025
32043
32063
32066
32126
32130
32151
32157
32163
32171
32177
32207
32216
32245
32251
32280
32296
32300
32316
32323
32332
32335
32350
32360
32391
32416
32422
32427
32434
32441
32447
32463
32476
32490
32500
32517
32518
32524
32581
32626
32640
32668
32689
32699
32730
32758
32764
32768
32775
32780
32783
32799
32807
32848
32850
32885
32905
32909
32965
32982
32993
32996
33002
33052
33096
33103
33140
33160
33171
33192
33202
33213
33286
33313
33327
33331
33340
33346
33380
33383
33385
33441
33442
33443
33448
33452
33459
33502
33546
33552
33554
33565
33578
33581
33623
33630
33631
33632
33654
33662
33671
33676
33699
33727
33729
33809
33811
33845
33851
33852
33872
33873
33878
33897
33905
33908
33909
33918
33980
33982
33984
34001
34003
34004
34030
34034
34059
34070
34092
34094
34108
34111
34112
34153
34156
34169
34234
34237
34241
34243
34248
34292
34301
34302
34313
34325
34343
34380
34387
34391
34416
34427
34461
34480
34533
34533
34542
34557
34573
34577
34591
34597
34612
34624
34631
34656
34749
34768
34777
34814
34814
34827
34833
34841
34907
34931
34938
34975
34982
35041
35047
35048
35079
35103
35106
35119
35123
35125
35146
35149
35166
35187
35197
35224
35234
35270
35281
35301
35307
35329
35333
35353
35384
35386
35409
35468
35480
35481
35492
35500
35548
35551
35568
35592
35600
35619
35628
35662
35678
35683
35700
35715
35727
35731
35736
35754
35755
35767
35767
35769
35773
35798
35809
35815
35827
35854
35860
35865
35879
35884
35894
35913
35934
35940
35963
35968
35977
36044
36150
36152
36163
36172
36205
36325
36326
36327
36329
36333
36334
36389
36440
36445
36463
36465
36475
36502
36590
36623
36639
36649
36685
36700
36726
36728
36743
36746
36766
36767
36769
36776
36782
36786
36789
36790
36807
36814
36837
36848
36867
36873
36902
36916
36933
36989
36992
36997
37001
37052
37053
37069
37080
37093
37094
37113
37122
37140
37159
37181
37187
37205
37205
37211
37216
37238
37251
37266
37276
37309
37324
37359
37359
37360
37385
37386
37386
37391
37395
37439
37451
37477
37481
37481
37483
37500
37506
37507
37541
37544
37556
37588
37604
37604
37606
37641
37667
37692
37709
37731
37748
37760
37789
37808
37818
37837
37838
37887
37892
37895
37904
37920
37924
37928
37938
37981
37992
38033
38037
38054
38078
38086
38087
38090
38127
38129
38141
38148
38169
38186
38197
38211
38289
38308
38311
38327
38329
38329
38347
38350
38387
38398
38405
38425
38464
38468
38485
38490
38493
38499
38531
38534
38540
38558
38571
38580
38627
38634
38637
38666
38671
38695
38731
38733
38737
38741
38752
38797
38804
38846
38865
38873
38888
38902
38920
38925
38950
38984
38998
38998
39010
39025
39030
39047
39055
39063
39067
39109
39117
39172
39229
39232
39239
39243
39264
39277
39279
39286
39289
39290
39308
39322
39332
39334
39348
39358
39362
39368
39391
39403
39426
39432
39458
39462
39465
39472
39476
39522
39527
39538
39543
39545
39550
39585
39589
39610
39619
39640
39649
39659
39688
39694
39713
39716
39721
39722
39726
39731
39747
39761
39765
39766
39784
39805
39809
39844
39864
39876
39880
39919
39935
39948
39951
39955
39979
39983
40030
40045
40047
40057
40066
40068
40101
40110
40118
40123
40137
40144
40147
40171
40174
40193
40201
40243
40248
40285
40285
40288
40294
40313
40351
40353
40370
40372
40397
40403
40408
40464
40471
40472
40475
40485
40521
40540
40548
40580
40595
40633
40647
40650
40654
40682
40695
40707
40726
40733
40738
40754
40758
40758
40759
40764
40772
40773
40791
40799
40800
40800
40804
40837
40838
40846
40860
40864
40895
40917
40928
40931
40937
40939
40940
40946
40951
40959
40969
41002
41017
41057
41067
41116
41120
41122
41141
41161
41167
41188
41192
41254
41256
41264
41323
41327
41330
41332
41335
41344
41367
41373
41382
41398
41417
41418
41425
41429
41444
41472
41518
41519
41539
41540
41544
41565
41572
41577
41600
41613
41613
41620
41626
41637
41671
41715
41723
41734
41743
41743
41747
41766
41778
41778
41787
41789
41796
41800
41802
41827
41847
41871
41882
41939
41945
41971
41985
41986
41999
42026
42038
42041
42059
42060
42096
42096
42101
42111
42129
42136
42169
42173
42193
42236
42238
42255
42256
42266
42290
42319
42332
42349
42358
42360
42380
42382
42398
42411
42415
42442
42446
42509
42562
42583
42605
42617
42627
42628
42633
42649
42658
42660
42672
42681
42692
42700
42701
42759
42770
42778
42779
42802
42815
42821
42833
42836
42870
42877
42878
42882
42890
42892
42910
42959
42961
42966
42967
42978
42982
42983
42984
42990
42993
42997
43000
43010
43015
43017
43048
43056
43059
43060
43062
43071
43108
43128
43143
43150
43154
43155
43156
43159
43162
43174
43184
43192
43224
43227
43236
43237
43249
43249
43253
43268
43273
43284
43286
43318
43347
43367
43370
43398
43407
43483
43500
43517
43531
43540
43554
43590
43609
43630
43641
43664
43665
43693
43718
43730
43731
43746
43761
43775
43808
43811
43827
43842
43871
43874
43900
43918
43928
43933
43953
43959
43959
43969
43979
43994
44001
44004
44006
44010
44010
44011
44041
44105
44110
44113
44125
44132
44134
44149
44156
44163
44198
44205
44245
44253
44259
44261
44297
44335
44372
44388
44438
44477
44495
44505
44515
44519
44528
44528
44532
44533
44549
44552
44576
44586
44592
44598
44619
44645
44648
44669
44673
44719
44735
44756
44767
44792
44794
44815
44821
44847
44847
44863
44877
44926
44938
44966
44974
44974
44977
44979
44981
44981
44993
44995
44998
45032
45055
45061
45064
45074
45095
45122
45140
45157
45182
45256
45268
45274
45278
45279
45301
45310
45319
45321
45346
45350
45355
45392
45394
45397
45404
45409
45426
45489
45503
45524
45529
45543
45549
45557
45560
45576
45576
45577
45587
45613
45617
45696
45697
45710
45727
45734
45736
45755
45781
45782
45796
45818
45826
45833
45860
45860
45860
45880
45887
45890
45935
45936
45955
45974
45984
45986
46005
46016
46042
46051
46055
46089
46090
46106
46131
46133
46136
46138
46142
46153
46157
46167
46170
46175
46181
46186
46189
46244
46271
46274
46295
46316
46336
46368
46381
46392
46395
46420
46427
46439
46478
46506
46522
46539
46557
46576
46630
46630
46642
46667
46717
46724
46733
46746
46784
46784
46810
46811
46855
46864
46890
46890
46891
46900
46902
46934
46947
46969
46974
46977
47007
47010
47018
47056
47058
47060
47088
47092
47097
47115
47140
47166
47173
47179
47188
47203
47213
47219
47251
47264
47294
47343
47350
47387
47430
47445
47459
47473
47474
47476
47502
47509
47532
47562
47563
47574
47578
47579
47582
47607
47693
47695
47708
47730
47743
47817
47844
47845
47860
47893
47902
47927
47950
47950
47976
48024
48033
48036
48043
48067
48072
48088
48120
48132
48144
48151
48183
48186
48226
48237
48238
48254
48278
48316
48336
48344
48350
48367
48388
48404
48408
48421
48423
48427
48442
48461
48477
48497
48508
48524
48567
48570
48575
48604
48619
48619
48637
48645
48650
48650
48663
48666
48672
48673
48683
48685
48716
48719
48726
48732
48738
48756
48789
48840
48841
48867
48917
48918
48938
48943
48961
48981
48997
48998
49002
49044
49060
49074
49078
49091
49103
49116
49116
49119
49127
49149
49164
49178
49178
49184
49195
49199
49231
49232
49274
49277
49297
49306
49323
49332
49348
49354
49387
49410
49410
49412
49449
49463
49467
49499
49542
49568
49597
49619
49622
49628
49659
49669
49693
49717
49717
49725
49759
49760
49770
49793
49805
49856
49860
49868
49902
49916
49919
49967
49967
50000
50001
50011
50072
50078
50085
50104
50116
50148
50148
50191
50225
50228
50234
50250
50255
50256
50259
50267
50280
50285
50296
50306
50307
50332
50340
50371
50374
50389
50402
50411
50412
50456
50481
50500
50514
50537
50554
50558
50560
50563
50569
50578
50589
50599
50611
50618
50634
50636
50659
50661
50669
50671
50673
50682
50691
50706
50709
50750
50762
50770
50800
50826
50875
50878
50889
50903
50923
50932
50932
50948
50955
50956
51020
51033
51061
51062
51065
51075
51097
51141
51142
51144
51154
51164
51173
51176
51178
51189
51192
51206
51213
51227
51228
51266
51290
51295
51305
51310
51315
51360
51424
51439
51466
51500
51503
51518
51621
51639
51653
51680
51682
51689
51714
51720
51735
51736
51748
51793
51803
51806
51827
51835
51848
51853
51859
51868
51873
51880
51894
51894
51909
51931
51945
51967
51981
51998
52020
52105
52107
52112
52124
52128
52147
52153
52154
52156
52162
52166
52188
52189
52197
52246
52267
52268
52280
52281
52288
52294
52312
52315
52320
52359
52360
52365
52366
52370
52379
52391
52421
52473
52510
52512
52514
52519
52520
52527
52559
52580
52589
52598
52661
52664
52691
52717
52734
52767
52785
52788
52807
52814
52828
52832
52848
52852
52852
52861
52886
52891
52910
52913
52916
52918
52930
52958
52971
52975
52978
52978
52998
53003
53014
53072
53079
53091
53105
53106
53112
53115
53140
53140
53168
53169
53183
53188
53190
53193
53194
53204
53219
53222
53236
53236
53301
53301
53343
53359
53401
53407
53433
53464
53483
53513
53516
53532
53538
53555
53584
53602
53606
53625
53630
53633
53636
53640
53664
53759
53761
53783
53787
53810
53812
53829
53855
53860
53862
53902
53940
53945
53971
53988
54001
54006
54007
54026
54028
54035
54038
54061
54078
54095
54102
54115
54116
54153
54163
54171
54183
54200
54221
54226
54254
54255
54268
54313
54326
54340
54341
54343
54347
54367
54368
54399
54405
54408
54460
54461
54463
54474
54491
54494
54557
54590
54663
54664
54708
54709
54720
54721
54726
54757
54761
54764
54787
54794
54799
54829
54840
54853
54872
54873
54898
54917
54941
54945
54962
54976
54985
55019
55023
55032
55065
55086
55096
55179
55197
55210
55212
55214
55214
55221
55228
55249
55253
55265
55287
55290
55293
55303
55305
55309
55322
55324
55326
55353
55361
55413
55453
55454
55456
55462
55471
55489
55498
55501
55547
55565
55579
55600
55624
55639
55676
55691
55710
55746
55751
55772
55799
55808
55833
55838
55838
55880
55889
55908
55915
55925
55931
55953
55999
55999
56007
56019
56028
56036
56039
56043
56055
56069
56072
56080
56083
56102
56137
56142
56177
56179
56183
56188
56201
56204
56223
56236
56253
56260
56263
56266
56279
56289
56323
56328
56374
56375
56388
56393
56412
56419
56423
56433
56456
56457
56479
56491
56511
56536
56541
56550
56556
56610
56627
56657
56678
56693
56698
56706
56717
56722
56762
56777
56788
56801
56812
56817
56832
56843
56846
56872
56889
56902
56910
56958
56967
56975
56989
57000
57057
57068
57105
57119
57125
57153
57158
57159
57177
57200
57207
57209
57231
57278
57287
57289
57307
57321
57326
57330
57342
57356
57366
57389
57406
57420
57431
57435
57435
57451
57459
57462
57473
57474
57491
57495
57503
57518
57545
57548
57556
57592
57620
57627
57628
57637
57642
57643
57691
57712
57718
57720
57729
57740
57762
57861
57891
57892
57911
57913
57917
57923
57926
57929
57942
57950
57953
57981
57988
58046
58048
58112
58183
58186
58208
58209
58211
58226
58230
58244
58246
58270
58281
58292
58315
58318
58332
58332
58355
58360
58365
58413
58431
58433
58434
58436
58461
58469
58496
58506
58554
58555
58566
58577
58613
58648
58649
58677
58703
58709
58742
58764
58764
58801
58806
58810
58854
58855
58929
58932
58950
58955
59036
59040
59058
59068
59075
59089
59089
59094
59098
59114
59120
59134
59136
59164
59190
59210
59221
59252
59323
59341
59350
59355
59358
59375
59376
59386
59410
59411
59435
59447
59479
59513
59515
59558
59569
59574
59599
59602
59608
59622
59622
59645
59656
59683
59690
59706
59747
59785
59788
59793
59817
59827
59829
59885
59897
59931
59938
59941
59972
60000
60023
60025
60044
60054
60061
60092
60099
60115
60125
60143
60160
60174
60215
60223
60233
60238
60261
60277
60282
60284
60313
60332
60351
60368
60392
60395
60396
60408
60429
60435
60445
60445
60454
60456
60463
60465
60473
60483
60506
60522
60543
60546
60551
60575
60578
60585
60599
60613
60621
60666
60688
60710
60716
60724
60729
60745
60748
60760
60808
60835
60853
60856
60900
60903
60904
60942
60954
60954
60977
61011
61029
61035
61045
61063
61066
61075
61094
61121
61144
61153
61187
61198
61203
61300
61320
61323
61349
61370
61375
61376
61380
61391
61414
61415
61429
61437
61443
61443
61458
61460
61470
61472
61521
61540
61582
61606
61608
61646
61662
61666
61669
61707
61738
61738
61741
61751
61767
61776
61790
61818
61845
61858
61884
61888
61906
61924
61964
61969
61977
61989
61998
61998
62004
62005
62035
62036
62044
62047
62059
62076
62085
62085
62104
62115
62164
62172
62174
62202
62214
62222
62247
62270
62296
62299
62307
62347
62358
62366
62380
62401
62405
62469
62477
62477
62503
62529
62545
62595
62598
62626
62638
62656
62661
62666
62685
62689
62719
62719
62748
62766
62779
62807
62817
62828
62830
62831
62848
62851
62861
62911
62916
62925
62927
62928
62933
62943
62949
62953
62965
62972
62973
62980
62995
63000
63045
63050
63102
63104
63107
63123
63130
63131
63135
63147
63174
63174
63192
63211
63229
63271
63286
63301
63360
63365
63366
63371
63380
63403
63408
63426
63434
63436
63445
63446
63453
63473
63485
63515
63528
63556
63582
63606
63624
63636
63637
63652
63654
63661
63674
63675
63720
63722
63745
63798
63831
63839
63845
63862
63871
63876
63882
63885
63902
63934
63936
63937
63942
63949
63951
63968
63978
63981
63995
64003
64021
64026
64041
64061
64070
64074
64104
64111
64122
64136
64137
64143
64164
64207
64215
64217
64218
64244
64246
64251
64274
64287
64299
64312
64324
64342
64392
64414
64416
64436
64467
64469
64478
64488
64497
64540
64543
64560
64579
64581
64581
64589
64593
64599
64613
64631
64642
64644
64645
64651
64663
64685
64752
64758
64775
64780
64804
64818
64864
64875
64941
64944
64947
64956
64958
64960
64961
64979
64992
65013
65029
65034
65038
65046
65055
65056
65071
65088
65112
65123
65148
65161
65164
65194
65199
65205
65207
65213
65222
65232
65235
65266
65319
65328
65330
65354
65356
65358
65370
65378
65380
65401
65416
65442
65469
65483
65484
65493
65494
65512
65519
65534
65548
65609
65616
65617
65626
65658
65662
65665
65668
65668
65689
65690
65696
65782
65790
65805
65815
65820
65840
65840
65843
65861
65872
65883
65892
65899
65900
65903
65910
65921
65925
65958
65991
65996
66058
66067
66067
66078
66091
66093
66101
66132
66173
66176
66219
66231
66233
66237
66258
66263
66290
66310
66331
66339
66353
66365
66382
66385
66391
66395
66396
66400
66417
66465
66483
66484
66485
66487
66525
66570
66574
66590
66671
66675
66677
66692
66697
66720
66740
66753
66773
66793
66796
66811
66819
66831
66837
66848
66851
66851
66855
66864
66877
66892
66897
66908
66942
66944
66972
66986
66990
66999
67008
67059
67059
67073
67090
67090
67140
67194
67200
67230
67238
67248
67249
67276
67295
67307
67310
67316
67318
67346
67374
67384
67405
67406
67407
67429
67474
67485
67502
67504
67514
67519
67547
67555
67559
67566
67575
67601
67606
67624
67659
67668
67696
67748
67753
67757
67768
67783
67813
67832
67834
67835
67842
67856
67886
67897
67953
67959
67971
67976
68036
68043
68046
68062
68062
68066
68113
68146
68154
68155
68166
68248
68272
68284
68296
68311
68321
68337
68361
68367
68373
68391
68484
68498
68534
68535
68539
68564
68579
68616
68644
68646
68665
68676
68713
68729
68754
68755
68755
68770
68770
68798
68828
68863
68865
68866
68886
68889
68917
68922
68923
68961
68966
68969
68994
69003
69014
69039
69057
69078
69119
69121
69124
69148
69159
69163
69167
69175
69197
69212
69216
69221
69221
69230
69244
69275
69288
69297
69312
69333
69363
69374
69394
69406
69413
69420
69435
69457
69467
69486
69488
69499
69520
69551
69557
69561
69581
69590
69593
69632
69639
69646
69677
69691
69699
69702
69707
69741
69741
69744
69745
