16
18
20
34
37
57
64
82
87
102
104
105
107
110
113
141
146
148
179
179
180
186
192
208
216
219
220
224
226
228
231
242
260
263
281
286
308
314
319
368
375
397
399
410
415
417
425
430
444
446
456
458
481
488
500
546
572
585
621
635
681
731
746
748
750
770
777
788
816
829
834
847
850
855
860
863
864
890
892
921
929
947
955
962
976
983
991
993
994
1013
1028
1041
1045
1061
1062
1063
1065
1080
1087
1093
1105
1140
1158
1159
1178
1182
1183
1210
1224
1228
1268
1283
1309
1316
1339
1340
1360
1373
1394
1405
1422
1434
1448
1469
1477
1483
1494
1496
1502
1506
1509
1513
1550
1556
1567
1570
1572
1576
1585
1585
1593
1593
1598
1601
1606
1640
1644
1646
1648
1649
1653
1659
1689
1692
1708
1712
1718
1722
1724
1743
1756
1759
1770
1772
1779
1784
1786
1791
1819
1820
1820
1822
1867
1869
1870
1880
1893
1895
1907
1912
1916
1925
1940
1941
1942
1956
1959
1968
1984
1992
2016
2020
2023
2041
2050
2052
2065
2066
2071
2078
2099
2106
2109
2115
2120
2135
2137
2182
2193
2211
2218
2227
2231
2244
2259
2270
2271
2273
2275
2310
2339
2341
2348
2355
2359
2360
2362
2362
2379
2382
2404
2407
2412
2445
2464
2485
2487
2493
2495
2497
2505
2526
2532
2542
2542
2546
2547
2552
2569
2572
2608
2612
2648
2653
2659
2660
2662
2666
2669
2674
2696
2700
2713
2723
2727
2728
2735
2747
2753
2755
2760
2764
2780
2782
2785
2801
2809
2814
2818
2824
2828
2841
2886
2897
2897
2904
2909
2924
2930
2982
2982
2988
3004
3005
3017
3022
3060
3074
3100
3108
3127
3135
3154
3156
3160
3163
3171
3173
3199
3204
3233
3242
3245
3261
3276
3277
3298
3309
3314
3331
3333
3355
3364
3366
3393
3394
3396
3409
3417
3418
3419
3427
3438
3444
3450
3457
3471
3472
3485
3491
3492
3501
3519
3519
3524
3525
3538
3556
3556
3558
3562
3565
3568
3573
3581
3591
3591
3616
3662
3676
3679
3684
3706
3734
3741
3746
3756
3777
3781
3797
3815
3831
3834
3834
3843
3848
3851
3858
3877
3882
3887
3891
3902
3903
3906
3935
3937
3939
3946
3948
3948
3962
3962
3968
3970
3971
3973
3978
4008
4024
4034
4040
4066
4067
4069
4081
4083
4086
4089
4104
4105
4106
4110
4113
4118
4138
4153
4157
4159
4175
4184
4195
4197
4222
4224
4226
4227
4238
4263
4271
4273
4285
4287
4304
4306
4313
4316
4317
4322
4329
4332
4335
4340
4354
4361
4364
4365
4366
4375
4381
4383
4392
4403
4407
4415
4421
4431
4439
4442
4445
4447
4452
4453
4471
4482
4484
4490
4492
4505
4509
4540
4545
4568
4569
4576
4576
4580
4586
4592
4594
4596
4599
4610
4615
4624
4626
4628
4629
4632
4657
4666
4683
4686
4719
4720
4728
4735
4737
4745
4761
4764
4811
4815
4822
4834
4835
4845
4868
4880
4911
4918
4930
4936
4960
4962
4964
4965
4971
4971
4983
4988
5006
5025
5040
5042
5046
5047
5049
5050
5052
5058
5070
5071
5091
5106
5118
5131
5146
5166
5171
5172
5184
5195
5198
5201
5203
5214
5226
5238
5267
5286
5295
5300
5330
5339
5341
5347
5348
5355
5372
5383
5385
5399
5401
5403
5415
5435
5446
5447
5480
5496
5501
5524
5528
5538
5547
5549
5549
5552
5561
5565
5568
5568
5570
5574
5589
5591
5594
5618
5654
5656
5661
5666
5683
5684
5686
5692
5699
5703
5716
5732
5736
5737
5743
5745
5764
5779
5790
5797
5807
5807
5808
5809
5811
5825
5828
5841
5859
5869
5877
5886
5887
5900
5910
5924
5929
5929
5931
5932
5940
5942
5967
5968
5973
5975
5979
5982
6003
6031
6033
6034
6041
6071
6089
6097
6109
6111
6121
6125
6129
6134
6136
6153
6153
6156
6175
6192
6257
6280
6282
6301
6305
6306
6313
6325
6333
6340
6348
6352
6352
6354
6359
6369
6370
6385
6400
6405
6432
6455
6456
6462
6464
6464
6489
6500
6502
6506
6533
6539
6539
6550
6552
6561
6568
6569
6599
6608
6609
6619
6625
6626
6627
6669
6669
6671
6679
6679
6686
6708
6718
6730
6734
6742
6746
6748
6754
6767
6783
6788
6791
6792
6808
6810
6818
6818
6821
6829
6830
6834
6841
6848
6849
6855
6881
6882
6885
6897
6898
6916
6924
6934
6949
6960
6967
6980
6988
6990
7004
7007
7008
7009
7010
7043
7051
7052
7056
7081
7082
7083
7090
7122
7124
7129
7142
7161
7170
7184
7185
7188
7192
7192
7193
7198
7202
7203
7205
7227
7235
7238
7242
7245
7257
7261
7294
7294
7295
7298
7304
7308
7308
7313
7343
7343
7347
7360
7362
7364
7369
7388
7391
7393
7420
7420
7436
7438
7451
7472
7474
7479
7492
7501
7509
7515
7518
7528
7563
7563
7569
7576
7608
7614
7618
7620
7639
7641
7649
7650
7660
7665
7669
7674
7702
7728
7733
7751
7760
7762
7790
7799
7808
7811
7827
7828
7846
7857
7858
7863
7867
7921
7923
7926
7933
7947
7969
7970
7978
7979
7982
7982
7986
7994
7999
8015
8029
8033
8043
8050
8056
8059
8065
8070
8077
8090
8113
8114
8119
8132
8140
8141
8183
8210
8213
8225
8226
8231
8251
8252
8262
8273
8285
8286
8290
8299
8338
8366
8377
8392
8399
8401
8402
8418
8421
8444
8449
8454
8465
8470
8479
8482
8487
8504
8515
8520
8522
8536
8536
8541
8541
8543
8545
8556
8556
8557
8558
8579
8589
8593
8610
8614
8628
8635
8657
8680
8712
8729
8745
8746
8789
8797
8806
8808
8833
8842
8843
8845
8845
8865
8884
8886
8890
8890
8898
8906
8906
8908
8909
8910
8912
8919
8927
8928
8935
8936
8943
8971
8988
8996
9001
9015
9024
9030
9057
9064
9068
9076
9076
9097
9100
9104
9105
9121
9127
9164
9165
9169
9192
9201
9207
9216
9229
9229
9237
9259
9265
9277
9282
9294
9338
9343
9352
9376
9377
9387
9395
9400
9412
9427
9429
9445
9473
9491
9492
9492
9501
9508
9512
9518
9535
9539
9546
9551
9556
9563
9566
9567
9613
9618
9629
9640
9646
9651
9652
9668
9678
9682
9694
9716
9718
9718
9720
9722
9730
9745
9747
9755
9763
9768
9773
9793
9799
9804
9819
9827
9841
9848
9890
9896
9899
9937
9962
9968
9982
9983
10002
10005
10008
10010
10016
10024
10032
10038
10040
10041
10042
10067
10068
10073
10089
10108
10130
10132
10140
10153
10156
10164
10165
10171
10177
10182
10204
10205
10212
10215
10241
10256
10256
10258
10271
10273
10276
10279
10286
10299
10301
10336
10339
10368
10369
10378
10400
10400
10405
10408
10410
10411
10425
10425
10428
10434
10442
10444
10490
10490
10493
10495
10495
10516
10522
10528
10542
10543
10549
10564
10570
10572
10582
10589
10591
10597
10599
10602
10603
10603
10608
10645
10653
10656
10665
10667
10701
10714
10745
10747
10756
10757
10795
10800
10800
10811
10824
10825
10831
10835
10839
10854
10862
10881
10906
10910
10958
11019
11027
11032
11045
11048
11051
11052
11053
11054
11062
11071
11088
11100
11114
11115
11121
11137
11141
11160
11162
11167
11167
11193
11194
11213
11219
11236
11236
11248
11252
11262
11268
11280
11288
11293
11317
11328
11337
11337
11351
11355
11362
11371
11390
11391
11393
11394
11396
11404
11406
11419
11443
11455
11486
11486
11493
11494
11495
11509
11517
11524
11535
11541
11561
11575
11579
11590
11601
11606
11622
11628
11640
11660
11664
11669
11670
11673
11677
11679
11732
11732
11749
11783
11786
11786
11811
11814
11821
11827
11829
11855
11866
11883
11884
11933
11940
11943
11950
11956
11977
11981
11985
12000
12028
12030
12045
12059
12078
12080
12096
12098
12124
12125
12165
12192
12199
12203
12208
12212
12217
12244
12255
12268
12269
12297
12302
12308
12315
12333
12339
12346
12348
12355
12359
12365
12368
12368
12368
12369
12378
12381
12392
12393
12399
12400
12401
12411
12414
12433
12455
12457
12475
12483
12493
12494
12495
12503
12514
12530
12548
12549
12570
12576
12577
12582
12592
12606
12615
12619
12627
12651
12668
12679
12684
12689
12692
12711
12723
12737
12740
12741
12741
12742
12750
12755
12758
12793
12801
12818
12821
12825
12826
12855
12860
12878
12881
12890
12892
12895
12902
12904
12918
12922
12942
12947
12951
12971
12972
12979
12980
12989
12993
12994
13004
13009
13018
13019
13026
13032
13037
13043
13054
13069
13080
13083
13103
13105
13114
13114
13118
13120
13128
13145
13157
13161
13163
13166
13183
13189
13191
13192
13203
13207
13241
13249
13250
13257
13269
13271
13271
13272
13278
13285
13287
13313
13314
13348
13359
13360
13360
13368
13370
13383
13388
13407
13427
13434
13459
13483
13487
13498
13502
13509
13518
13518
13540
13545
13557
13567
13591
13600
13603
13624
13625
13631
13637
13651
13655
13664
13666
13668
13681
13684
13685
13702
13728
13733
13733
13758
13769
13770
13801
13805
13812
13815
13817
13819
13840
13851
13884
13889
13893
13901
13905
13909
13912
13921
13950
13952
13960
13964
13968
13974
13984
13996
14005
14016
14045
14064
14071
14086
14088
14091
14099
14131
14133
14142
14148
14171
14200
14201
14219
14252
14257
14265
14267
14286
14299
14319
14321
14328
14339
14357
14358
14362
14374
14381
14382
14384
14401
14410
14416
14425
14441
14449
14452
14457
14460
14475
14482
14491
14497
14497
14501
14518
14522
14529
14544
14550
14589
14599
14602
14602
14606
14607
14608
14630
14637
14637
14639
14643
14647
14653
14655
14658
14663
14663
14668
14677
14682
14690
14695
14704
14716
14726
14740
14748
14776
14778
14780
14832
14840
14842
14843
14860
14870
14871
14886
14899
14911
14916
14917
14930
14937
14942
14950
14968
14991
15010
15036
15038
15042
15047
15061
15063
15074
15078
15102
15106
15127
15130
15132
15146
15149
15156
15162
15163
15166
15170
15177
15190
15198
15204
15210
15217
15220
15233
15242
15243
15246
15253
15257
15264
15289
15293
15300
15301
15310
15316
15343
15351
15353
15369
15374
15385
15406
15413
15416
15421
15427
15437
15444
15444
15459
15466
15469
15471
15474
15480
15482
15500
15501
15503
15505
15514
15530
15542
15543
15545
15546
15560
15587
15601
15616
15624
15634
15637
15661
15688
15688
15689
15691
15699
15718
15727
15770
15773
15784
15785
15786
15787
15789
15804
15817
15819
15825
15827
15828
15830
15831
15835
15859
15870
15871
15877
15887
15893
15896
15909
15910
15933
15937
15940
15943
15955
15963
15971
15972
15975
15980
15990
16014
16017
16022
16027
16034
16038
16053
16080
16098
16117
16141
16156
16156
16158
16168
16169
16176
16186
16189
16199
16201
16210
16226
16241
16244
16245
16246
16250
16264
16269
16272
16275
16307
16313
16317
16318
16329
16339
16346
16359
16360
16360
16388
16394
16394
16424
16467
16476
16480
16492
16494
16495
16506
16512
16520
16523
16530
16537
16561
16582
16600
16648
16649
16654
16658
16661
16663
16669
16670
16672
16691
16700
16703
16704
16717
16733
16751
16776
16790
16805
16835
16838
16860
16879
16916
16917
16926
16929
16929
16938
16943
16944
16949
16954
16960
16962
16971
16980
16986
16991
16994
16999
17015
17024
17026
17047
17048
17060
17060
17065
17078
17079
17152
17154
17182
17189
17197
17200
17201
17208
17220
17228
17228
17240
17247
17250
17255
17260
17315
17316
17331
17339
17358
17371
17399
17441
17446
17447
17463
17480
17489
17500
17504
17507
17514
17527
17530
17536
17538
17568
17575
17592
17602
17603
17608
17614
17614
17619
17631
17637
17643
17657
17664
17691
17710
17719
17724
17735
17741
17744
17746
17746
17751
17763
17766
17768
17802
17806
17810
17816
17830
17835
17836
17847
17860
17866
17874
17915
17922
17928
17946
17946
17949
17949
17952
17954
17969
17989
17989
17992
17993
17999
18015
18019
18026
18033
18038
18048
18048
18053
18071
18078
18083
18103
18110
18114
18116
18146
18149
18185
18204
18206
18230
18260
18271
18277
18277
18278
18296
18300
18312
18321
18322
18332
18333
18384
18402
18403
18441
18445
18451
18452
18460
18467
18468
18487
18487
18519
18524
18524
18532
18544
18556
18562
18564
18585
18594
18595
18601
18608
18613
18638
18650
18701
18706
18711
18726
18736
18740
18741
18746
18753
18756
18763
18768
18768
18804
18816
18848
18853
18875
18880
18881
18897
18906
18909
18925
18944
18949
18965
18966
18978
19015
19032
19032
19054
19093
19094
19100
19101
19105
19121
19136
19139
19139
19152
19155
19155
19159
19165
19166
19174
19193
19196
19222
19222
19222
19223
19223
19225
19226
19238
19240
19241
19242
19251
19252
19255
19255
19259
19295
19320
19321
19322
19323
19331
19340
19347
19364
19367
19380
19382
19387
19410
19411
19419
19427
19436
19439
19455
19455
19461
19469
19477
19486
19496
19499
19503
19508
19517
19519
19533
19541
19542
19553
19575
19577
19581
19618
19618
19619
19621
19640
19648
19650
19662
19666
19685
19688
19714
19718
19726
19731
19737
19739
19743
19772
19775
19781
19793
19804
19816
19818
19820
19823
19827
19839
19851
19864
19872
19904
19909
19932
19934
19940
19979
19992
19997
20011
20012
20023
20029
20059
20063
20067
20083
20098
20101
20124
20152
20158
20160
20172
20179
20236
20246
20254
20263
20269
20270
20272
20279
20283
20311
20316
20323
20327
20335
20339
20359
20377
20377
20400
20400
20410
20412
20415
20420
20427
20432
20436
20443
20443
20462
20464
20468
20475
20475
20480
20486
20498
20500
20516
20517
20544
20558
20563
20563
20564
20570
20580
20587
20605
20628
20630
20639
20644
20659
20687
20687
20693
20696
20708
20714
20721
20732
20736
20757
20769
20772
20779
20791
20806
20811
20812
20816
20837
20845
20855
20857
20873
20876
20890
20893
20907
20914
20957
20960
20971
20973
20997
20997
21003
21004
21010
21028
21029
21038
21071
21073
21090
21096
21108
21124
21153
21154
21180
21185
21199
21202
21209
21223
21226
21228
21233
21249
21278
21286
21307
21317
21325
21325
21327
21344
21357
21364
21372
21382
21386
21399
21429
21437
21438
21445
21459
21460
21469
21470
21472
21474
21479
21486
21488
21508
21533
21544
21550
21550
21553
21560
21561
21564
21577
21588
21602
21623
21656
21660
21672
21673
21677
21681
21686
21692
21705
21714
21716
21720
21739
21759
21785
21787
21795
21814
21822
21825
21855
21855
21862
21863
21868
21875
21877
21879
21895
21897
21902
21903
21905
21917
21921
21928
21935
21938
21965
21969
21973
21974
21988
22000
22004
22004
22007
22009
22024
22052
22072
22080
22085
22090
22097
22120
22122
22126
22149
22150
22151
22152
22154
22164
22173
22189
22204
22215
22216
22217
22228
22235
22249
22254
22269
22271
22279
22290
22298
22323
22347
22357
22358
22365
22378
22403
22406
22434
22437
22462
22465
22472
22483
22487
22494
22495
22499
22499
22510
22517
22517
22537
22541
22549
22552
22572
22590
22600
22600
22601
22613
22639
22646
22665
22671
22677
22689
22712
22716
22726
22737
22738
22746
22750
22750
22777
22784
22786
22791
22803
22809
22837
22841
22847
22853
22855
22864
22868
22873
22877
22901
22917
22934
22940
22947
22949
22953
22959
22976
23001
23022
23036
23067
23067
23067
23090
23095
23103
23109
23111
23138
23145
23150
23150
23162
23162
23171
23186
23190
23194
23196
23199
23215
23224
23233
23268
23273
23286
23296
23309
23314
23316
23317
23317
23324
23336
23341
23352
23358
23362
23387
23411
23435
23447
23465
23492
23497
23501
23514
23517
23530
23541
23542
23577
23600
23611
23616
23619
23626
23636
23642
23647
23671
23680
23693
23700
23710
23723
23727
23728
23730
23741
23756
23779
23788
23798
23804
23810
23811
23843
23845
23853
23853
23862
23878
23901
23913
23924
23929
23931
23936
23949
23966
23980
23988
23993
23994
23999
24002
24005
24015
24021
24026
24026
24027
24043
24048
24071
24074
24086
24088
24090
24097
24102
24103
24111
24127
24127
24130
24143
24149
24154
24156
24170
24176
24190
24194
24215
24226
24230
24258
24270
24278
24282
24283
24301
24312
24321
24322
24329
24330
24344
24375
24377
24393
24399
24407
24415
24436
24442
24453
24462
24469
24476
24514
24527
24533
24556
24584
24600
24601
24609
24625
24633
24638
24647
24650
24654
24656
24675
24675
24678
24680
24690
24712
24723
24729
24729
24730
24743
24756
24765
24768
24769
24771
24773
24782
24787
24788
24798
24806
24808
24812
24826
24829
24830
24842
24844
24859
24867
24870
24874
24889
24889
24890
24891
24933
24937
24956
24965
24976
24990
25005
25022
25031
25041
25044
25046
25046
25052
25053
25055
25063
25066
25067
25079
25087
25097
25106
25110
25111
25117
25120
25125
25126
25127
25134
25140
25158
25178
25178
25179
25199
25217
25233
25235
25258
25259
25262
25270
25308
25328
25329
25333
25343
25343
25347
25354
25356
25357
25363
25427
25429
25429
25449
25471
25513
25516
25524
25525
25528
25529
25531
25535
25536
25539
25549
25551
25551
25553
25582
25597
25611
25618
25619
25620
25620
25620
25643
25643
25667
25675
25678
25699
25700
25713
25717
25723
25724
25731
25737
25756
25756
25758
25768
25772
25786
25791
25793
25801
25805
25812
25836
25852
25854
25854
25854
25884
25884
25893
25908
25927
25939
25942
25968
25976
25985
25998
26014
26019
26019
26044
26049
26075
26076
26077
26085
26090
26091
26093
26095
26095
26102
26103
26125
26126
26160
26186
26190
26222
26224
26231
26233
26235
26235
26238
26249
26256
26274
26286
26289
26297
26310
26314
26336
26351
26359
26369
26381
26383
26394
26394
26396
26399
26405
26425
26429
26430
26451
26460
26461
26464
26471
26477
26488
26488
26493
26508
26522
26534
26547
26555
26559
26595
26598
26602
26604
26606
26607
26615
26646
26647
26658
26665
26695
26700
26703
26714
26728
26732
26745
26753
26757
26764
26769
26772
26772
26779
26780
26791
26803
26805
26825
26834
26842
26869
26877
26892
26905
26909
26942
26951
26958
26959
26969
26983
26989
27009
27009
27020
27022
27024
27026
27026
27029
27029
27039
27046
27052
27052
27063
27066
27070
27095
27111
27143
27164
27169
27178
27180
27180
27198
27207
27213
27213
27215
27217
27223
27226
27234
27237
27240
27266
27273
27284
27286
27331
27347
27348
27349
27392
27421
27434
27442
27462
27469
27494
27512
27512
27520
27531
27538
27545
27551
27562
27566
27590
27595
27596
27601
27615
27635
27639
27660
27678
27727
27730
27734
27742
27749
27761
27764
27776
27777
27804
27804
27832
27839
27848
27850
27852
27860
27891
27895
27906
27916
27917
27921
27924
27925
27926
27929
27933
27935
27936
27948
27953
27966
27976
27978
27988
28000
28001
28010
28013
28023
28034
28037
28055
28072
28102
28110
28126
28135
28159
28160
28161
28163
28168
28169
28186
28190
28204
28211
28246
28255
28271
28293
28298
28305
28333
28336
28343
28368
28376
28379
28413
28432
28458
28460
28468
28471
28498
28501
28506
28515
28522
28524
28532
28541
28548
28574
28584
28591
28593
28604
28630
28634
28644
28653
28686
28695
28704
28705
28715
28717
28729
28731
28733
28737
28739
28742
28755
28761
28767
28769
28791
28795
28805
28807
28807
28813
28814
28831
28837
28842
28861
28887
28887
28894
28897
28899
28910
28924
28930
28934
28944
28948
28954
28964
28995
28997
29011
29011
29026
29034
29045
29046
29057
29066
29074
29076
29088
29107
29127
29136
29166
29177
29186
29189
29193
29196
29199
29231
29239
29245
29250
29275
29277
29284
29289
29296
29299
29303
29304
29305
29310
29310
29358
29364
29365
29374
29375
29377
29377
29400
29414
29439
29439
29444
29449
29450
29482
29489
29490
29510
29541
29543
29559
29564
29578
29582
29583
29600
29609
29614
29619
29626
29648
29651
29674
29685
29685
29689
29691
29696
29702
29703
29711
29735
29746
29773
29782
29789
29791
29799
29799
29800
29802
29816
29820
29835
29846
29852
29857
29862
29862
29870
29893
29896
29901
29915
29915
29948
29952
29953
29957
29966
29969
29971
29976
29986
30007
30025
30043
30056
30058
30080
30087
30088
30092
30093
30097
30100
30111
30114
30115
30120
30150
30156
30158
30164
30165
30180
30195
30214
30223
30226
30227
30256
30261
30268
30270
30270
30275
30276
30284
30288
30299
30306
30306
30312
30321
30326
30331
30331
30345
30346
30350
30380
30399
30404
30406
30415
30422
30423
30434
30443
30447
30451
30473
30491
30491
30497
30516
30529
30538
30547
30553
30554
30566
30570
30571
30590
30592
30595
30596
30596
30606
30612
30615
30622
30624
30634
30638
30650
30665
30667
30667
30669
30675
30683
30698
30700
30735
30741
30744
30749
30752
30758
30778
30813
30814
30818
30825
30838
30853
30859
30864
30903
30917
30925
30935
30945
30950
30973
31004
31008
31009
31021
31024
31046
31048
31050
31051
31053
31058
31069
31101
31103
31118
31123
31138
31156
31172
31174
31175
31177
31183
31200
31211
31213
31219
31219
31237
31242
31244
31246
31250
31255
31258
31259
31271
31277
31282
31292
31300
31304
31309
31316
31347
31365
31367
31367
31378
31382
31388
31389
31389
31393
31395
31420
31422
31429
31431
31448
31453
31455
31468
31483
31488
31510
31512
31516
31547
31547
31563
31572
31595
31628
31641
31643
31647
31648
31664
31668
31695
31700
31730
31755
31755
31762
31767
31769
31811
31816
31820
31830
31840
31851
31856
31916
31920
31922
31927
31933
31988
32001
32027
32030
32038
32043
32046
32049
32058
32061
32063
32083
32087
32092
32106
32120
32138
32149
32162
32182
32193
32209
32210
32212
32223
32234
32234
32244
32262
32264
32289
32291
32297
32300
32304
32304
32314
32320
32320
32323
32327
32332
32339
32343
32354
32355
32361
32368
32378
32389
32391
32399
32401
32416
32443
32461
32475
32478
32481
32502
32505
32524
32527
32528
32531
32537
32544
32548
32588
32595
32629
32631
32632
32642
32644
32647
32663
32681
32681
32697
32725
32732
32739
32749
32764
32764
32795
32797
32823
32833
32839
32842
32848
32849
32850
32853
32877
32878
32895
32911
32918
32930
32937
32955
32968
32969
33003
33039
33055
33061
33066
33071
33091
33092
33102
33108
33108
33111
33118
33138
33165
33205
33212
33227
33227
33254
33254
33254
33258
33273
33284
33303
33313
33328
33333
33341
33353
33360
33389
33404
33418
33443
33453
33457
33468
33476
33481
33483
33483
33493
33497
33510
33526
33532
33536
33540
33551
33552
33566
33568
33572
33585
33600
33640
33655
33661
33663
33671
33687
33695
33698
33712
33723
33743
33749
33755
33773
33780
33789
33792
33803
33805
33807
33821
33843
33866
33892
33895
33898
33924
33927
33938
33957
33973
33984
33988
34002
34005
34005
34008
34017
34017
34020
34072
34077
34085
34088
34091
34104
34105
34108
34116
34134
34144
34148
34155
34158
34158
34174
34179
34200
34214
34214
34220
34232
34234
34236
34263
34281
34285
34297
34316
34346
34349
34352
34354
34363
34366
34375
34379
34380
34387
34403
34405
34416
34426
34494
34495
34512
34513
34517
34529
34537
34538
34539
34543
34543
34545
34572
34584
34606
34608
34624
34626
34629
34640
34660
34665
34665
34666
34669
34670
34677
34682
34693
34697
34702
34706
34710
34729
34729
34742
34750
34750
34760
34764
34765
34780
34785
34786
34822
34827
34828
34848
34888
34920
34921
34925
34930
34932
34934
34948
34956
34991
34997
35013
35017
35027
35032
35042
35047
35048
35049
35056
35060
35062
35068
35071
35087
35095
35097
35116
35119
35128
35133
35136
35144
35148
35149
35154
35163
35171
35173
35183
35184
35191
35199
35203
35215
35241
35242
35258
35277
35305
35318
35324
35340
35352
35354
35357
35361
35365
35365
35373
35376
35379
35392
35408
35409
35410
35412
35434
35436
35437
35458
35484
35507
35513
35517
35520
35521
35552
35554
35556
35564
35567
35613
35616
35626
35640
35646
35688
35697
35708
35733
35740
35741
35742
35775
35798
35798
35800
35803
35812
35832
35832
35886
35927
35933
35935
35937
35943
35946
35952
35954
35990
35996
36016
36055
36058
36063
36075
36079
36089
36094
36097
36098
36109
36133
36138
36153
36159
36176
36176
36178
36185
36192
36200
36202
36203
36216
36218
36248
36253
36266
36268
36270
36273
36275
36306
36313
36334
36349
36350
36358
36359
36359
36381
36385
36388
36407
36419
36419
36428
36430
36446
36462
36463
36472
36474
36492
36494
36499
36505
36535
36551
36555
36564
36573
36577
36629
36631
36645
36646
36680
36698
36702
36703
36721
36745
36786
36789
36808
36814
36817
36822
36838
36858
36860
36875
36882
36890
36925
36930
36937
36943
36954
36959
36963
36964
36974
36982
36986
37000
37005
37008
37022
37029
37041
37055
37077
37081
37098
37098
37099
37106
37116
37125
37129
37148
37174
37180
37213
37223
37224
37239
37266
37268
37278
37279
37291
37294
37312
37313
37315
37326
37340
37349
37377
37391
37402
37407
37412
37422
37428
37431
37431
37450
37454
37455
37455
37465
37469
37489
37503
37507
37522
37526
37529
37542
37546
37547
37550
37552
37571
37580
37582
37584
37593
37599
37616
37618
37669
37677
37695
37699
37704
37706
37737
37742
37752
37759
37768
37772
37774
37776
37779
37782
37797
37799
37802
37826
37827
37840
37846
37847
37849
37858
37870
37872
37879
37886
37888
37904
37916
37919
37927
37929
37932
37943
37949
37955
37958
37960
37963
37985
37991
37993
37997
37997
38010
38014
38031
38036
38045
38050
38056
38059
38077
38079
38083
38115
38129
38132
38135
38153
38159
38174
38176
38179
38181
38191
38208
38208
38241
38242
38250
38254
38259
38269
38279
38308
38325
38329
38337
38347
38355
38377
38387
38402
38416
38430
38439
38441
38449
38454
38457
38458
38474
38482
38494
38505
38506
38511
38511
38512
38525
38541
38557
38574
38596
38620
38631
38631
38640
38643
38643
38648
38661
38677
38684
38689
38697
38714
38714
38720
38728
38737
38746
38771
38784
38788
38798
38813
38820
38827
38844
38875
38877
38884
38894
38894
38900
38919
38937
38938
38945
38969
38972
38986
38987
38997
39004
39005
39005
39016
39020
39023
39029
39030
39030
39031
39050
39054
39055
39059
39066
39066
39069
39070
39080
39099
39108
39110
39111
39116
39130
39149
39162
39167
39177
39189
39215
39234
39234
39240
39252
39257
39259
39284
39299
39300
39311
39316
39316
39323
39327
39327
39330
39332
39333
39337
39346
39354
39355
39366
39367
39388
39391
39394
39398
39404
39433
39438
39447
39447
39452
39457
39459
39465
39496
39499
39532
39566
39573
39581
39587
39596
39613
39616
39631
39638
39654
39659
39664
39673
39681
39682
39701
39723
39729
39737
39739
39740
39746
39757
39763
39774
39775
39780
39787
39797
39798
39801
39811
39813
39822
39823
39826
39836
39846
39853
39859
39864
39867
39876
39887
39897
39907
39915
39917
39917
39920
39939
39946
39959
39960
39964
39996
40000
40022
40030
40031
40032
40067
40071
40086
40101
40115
40120
40121
40124
40125
40126
40142
40147
40153
40154
40160
40160
40166
40177
40181
40189
40192
40193
40195
40197
40203
40204
40209
40216
40231
40231
40233
40238
40239
40254
40271
40271
40278
40301
40301
40303
40314
40318
40326
40357
40359
40361
40364
40365
40369
40371
40386
40394
40400
40402
40403
40423
40437
40451
40455
40456
40462
40468
40482
40485
40487
40502
40515
40529
40530
40544
40546
40553
40557
40563
40567
40570
40576
40615
40616
40624
40645
40674
40686
40688
40689
40691
40705
40707
40723
40746
40757
40757
40766
40768
40768
40789
40815
40817
40824
40870
40914
40920
40937
40938
40945
40956
40958
40974
40981
40989
40989
40994
41004
41004
41012
41018
41024
41025
41041
41052
41054
41065
41083
41097
41098
41108
41109
41114
41128
41136
41140
41168
41178
41193
41195
41202
41214
41222
41227
41232
41252
41265
41271
41286
41290
41301
41313
41317
41322
41324
41329
41335
41345
41349
41353
41359
41362
41380
41392
41402
41409
41441
41447
41450
41460
41477
41498
41499
41500
41510
41515
41522
41531
41542
41548
41563
41591
41607
41613
41618
41628
41633
41647
41650
41651
41654
41659
41660
41664
41665
41672
41678
41690
41708
41725
41725
41730
41745
41768
41801
41814
41818
41841
41843
41844
41849
41856
41857
41859
41865
41873
41890
41891
41924
41929
41933
41941
41948
41975
41989
41997
42003
42013
42014
42020
42024
42025
42031
42053
42060
42063
42065
42076
42079
42087
42089
42103
42106
42111
42112
42136
42141
42159
42168
42177
42182
42184
42186
42188
42190
42203
42209
42211
42228
42252
42277
42277
42305
42305
42325
42334
42343
42352
42366
42378
42379
42381
42391
42393
42413
42422
42436
42452
42459
42460
42469
42486
42499
42504
42515
42523
42526
42527
42534
42534
42538
42542
42548
42561
42568
42585
42600
42606
42614
42617
42622
42639
42640
42654
42665
42665
42697
42698
42700
42709
42710
42736
42742
42753
42774
42807
42814
42830
42840
42843
42847
42860
42891
42896
42918
42918
42942
42952
42957
42964
42986
42994
43011
43038
43051
43064
43072
43080
43090
43108
43111
43115
43121
43129
43151
43162
43172
43180
43181
43185
43188
43191
43191
43196
43209
43213
43229
43237
43241
43243
43243
43260
43272
43309
43316
43320
43331
43364
43381
43383
43384
43385
43407
43408
43410
43431
43464
43465
43477
43493
43499
43510
43519
43534
43534
43567
43585
43585
43585
43587
43597
43597
43608
43617
43623
43625
43642
43672
43680
43687
43693
43719
43732
43745
43781
43787
43791
43823
43836
43848
43886
43924
43937
43965
43972
43985
44004
44006
44008
44011
44013
44019
44056
44062
44064
44079
44090
44130
44137
44142
44144
44148
44148
44151
44155
44159
44164
44198
44217
44230
44236
44237
44245
44260
44263
44265
44272
44274
44285
44294
44301
44305
44316
44318
44323
44338
44339
44393
44414
44454
44462
44470
44470
44494
44497
44509
44525
44530
44544
44546
44548
44549
44551
44554
44559
44561
44564
44567
44577
44590
44608
44628
44658
44660
44662
44663
44672
44694
44700
44704
44712
44728
44752
44755
44767
44779
44794
44797
44798
44821
44839
44841
44845
44848
44848
44856
44869
44880
44891
44893
44895
44899
44899
44899
44905
44915
44933
44944
44969
44979
44985
44987
45003
45026
45036
45045
45046
45053
45065
45065
45068
45083
45088
45089
45096
45099
45118
45130
45136
45139
45149
45165
45174
45175
45179
45196
45212
45213
45224
45226
45261
45269
45277
45279
45300
45304
45305
45313
45317
45317
45323
45348
45349
45350
45353
45363
45371
45382
45383
45384
45386
45387
45396
45410
45412
45418
45422
45442
45442
45445
45458
45471
45480
45484
45515
45520
45521
45528
45529
45539
45544
45546
45546
45563
45577
45600
45607
45610
45643
45647
45691
45702
45709
45717
45725
45726
45728
45737
45739
45744
45746
45746
45760
45775
45781
45787
45795
45802
45818
45822
45829
45833
45837
45861
45864
45877
45885
45888
45889
45899
45903
45905
45914
45922
45944
45949
45957
45958
45959
45967
45969
45973
45975
45995
46004
46008
46020
46035
46042
46044
46050
46056
46061
46063
46096
46102
46108
46119
46121
46129
46135
46136
46139
46140
46158
46164
46166
46170
46172
46175
46177
46177
46184
46187
46203
46203
46212
46223
46225
46229
46275
46294
46296
46297
46326
46338
46346
46358
46360
46364
46374
46383
46384
46392
46396
46410
46421
46427
46428
46432
46435
46437
46438
46454
46465
46469
46481
46483
46493
46524
46529
46542
46556
46566
46567
46571
46572
46587
46598
46601
46606
46610
46616
46617
46637
46641
46656
46672
46672
46673
46680
46703
46732
46733
46738
46757
46768
46770
46772
46776
46776
46783
46796
46803
46813
46818
46824
46842
46855
46856
46889
46892
46897
46898
46899
46903
46909
46909
46910
46913
46921
46945
46949
46959
46963
46965
46994
47007
47012
47028
47029
47034
47036
47038
47043
47059
47069
47080
47087
47098
47102
47105
47124
47128
47132
47134
47154
47157
47162
47182
47187
47237
47253
47268
47269
47294
47297
47306
47309
47330
47339
47341
47365
47366
47370
47370
47373
47388
47429
47430
47436
47438
47440
47442
47452
47469
47473
47525
47533
47534
47537
47539
47539
47550
47555
47557
47572
47584
47584
47585
47600
47602
47612
47613
47615
47617
47618
47621
47623
47630
47649
47658
47658
47676
47690
47704
47705
47707
47747
47770
47779
47786
47796
47803
47810
47812
47817
47820
47833
47839
47841
47851
47858
47906
47907
47918
47918
47934
47952
47956
47968
47969
47970
48023
48059
48062
48081
48087
48099
48100
48109
48113
48119
48125
48127
48140
48154
48187
48205
48210
48218
48219
48227
48228
48232
48253
48266
48269
48287
48297
48316
48319
48366
48379
48386
48386
48391
48391
48393
48402
48408
48422
48428
48438
48439
48450
48466
48469
48489
48495
48498
48509
48515
48528
48546
48552
48564
48567
48570
48632
48633
48643
48656
48673
48688
48693
48698
48716
48742
48775
48778
48784
48794
48799
48808
48808
48819
48825
48840
48847
48856
48856
48864
48880
48890
48893
48906
48907
48911
48919
48921
48938
48949
48993
48999
49007
49018
49019
49022
49035
49052
49076
49092
49096
49097
49105
49106
49113
49118
49121
49124
49138
49145
49145
49158
49158
49163
49168
49172
49195
49203
49207
49215
49216
49217
49219
49239
49247
49272
49272
49282
49287
49301
49324
49333
49345
49346
49353
49353
49355
49356
49389
49404
49409
49425
49437
49440
49440
49449
49476
49483
49487
49488
49489
49493
49494
49495
49505
49524
49528
49538
49548
49549
49586
49606
49622
49622
49623
49634
49643
49647
49649
49666
49680
49684
49685
49692
49701
49706
49707
49713
49717
49724
49724
49726
49726
49731
49734
49755
49770
49774
49793
49802
49807
49809
49828
49852
49852
49857
49875
49878
49889
49897
49906
49922
49935
49952
49979
49982
49983
49988
49989
49991
50001
50004
50006
50012
50023
50025
50029
50048
50054
50075
50077
50080
50087
50115
50155
50161
50173
50192
50198
50209
50212
50223
50226
50228
50249
50282
50287
50287
50287
50288
50296
50297
50300
50322
50325
50326
50336
50338
50339
50344
50348
50348
50358
50370
50374
50381
50382
50388
50389
50413
50417
50419
50425
50432
50437
50444
50447
50452
50463
50483
50504
50506
50507
50526
50531
50540
50565
50567
50580
50590
50624
50639
50658
50668
50673
50673
50692
50716
50725
50726
50729
50733
50742
50751
50757
50760
50764
50810
50836
50838
50860
50862
50868
50871
50874
50904
50910
50943
50952
50973
50977
50980
50990
50997
51003
51019
51031
51046
51046
51052
51062
51073
51074
51085
51091
51114
51137
51137
51145
51154
51170
51175
51177
51178
51183
51185
51195
51213
51221
51226
51231
51233
51235
51236
51243
51246
51252
51256
51257
51268
51295
51300
51317
51332
51333
51335
51348
51359
51384
51394
51407
51409
51419
51419
51420
51423
51448
51460
51471
51476
51486
51487
51493
51502
51511
51513
51519
51530
51545
51578
51584
51593
51600
51601
51601
51613
51619
51620
51643
51664
51670
51671
51691
51696
51713
51716
51733
51734
51736
51746
51759
51770
51774
51776
51777
51783
51786
51813
51819
51842
51866
51868
51870
51870
51872
51878
51881
51899
51918
51935
51939
51943
51946
51953
51960
51971
51975
51997
52016
52024
52030
52037
52057
52068
52082
52089
52119
52127
52144
52147
52149
52170
52173
52183
52193
52196
52199
52200
52222
52226
52232
52249
52261
52265
52277
52293
52310
52315
52327
52329
52344
52355
52356
52361
52363
52374
52375
52379
52392
52412
52439
52448
52449
52454
52466
52489
52490
52507
52513
52514
52516
52533
52535
52541
52549
52566
52570
52588
52597
52621
52624
52629
52645
52653
52666
52670
52673
52676
52682
52696
52698
52731
52748
52751
52757
52772
52785
52789
52813
52841
52848
52855
52881
52893
52905
52923
52925
52946
52947
52963
52974
52976
53002
53021
53026
53036
53040
53078
53086
53103
53117
53130
53137
53139
53154
53163
53183
53186
53188
53219
53233
53249
53257
53259
53311
53348
53354
53368
53374
53381
53386
53399
53410
53427
53428
53429
53432
53463
53484
53487
53487
53507
53512
53516
53522
53534
53537
53545
53561
53567
53573
53628
53633
53634
53636
53652
53661
53662
53670
53671
53685
53688
53695
53705
53712
53728
53728
53733
53737
53743
53752
53754
53789
53799
53807
53821
53828
53833
53837
53851
53852
53859
53861
53862
53876
53898
53901
53919
53923
53930
53938
53953
53954
53959
54005
54014
54019
54033
54035
54044
54049
54056
54064
54101
54103
54116
54122
54124
54136
54140
54156
54165
54172
54183
54191
54198
54206
54207
54209
54218
54230
54238
54241
54249
54251
54257
54293
54295
54307
54317
54318
54322
54332
54343
54347
54356
54372
54377
54380
54402
54423
54430
54433
54444
54456
54461
54469
54477
54483
54498
54501
54502
54506
54507
54507
54524
54534
54536
54543
54547
54566
54572
54573
54577
54583
54615
54638
54642
54646
54646
54647
54664
54666
54668
54675
54709
54711
54729
54740
54760
54784
54786
54808
54831
54832
54839
54840
54843
54851
54886
54893
54895
54899
54900
54909
54915
54925
54926
54933
54940
54946
54965
54972
54974
54981
54991
55005
55007
55021
55023
55028
55031
55034
55037
55037
55041
55052
55082
55089
55089
55122
55123
55132
55135
55136
55156
55156
55160
55161
55166
55169
55182
55183
55214
55215
55244
55256
55277
55296
55308
55314
55321
55322
55324
55324
55326
55344
55362
55363
55371
55399
55401
55407
55414
55419
55436
55461
55463
55469
55486
55504
55507
55513
55569
55572
55577
55578
55589
55623
55632
55638
55641
55658
55680
55683
55687
55688
55688
55693
55703
55704
55711
55713
55731
55740
55758
55773
55776
55807
55812
55823
55842
55891
55901
55910
55914
55933
55950
55985
55989
56001
56009
56013
56023
56029
56038
56040
56043
56044
56050
56050
56056
56075
56077
56095
56107
56114
56133
56139
56141
56168
56169
56176
56200
56203
56203
56206
56207
56214
56220
56223
56266
56267
56274
56277
56278
56283
56300
56302
56316
56318
56323
56330
56333
56367
56390
56402
56415
56416
56422
56425
56431
56454
56466
56477
56489
56491
56493
56502
56523
56523
56535
56549
56552
56573
56607
56610
56635
56641
56648
56652
56666
56683
56722
56735
56741
56759
56762
56764
56771
56781
56784
56786
56792
56813
56828
56840
56841
56851
56853
56859
56882
56886
56895
56897
56899
56899
56911
56912
56915
56915
56916
56924
56958
56963
56971
56980
56987
56996
57006
57009
57010
57015
57021
57021
57036
57043
57064
57066
57068
57070
57079
57080
57080
57099
57110
57111
57113
57125
57129
57137
57148
57158
57163
57186
57205
57210
57224
57233
57235
57236
57246
57267
57268
57274
57277
57278
57295
57301
57312
57313
57315
57333
57338
57355
57362
57372
57391
57391
57402
57404
57407
57407
57411
57412
57427
57431
57447
57452
57456
57461
57469
57474
57485
57525
57538
57550
57553
57555
57560
57568
57600
57609
57616
57621
57628
57632
57643
57643
57665
57679
57680
57689
57690
57697
57705
57712
57715
57741
57759
57780
57783
57791
57796
57806
57808
57824
57832
57833
57841
57844
57846
57848
57854
57868
57870
57876
57887
57890
57895
57901
57906
57907
57908
57914
57925
57935
57941
57948
57950
57953
57968
57970
57974
57974
58010
58028
58031
58038
58041
58053
58056
58068
58069
58071
58071
58077
58090
58096
58099
58099
58106
58113
58130
58144
58152
58162
58162
58164
58167
58173
58175
58190
58195
58206
58208
58210
58211
58213
58251
58251
58262
58276
58277
58285
58314
58321
58356
58357
58371
58388
58392
58397
58403
58412
58415
58424
58437
58444
58447
58448
58454
58457
58463
58474
58479
58492
58501
58501
58509
58526
58536
58545
58546
58547
58557
58559
58564
58568
58582
58592
58601
58603
58623
58631
58658
58669
58682
58684
58690
58715
58736
58753
58757
58762
58780
58790
58796
58797
58801
58806
58807
58819
58842
58850
58912
58917
58926
58960
58974
59003
59015
59023
59035
59047
59049
59050
59059
59073
59076
59079
59092
59117
59117
59140
59140
59141
59146
59150
59154
59160
59171
59183
59190
59192
59201
59202
59202
59209
59213
59222
59223
59236
59239
59243
59246
59248
59261
59283
59284
59290
59290
59293
59300
59318
59324
59339
59347
59356
59360
59373
59373
59374
59376
59404
59417
59419
59421
59423
59425
59429
59450
59454
59509
59519
59550
59552
59565
59572
59584
59591
59592
59622
59635
59637
59660
59666
59684
59686
59704
59705
59713
59718
59719
59743
59752
59760
59772
59773
59787
59794
59795
59798
59802
59805
59812
59830
59830
59834
59836
59847
59856
59858
59865
59898
59914
59915
59919
59932
59934
59939
59939
59946
59947
59958
59964
59965
59966
59980
59986
59995
60004
60013
60025
60029
60029
60050
60058
60096
60098
60101
60109
60117
60128
60141
60152
60152
60154
60157
60157
60161
60178
60199
60204
60209
60212
60242
60248
60259
60270
60301
60301
60309
60313
60316
60336
60341
60350
60352
60381
60401
60405
60411
60411
60442
60443
60463
60466
60478
60488
60493
60494
60519
60536
60542
60544
60548
60555
60561
60565
60582
60588
60613
60615
60624
60651
60657
60661
60666
60671
60671
60674
60698
60698
60721
60727
60729
60748
60750
60757
60759
60784
60793
60806
60809
60826
60832
60836
60840
60845
60851
60865
60869
60890
60895
60909
60937
60945
60951
60954
60959
60961
60971
60993
60999
61002
61022
61025
61028
61033
61045
61049
61059
61070
61096
61108
61108
61117
61144
61152
61170
61186
61201
61206
61226
61235
61239
61248
61250
61278
61284
61285
61287
61293
61298
61302
61308
61310
61317
61333
61337
61343
61381
61397
61397
61436
61444
61458
61482
61487
61488
61489
61494
61520
61528
61536
61540
61554
61562
61569
61574
61582
61588
61606
61617
61633
61638
61638
61642
61658
61666
61691
61705
61718
61722
61724
61736
61736
61737
61739
61748
61755
61758
61759
61760
61763
61781
61783
61790
61791
61800
61802
61814
61820
61840
61847
61847
61873
61877
61884
61898
61907
61909
61916
61918
61925
61949
61949
61960
61962
61977
61981
61985
61987
61998
62005
62021
62036
62066
62084
62094
62103
62125
62126
62143
62146
62154
62166
62171
62176
62182
62191
62195
62202
62205
62206
62211
62219
62237
62250
62259
62262
62264
62266
62273
62273
62290
62293
62296
62304
62308
62308
62312
62318
62330
62366
62368
62382
62382
62412
62430
62431
62442
62451
62455
62462
62475
62503
62518
62547
62549
62557
62571
62572
62584
62596
62604
62615
62620
62632
62636
62645
62646
62647
62647
62649
62652
62655
62656
62658
62661
62669
62682
62686
62687
62690
62705
62722
62726
62730
62743
62747
62753
62762
62763
62763
62778
62789
62789
62791
62798
62816
62821
62826
62828
62835
62837
62861
62868
62920
62942
62948
62964
62968
62970
62982
62996
63021
63024
63024
63025
63066
63066
63074
63100
63119
63157
63164
63167
63180
63193
63197
63203
63204
63225
63239
63239
63246
63258
63261
63275
63280
63311
63314
63323
63330
63334
63346
63349
63355
63370
63403
63411
63419
63423
63441
63448
63456
63489
63509
63514
63519
63546
63548
63568
63586
63587
63590
63601
63604
63609
63610
63635
63649
63655
63673
63677
63684
63692
63709
63710
63710
63719
63721
63726
63742
63743
63755
63760
63770
63773
63788
63793
63804
63818
63836
63839
63851
63875
63888
63889
63891
63894
63919
63933
63938
63945
63958
63963
63968
63972
63974
63989
63991
64016
64017
64035
64050
64062
64064
64070
64098
64104
64116
64117
64119
64155
64180
64183
64195
64199
64201
64209
64218
64236
64257
64261
64263
64274
64283
64302
64304
64307
64318
64329
64353
64355
64355
64359
64364
64371
64372
64373
64379
64384
64391
64403
64407
64410
64423
64469
64471
64472
64474
64516
64522
64523
64531
64540
64543
64547
64550
64552
64556
64557
64562
64564
64568
64571
64584
64609
64616
64629
64639
64647
64649
64653
64659
64662
64665
64698
64705
64723
64729
64744
64752
64763
64775
64785
64794
64795
64796
64813
64821
64823
64824
64825
64840
64851
64857
64874
64880
64887
64894
64897
64902
64906
64915
64919
64940
64963
64981
65009
65011
65021
65040
65042
65050
65055
65055
65061
65074
65089
65095
65098
65125
65126
65145
65147
65172
65175
65180
65192
65210
65211
65238
65241
65241
65244
65246
65260
65267
65282
65298
65302
65309
65315
65323
65340
65346
65360
65365
65367
65400
65400
65402
65418
65427
65433
65438
65438
65441
65447
65451
65474
65481
65483
65487
65506
65522
65527
65530
65533
65544
65566
65568
65585
65589
65610
65614
65615
65619
65621
65628
65630
65631
65638
65642
65653
65654
65659
65659
65665
65678
65686
65686
65691
65696
65707
65718
65722
65759
65759
65773
65785
65810
65828
65835
65869
65908
65919
65922
65932
65937
65950
65951
65952
65960
65975
65985
65990
65994
66025
66025
66029
66030
66033
66034
66051
66070
66073
66090
66095
66104
66105
66112
66118
66125
66133
66138
66139
66213
66246
66254
66254
66258
66270
66272
66276
66283
66289
66301
66305
66334
66343
66348
66358
66368
66370
66373
66374
66380
66386
66388
66410
66423
66424
66426
66433
66452
66455
66464
66496
66504
66517
66519
66519
66530
66535
66537
66549
66569
66596
66610
66613
66620
66633
66645
66649
66655
66663
66669
66677
66693
66694
66696
66698
66706
66714
66718
66718
66753
66755
66757
66760
66760
66764
66766
66784
66795
66822
66850
66853
66857
66863
66866
66881
66885
66892
66895
66897
66937
66939
66946
66946
66955
66975
67015
67016
67022
67041
67050
67073
67090
67096
67100
67108
67108
67116
67126
67131
67147
67153
67155
67161
67165
67166
67168
67170
67185
67188
67199
67208
67237
67259
67277
67285
67294
67296
67298
67300
67300
67316
67317
67319
67334
67335
67358
67369
67373
67374
67381
67428
67443
67451
67454
67456
67461
67466
67473
67479
67482
67482
67485
67492
67507
67521
67521
67527
67527
67540
67541
67544
67548
67550
67551
67554
67567
67569
67569
67589
67593
67599
67607
67609
67633
67635
67663
67664
67668
67669
67673
67684
67684
67699
67705
67705
67719
67725
67725
67728
67745
67756
67762
67777
67786
67822
67836
67843
67849
67858
67863
67867
67876
67883
67885
67889
67891
67926
67932
67932
67935
67936
67939
67947
67949
67951
67993
68018
68034
68044
68046
68051
68051
68055
68067
68075
68078
68079
68088
68106
68111
68115
68116
68125
68130
68135
68144
68148
68162
68184
68186
68189
68196
68205
68219
68222
68234
68235
68238
68241
68244
68275
68283
68294
68300
68309
68317
68321
68347
68348
68413
68427
68427
68428
68441
68444
68458
68458
68464
68464
68467
68467
68484
68484
68484
68534
68540
68640
68653
68663
68663
68670
68713
68716
68748
68752
68768
68782
68794
68797
68805
68805
68821
68830
68835
68837
68854
68867
68883
68885
68892
68901
68905
68909
68920
68926
68934
68935
68940
68941
68945
68957
68959
68978
68982
68984
69000
69004
69026
69031
69040
69045
69067
69068
69094
69096
69106
69144
69147
69148
69153
69163
69173
69193
69201
69201
69201
69224
69225
69225
69235
69236
69237
69257
69289
69292
69292
69295
69305
69307
69313
69318
69329
69345
69351
69360
69369
69376
69381
69383
69415
69457
69463
69484
69495
69506
69516
69518
69523
69530
69530
69535
69545
69561
69578
69597
69609
69616
69619
69630
69633
69650
69652
69661
69668
69669
69674
69702
69724
69728
69731
69736
69739
