10
13
16
45
47
67
68
74
75
76
78
89
97
98
98
118
141
157
158
165
183
201
213
217
227
232
247
250
273
284
297
305
314
320
321
324
330
331
333
341
363
380
384
395
429
449
454
458
485
490
491
519
525
531
558
583
584
600
611
626
627
627
641
649
675
677
694
700
709
710
716
725
729
739
740
741
745
752
763
796
796
806
809
818
841
845
854
858
888
892
940
955
968
977
981
992
1008
1018
1023
1031
1032
1049
1084
1087
1097
1109
1115
1121
1136
1143
1143
1147
1197
1199
1229
1229
1230
1235
1254
1256
1262
1269
1301
1311
1321
1377
1378
1386
1422
1439
1447
1458
1462
1470
1479
1483
1489
1510
1510
1522
1523
1558
1585
1586
1593
1600
1617
1619
1625
1647
1660
1685
1687
1697
1718
1740
1776
1794
1809
1822
1823
1841
1850
1877
1884
1887
1889
1893
1898
1903
1924
1950
1963
1975
1983
1989
2008
2022
2042
2042
2058
2066
2075
2080
2100
2108
2115
2134
2151
2158
2191
2210
2226
2243
2267
2271
2275
2276
2281
2288
2309
2315
2342
2368
2379
2389
2391
2392
2400
2405
2408
2412
2421
2435
2450
2452
2456
2464
2474
2480
2484
2498
2499
2510
2510
2532
2549
2563
2566
2572
2580
2587
2611
2615
2668
2684
2690
2701
2707
2715
2743
2759
2765
2766
2787
2797
2820
2820
2849
2873
2881
2883
2886
2906
2928
2943
2953
2964
2969
2970
2971
2976
3013
3029
3031
3034
3044
3050
3061
3078
3084
3087
3093
3121
3144
3151
3152
3158
3158
3191
3196
3207
3213
3213
3219
3233
3253
3264
3267
3277
3282
3299
3314
3315
3337
3341
3346
3358
3371
3379
3390
3392
3439
3444
3455
3461
3467
3494
3495
3504
3518
3547
3557
3560
3567
3569
3578
3579
3591
3596
3641
3642
3643
3645
3665
3669
3746
3765
3790
3797
3797
3803
3824
3835
3836
3839
3846
3851
3851
3908
3913
3920
3928
3959
3969
3993
4003
4009
4009
4023
4046
4110
4113
4121
4128
4130
4134
4148
4173
4180
4195
4227
4243
4245
4258
4304
4345
4354
4359
4362
4382
4385
4400
4427
4435
4467
4467
4469
4489
4504
4512
4514
4518
4522
4522
4525
4532
4536
4551
4567
4570
4572
4572
4592
4599
4632
4634
4641
4642
4645
4655
4662
4669
4671
4681
4684
4687
4690
4694
4695
4701
4722
4724
4742
4746
4760
4766
4770
4801
4814
4828
4840
4842
4844
4845
4867
4880
4894
4922
4932
4943
4961
4971
4971
4987
4992
4995
4997
5003
5008
5029
5043
5079
5081
5089
5112
5121
5121
5123
5127
5144
5157
5164
5180
5200
5208
5213
5221
5222
5225
5227
5228
5230
5312
5316
5323
5329
5347
5349
5364
5403
5411
5417
5431
5464
5469
5474
5475
5475
5492
5501
5518
5525
5527
5551
5556
5572
5581
5609
5640
5642
5653
5662
5667
5673
5684
5699
5711
5711
5727
5734
5735
5738
5779
5781
5783
5803
5824
5828
5831
5835
5836
5838
5843
5851
5915
5918
5942
5943
5946
5956
5963
5970
5987
5995
6026
6043
6057
6068
6076
6086
6094
6121
6135
6139
6143
6150
6155
6159
6160
6162
6174
6205
6210
6213
6220
6234
6252
6256
6271
6279
6293
6299
6317
6369
6413
6424
6424
6424
6468
6470
6477
6487
6542
6569
6572
6579
6616
6618
6630
6638
6685
6697
6704
6720
6737
6744
6748
6749
6751
6757
6761
6762
6802
6813
6817
6836
6853
6857
6867
6873
6879
6889
6892
6938
6950
6952
6963
6983
6999
7026
7033
7035
7040
7043
7045
7052
7055
7065
7083
7086
7086
7087
7102
7108
7122
7132
7135
7148
7148
7156
7156
7159
7160
7199
7216
7221
7249
7264
7276
7291
7326
7332
7334
7341
7361
7374
7380
7392
7394
7408
7441
7448
7450
7456
7473
7482
7511
7514
7514
7521
7527
7536
7551
7557
7561
7565
7590
7591
7634
7646
7650
7654
7658
7673
7687
7702
7723
7753
7754
7769
7785
7834
7835
7840
7873
7889
7920
7934
7952
7957
7971
7972
7999
8018
8025
8033
8034
8040
8042
8051
8059
8067
8069
8069
8071
8076
8078
8081
8101
8101
8112
8113
8155
8158
8173
8180
8213
8240
8278
8301
8305
8309
8335
8353
8359
8360
8375
8375
8410
8418
8423
8442
8443
8443
8446
8450
8464
8476
8482
8483
8486
8527
8534
8555
8576
8609
8619
8620
8654
8675
8676
8684
8699
8705
8721
8725
8730
8731
8734
8735
8741
8751
8753
8762
8764
8769
8779
8814
8828
8839
8846
8848
8851
8854
8862
8875
8900
8902
8962
8965
8970
8975
8981
8991
8999
9020
9048
9101
9135
9135
9154
9154
9164
9173
9185
9189
9208
9229
9233
9237
9240
9251
9255
9261
9270
9272
9273
9288
9306
9307
9318
9319
9321
9335
9354
9355
9362
9363
9377
9379
9387
9392
9397
9406
9415
9428
9439
9448
9453
9455
9458
9466
9477
9482
9482
9503
9515
9516
9524
9531
9548
9581
9587
9589
9593
9609
9611
9622
9623
9645
9674
9686
9701
9713
9732
9746
9759
9772
9777
9787
9799
9800
9806
9826
9835
9836
9844
9866
9889
9889
9889
9897
9904
9910
9911
9917
9934
9963
9965
9989
10002
10021
10027
10031
10032
10072
10087
10088
10117
10121
10128
10129
10137
10160
10162
10165
10169
10183
10184
10196
10207
10208
10226
10229
10231
10239
10271
10276
10282
10283
10288
10311
10313
10343
10346
10362
10363
10373
10387
10413
10414
10438
10442
10443
10460
10464
10471
10482
10495
10516
10520
10536
10538
10553
10555
10556
10559
10571
10583
10588
10592
10593
10598
10610
10614
10622
10638
10647
10662
10668
10673
10683
10687
10702
10711
10749
10750
10770
10780
10783
10805
10812
10831
10854
10859
10865
10871
10872
10886
10894
10912
10922
10944
10968
10974
10985
10998
11002
11005
11005
11019
11028
11033
11034
11040
11042
11043
11052
11057
11060
11065
11081
11095
11114
11115
11126
11138
11157
11162
11176
11177
11179
11181
11197
11214
11228
11258
11273
11282
11293
11297
11330
11346
11351
11359
11371
11384
11403
11437
11465
11474
11476
11488
11493
11499
11513
11531
11542
11544
11550
11567
11570
11575
11586
11589
11603
11650
11657
11660
11672
11676
11683
11684
11684
11691
11692
11702
11706
11708
11716
11727
11759
11778
11797
11800
11806
11808
11844
11852
11852
11855
11869
11900
11902
11904
11927
11937
11960
11974
11981
11983
11983
11984
11992
12009
12014
12019
12021
12048
12056
12059
12059
12060
12091
12102
12123
12127
12130
12150
12158
12161
12164
12171
12176
12177
12199
12207
12225
12233
12235
12245
12265
12272
12274
12276
12278
12294
12301
12302
12310
12327
12359
12374
12389
12400
12406
12425
12425
12429
12461
12544
12546
12566
12566
12571
12574
12589
12591
12596
12597
12607
12616
12616
12700
12708
12726
12745
12747
12750
12775
12777
12820
12827
12851
12854
12926
12930
12931
12935
12946
12951
12954
12966
12986
12993
13005
13006
13017
13023
13028
13032
13043
13062
13064
13072
13075
13119
13120
13129
13131
13155
13155
13156
13162
13164
13165
13166
13169
13176
13181
13182
13184
13184
13185
13185
13193
13198
13198
13233
13233
13263
13264
13329
13337
13360
13360
13388
13393
13434
13441
13457
13460
13462
13463
13477
13491
13519
13521
13528
13533
13539
13539
13549
13565
13574
13575
13576
13595
13599
13602
13642
13652
13658
13658
13672
13676
13701
13707
13712
13714
13732
13764
13766
13774
13779
13806
13807
13808
13814
13819
13835
13838
13845
13870
13870
13884
13887
13891
13900
13903
13943
13956
13998
13998
14020
14023
14026
14029
14052
14052
14053
14060
14072
14086
14092
14092
14092
14098
14118
14128
14137
14139
14143
14159
14170
14176
14178
14178
14192
14194
14195
14202
14233
14239
14240
14261
14270
14271
14277
14283
14285
14285
14286
14297
14319
14327
14349
14374
14384
14388
14402
14404
14440
14456
14460
14467
14474
14527
14548
14567
14571
14578
14585
14587
14594
14609
14618
14627
14650
14652
14671
14672
14684
14708
14710
14715
14717
14730
14734
14744
14751
14756
14767
14774
14783
14806
14807
14831
14834
14834
14841
14861
14890
14945
14948
14952
14961
14971
14973
14977
14997
15005
15013
15022
15033
15036
15037
15040
15068
15106
15131
15136
15144
15145
15146
15167
15168
15182
15193
15197
15198
15223
15226
15258
15259
15267
15271
15317
15323
15338
15350
15369
15384
15388
15407
15422
15433
15440
15457
15462
15469
15485
15517
15527
15530
15535
15545
15549
15551
15558
15559
15568
15574
15586
15588
15596
15599
15620
15624
15632
15635
15641
15649
15650
15665
15677
15689
15710
15717
15720
15726
15729
15733
15767
15771
15773
15803
15809
15825
15826
15838
15843
15848
15863
15867
15868
15889
15889
15895
15920
15932
15962
15983
15992
16002
16013
16019
16030
16032
16037
16045
16050
16061
16073
16075
16081
16082
16090
16092
16095
16104
16105
16133
16153
16163
16172
16183
16190
16196
16198
16231
16242
16243
16273
16284
16284
16294
16295
16296
16301
16323
16328
16333
16334
16336
16340
16345
16360
16365
16373
16401
16415
16423
16423
16446
16467
16469
16470
16471
16477
16530
16559
16576
16583
16590
16597
16600
16601
16609
16616
16617
16657
16662
16664
16668
16696
16703
16707
16707
16709
16731
16741
16750
16756
16764
16765
16765
16767
16809
16813
16820
16845
16908
16954
16976
16983
17016
17020
17028
17039
17051
17055
17056
17072
17081
17104
17115
17135
17137
17139
17151
17161
17168
17178
17183
17198
17202
17218
17248
17261
17306
17310
17385
17405
17413
17416
17416
17421
17437
17441
17454
17461
17465
17514
17515
17521
17523
17524
17528
17537
17548
17554
17565
17565
17571
17578
17603
17606
17623
17630
17639
17641
17644
17663
17667
17671
17680
17682
17704
17724
17728
17769
17788
17803
17812
17825
17840
17849
17853
17894
17897
17897
17898
17916
17916
17931
17939
17940
17944
17946
17948
17951
17955
17955
17991
17997
17998
18015
18034
18035
18037
18064
18097
18100
18103
18105
18115
18123
18132
18142
18155
18176
18184
18185
18193
18194
18205
18208
18209
18228
18237
18245
18248
18280
18294
18302
18314
18319
18336
18352
18391
18395
18407
18409
18419
18431
18439
18460
18464
18469
18471
18479
18485
18500
18507
18509
18511
18521
18523
18524
18535
18536
18556
18592
18597
18607
18611
18623
18624
18637
18658
18661
18668
18675
18687
18688
18715
18720
18742
18751
18763
18770
18772
18793
18797
18809
18816
18821
18842
18845
18853
18855
18877
18911
18912
18928
18939
18957
18959
18961
19008
19023
19057
19061
19062
19065
19096
19107
19116
19133
19141
19146
19161
19171
19178
19179
19190
19199
19208
19224
19239
19241
19247
19248
19273
19273
19285
19286
19293
19297
19301
19309
19311
19316
19320
19321
19334
19345
19348
19367
19389
19398
19403
19413
19421
19438
19452
19463
19468
19480
19483
19498
19500
19512
19513
19515
19533
19535
19535
19539
19542
19545
19564
19590
19593
19595
19597
19612
19618
19634
19674
19679
19687
19699
19701
19702
19747
19747
19753
19754
19761
19777
19780
19798
19831
19859
19893
19896
19923
19938
19962
19967
19977
19995
19997
20019
20021
20027
20034
20038
20048
20048
20051
20054
20074
20087
20090
20104
20116
20121
20125
20143
20150
20154
20171
20172
20190
20202
20212
20219
20247
20248
20269
20287
20289
20306
20308
20326
20335
20345
20345
20351
20357
20362
20364
20365
20368
20373
20376
20385
20392
20396
20405
20406
20439
20441
20454
20489
20495
20513
20517
20530
20533
20536
20539
20544
20546
20546
20562
20573
20583
20602
20602
20623
20624
20678
20704
20707
20707
20713
20738
20762
20767
20772
20796
20816
20819
20819
20820
20836
20839
20840
20849
20872
20872
20904
20915
20915
20927
20936
20943
20950
20959
20962
20970
20984
20989
20997
20998
21009
21021
21083
21098
21108
21147
21151
21152
21168
21192
21204
21207
21221
21226
21230
21257
21258
21294
21326
21364
21382
21399
21424
21432
21434
21444
21456
21465
21481
21482
21483
21507
21510
21514
21522
21523
21527
21538
21551
21564
21567
21568
21571
21578
21618
21618
21625
21633
21652
21656
21672
21678
21680
21681
21683
21685
21708
21711
21714
21724
21731
21733
21752
21752
21756
21769
21788
21789
21828
21831
21831
21848
21853
21867
21878
21908
21909
21925
21929
21943
21944
21951
21951
21966
21974
21975
22000
22032
22043
22054
22070
22073
22074
22081
22083
22095
22109
22113
22135
22138
22150
22154
22156
22158
22161
22170
22181
22194
22201
22210
22212
22223
22236
22243
22263
22271
22273
22277
22280
22290
22312
22316
22325
22326
22333
22360
22363
22378
22427
22459
22470
22488
22497
22501
22519
22532
22538
22545
22555
22593
22643
22648
22664
22666
22675
22685
22690
22698
22723
22755
22760
22770
22781
22784
22791
22812
22864
22877
22887
22889
22903
22904
22911
22913
22922
22933
22949
22965
22967
22969
22977
22980
22981
22994
22997
23006
23013
23018
23020
23027
23054
23057
23057
23064
23070
23081
23093
23097
23114
23132
23134
23142
23143
23157
23165
23177
23183
23186
23190
23191
23217
23223
23230
23231
23254
23259
23278
23279
23318
23332
23346
23362
23380
23431
23436
23458
23466
23470
23480
23491
23505
23536
23553
23555
23565
23567
23573
23599
23611
23615
23624
23635
23673
23699
23725
23741
23748
23757
23762
23780
23785
23800
23801
23815
23823
23824
23841
23848
23850
23855
23862
23878
23896
23917
23920
23937
23937
23951
23962
23972
23975
23983
23996
24003
24005
24043
24056
24077
24086
24090
24092
24103
24118
24122
24123
24126
24126
24132
24155
24157
24183
24184
24198
24208
24214
24220
24223
24244
24252
24263
24268
24268
24274
24283
24285
24295
24296
24306
24311
24311
24316
24318
24323
24324
24325
24335
24337
24348
24349
24351
24372
24373
24377
24381
24398
24410
24413
24423
24449
24449
24453
24483
24493
24525
24538
24541
24557
24589
24590
24593
24596
24605
24643
24647
24648
24651
24661
24665
24672
24681
24682
24703
24738
24739
24751
24779
24792
24795
24799
24802
24803
24818
24821
24823
24823
24825
24829
24847
24854
24866
24867
24869
24869
24871
24873
24876
24880
24882
24882
24884
24891
24904
24921
24940
24946
24951
24955
24959
24964
24979
24983
24984
24985
25038
25050
25090
25094
25099
25106
25114
25115
25116
25119
25154
25167
25190
25210
25229
25267
25271
25283
25291
25295
25301
25308
25315
25324
25344
25375
25428
25446
25472
25486
25489
25494
25494
25504
25511
25520
25585
25595
25604
25609
25617
25620
25624
25637
25651
25665
25679
25686
25692
25700
25700
25702
25703
25703
25704
25753
25760
25764
25776
25799
25800
25809
25815
25823
25824
25848
25872
25911
25924
25938
25940
25946
25950
25986
25996
26023
26034
26047
26048
26063
26069
26079
26082
26101
26103
26112
26119
26127
26148
26148
26172
26185
26237
26246
26248
26254
26255
26273
26317
26323
26351
26353
26361
26361
26362
26389
26397
26399
26427
26441
26453
26470
26505
26535
26549
26566
26571
26581
26591
26604
26606
26617
26618
26627
26644
26650
26652
26654
26667
26676
26682
26691
26692
26696
26702
26713
26727
26731
26734
26739
26748
26763
26794
26800
26818
26865
26870
26874
26881
26882
26882
26885
26936
26956
26970
26980
26985
26997
27005
27021
27031
27035
27046
27065
27069
27074
27087
27109
27119
27122
27125
27125
27138
27154
27164
27173
27185
27244
27280
27281
27284
27300
27305
27335
27349
27369
27378
27380
27389
27410
27414
27417
27425
27469
27476
27479
27481
27489
27489
27490
27493
27517
27537
27568
27576
27579
27582
27594
27631
27643
27647
27653
27656
27660
27664
27675
27680
27690
27712
27721
27721
27725
27745
27760
27765
27790
27795
27797
27799
27799
27806
27824
27829
27834
27849
27850
27850
27855
27857
27871
27874
27882
27884
27890
27891
27892
27894
27900
27923
27929
27932
27947
27955
27990
27994
27998
27999
28005
28023
28023
28027
28038
28055
28075
28084
28100
28103
28112
28118
28129
28130
28141
28144
28149
28158
28160
28182
28189
28215
28227
28234
28244
28249
28253
28255
28259
28272
28279
28289
28292
28299
28302
28302
28309
28318
28333
28343
28345
28388
28392
28396
28410
28428
28433
28439
28440
28442
28443
28455
28457
28460
28469
28471
28494
28504
28514
28578
28585
28587
28607
28607
28632
28648
28655
28661
28661
28662
28669
28669
28687
28694
28698
28698
28711
28739
28749
28769
28785
28787
28798
28815
28841
28848
28849
28849
28858
28874
28880
28885
28888
28889
28898
28908
28931
28974
28974
28983
29023
29052
29055
29059
29068
29080
29087
29111
29116
29129
29144
29147
29171
29175
29185
29220
29222
29223
29236
29239
29242
29244
29267
29272
29278
29328
29337
29360
29378
29382
29400
29402
29413
29414
29428
29455
29466
29472
29484
29485
29497
29499
29504
29509
29518
29524
29561
29570
29574
29617
29630
29630
29671
29671
29687
29709
29713
29717
29723
29744
29759
29760
29771
29793
29816
29825
29836
29837
29840
29855
29857
29861
29861
29862
29871
29872
29874
29886
29898
29944
29958
29960
29963
29973
29978
29981
29993
29998
30000
30025
30030
30033
30043
30064
30065
30073
30075
30114
30115
30150
30163
30170
30173
30177
30178
30184
30187
30194
30204
30211
30223
30260
30265
30273
30284
30285
30303
30306
30313
30319
30322
30336
30342
30343
30399
30416
30419
30433
30439
30444
30462
30464
30479
30480
30482
30483
30485
30491
30495
30498
30512
30537
30541
30544
30559
30566
30587
30590
30602
30605
30609
30609
30625
30631
30643
30667
30683
30711
30716
30727
30762
30765
30781
30785
30792
30812
30814
30815
30842
30859
30864
30871
30903
30903
30904
30910
30918
30924
30924
30926
30941
30941
30957
30985
30993
30994
30998
31003
31016
31020
31022
31027
31030
31056
31076
31089
31109
31112
31125
31130
31144
31182
31198
31203
31205
31205
31236
31238
31251
31256
31262
31307
31317
31328
31335
31339
31341
31351
31360
31365
31383
31389
31396
31401
31403
31421
31424
31456
31462
31467
31487
31490
31535
31538
31555
31567
31567
31592
31601
31606
31615
31621
31627
31629
31630
31658
31675
31693
31716
31735
31767
31774
31779
31786
31791
31823
31839
31844
31853
31859
31874
31879
31889
31892
31893
31902
31903
31913
31921
31947
31951
31955
31984
31988
31994
32008
32011
32024
32030
32083
32091
32093
32095
32110
32119
32147
32162
32165
32171
32173
32175
32188
32216
32222
32239
32256
32276
32286
32287
32290
32290
32293
32300
32300
32301
32333
32349
32352
32362
32376
32402
32444
32462
32469
32484
32487
32494
32504
32540
32544
32547
32561
32586
32596
32624
32632
32646
32647
32654
32658
32661
32670
32677
32679
32693
32699
32714
32714
32735
32756
32756
32758
32807
32809
32811
32821
32825
32842
32867
32880
32895
32898
32907
32909
32914
32915
32915
32917
32935
32938
32951
32957
32968
32987
32993
33022
33030
33060
33065
33073
33076
33087
33088
33091
33108
33151
33180
33183
33189
33190
33199
33207
33210
33228
33230
33232
33248
33248
33250
33255
33261
33267
33280
33292
33315
33315
33329
33338
33348
33350
33353
33358
33359
33362
33370
33386
33405
33407
33409
33420
33448
33452
33462
33464
33478
33482
33488
33507
33519
33545
33548
33556
33563
33564
33572
33584
33598
33603
33615
33625
33630
33638
33645
33658
33679
33696
33712
33728
33735
33736
33740
33742
33757
33800
33809
33813
33828
33841
33862
33864
33868
33877
33897
33921
33929
33929
33929
33932
33936
33962
33978
33990
34002
34007
34019
34026
34042
34060
34066
34075
34081
34086
34101
34105
34130
34147
34159
34178
34178
34179
34191
34194
34206
34209
34211
34255
34272
34273
34287
34304
34307
34320
34345
34348
34366
34385
34387
34387
34394
34401
34410
34414
34434
34458
34467
34486
34487
34489
34555
34566
34590
34614
34616
34626
34628
34630
34639
34639
34652
34653
34660
34667
34672
34673
34680
34702
34714
34723
34738
34742
34744
34786
34788
34810
34810
34825
34827
34843
34853
34854
34866
34874
34916
34926
34940
34959
34983
34983
34986
35004
35021
35025
35041
35043
35053
35084
35089
35108
35114
35126
35139
35151
35155
35178
35196
35197
35207
35236
35245
35249
35259
35260
35275
35280
35283
35305
35309
35321
35323
35339
35347
35351
35357
35362
35364
35380
35381
35385
35397
35398
35405
35416
35433
35457
35469
35478
35504
35529
35532
35542
35543
35568
35581
35583
35606
35611
35618
35630
35633
35645
35648
35651
35663
35669
35688
35711
35716
35731
35735
35745
35751
35754
35755
35775
35782
35801
35808
35825
35839
35842
35879
35883
35894
35900
35905
35908
35914
35923
35929
35940
35940
35941
35976
36010
36018
36026
36057
36062
36063
36069
36077
36080
36096
36116
36117
36135
36162
36176
36196
36206
36214
36217
36220
36232
36239
36243
36270
36271
36310
36320
36351
36363
36366
36379
36380
36385
36398
36423
36423
36437
36437
36460
36478
36501
36507
36543
36556
36563
36576
36577
36583
36583
36592
36606
36629
36648
36656
36658
36660
36665
36718
36738
36747
36750
36753
36789
36790
36829
36839
36842
36845
36874
36883
36889
36939
36941
36962
36964
36980
36990
36994
36998
37006
37022
37031
37047
37051
37058
37058
37065
37068
37082
37090
37099
37102
37112
37138
37143
37177
37188
37190
37197
37204
37225
37251
37260
37260
37264
37266
37267
37291
37328
37343
37346
37358
37377
37377
37384
37388
37391
37402
37404
37417
37429
37458
37476
37494
37495
37541
37543
37551
37552
37554
37564
37575
37581
37592
37602
37606
37613
37623
37627
37631
37647
37650
37653
37662
37677
37692
37720
37731
37732
37738
37738
37745
37752
37758
37764
37776
37787
37801
37808
37841
37858
37879
37891
37891
37893
37894
37905
37909
37913
37948
37949
37967
37967
37971
37976
37977
37995
37997
38003
38013
38014
38028
38028
38037
38040
38044
38077
38079
38084
38089
38098
38115
38116
38132
38137
38151
38154
38184
38218
38221
38239
38242
38268
38273
38278
38323
38344
38355
38357
38366
38394
38404
38404
38420
38431
38445
38468
38483
38487
38496
38496
38501
38503
38523
38527
38536
38569
38573
38588
38609
38615
38631
38643
38644
38657
38659
38697
38701
38708
38718
38730
38737
38741
38742
38743
38751
38752
38758
38761
38768
38796
38818
38821
38881
38893
38915
38916
38931
38952
38954
38963
38976
38979
38982
38988
38992
39004
39006
39017
39032
39037
39047
39053
39076
39081
39096
39110
39116
39144
39153
39192
39217
39231
39264
39271
39272
39294
39295
39297
39313
39317
39329
39332
39355
39368
39369
39378
39391
39395
39408
39421
39435
39458
39464
39477
39479
39485
39488
39499
39516
39535
39589
39603
39604
39620
39630
39641
39654
39655
39655
39670
39670
39685
39686
39691
39697
39724
39725
39736
39736
39743
39751
39758
39771
39809
39831
39846
39852
39857
39900
39910
39914
39915
39938
39962
39973
39981
40004
40019
40022
40029
40033
40046
40052
40056
40071
40072
40083
40084
40108
40109
40141
40183
40191
40206
40215
40220
40227
40227
40227
40260
40262
40263
40274
40278
40279
40286
40295
40333
40358
40399
40406
40408
40414
40428
40431
40460
40462
40468
40472
40475
40501
40529
40533
40534
40538
40549
40550
40557
40565
40599
40602
40639
40647
40685
40686
40719
40735
40793
40800
40800
40810
40814
40824
40834
40872
40880
40888
40918
40925
40926
40927
40938
40940
40963
40976
40998
41016
41035
41036
41038
41044
41058
41092
41119
41155
41156
41165
41165
41174
41180
41192
41201
41218
41219
41220
41225
41226
41231
41231
41240
41263
41268
41274
41278
41288
41302
41315
41317
41328
41329
41346
41366
41380
41395
41398
41405
41421
41424
41439
41461
41484
41488
41542
41543
41546
41564
41584
41596
41600
41600
41605
41606
41610
41617
41635
41640
41646
41649
41658
41668
41668
41676
41685
41712
41723
41735
41758
41763
41764
41784
41785
41798
41799
41823
41829
41849
41853
41881
41892
41893
41900
41908
41918
41921
41962
42003
42017
42036
42059
42059
42064
42070
42075
42090
42112
42138
42143
42172
42176
42180
42181
42189
42189
42189
42210
42216
42236
42255
42256
42257
42272
42283
42294
42300
42333
42354
42356
42361
42366
42372
42373
42379
42385
42386
42411
42428
42452
42474
42497
42524
42525
42526
42526
42533
42542
42546
42555
42562
42565
42566
42572
42578
42582
42585
42586
42594
42599
42600
42605
42606
42619
42638
42640
42642
42658
42660
42668
42674
42676
42676
42678
42734
42743
42753
42774
42792
42806
42808
42816
42827
42832
42840
42842
42851
42864
42865
42882
42890
42891
42913
42923
42951
42978
42985
42996
43006
43019
43025
43032
43073
43081
43105
43109
43111
43117
43125
43130
43143
43147
43153
43187
43193
43200
43213
43219
43221
43225
43247
43251
43252
43264
43266
43267
43275
43277
43278
43279
43287
43287
43289
43310
43316
43317
43318
43323
43325
43341
43350
43369
43380
43380
43382
43391
43408
43419
43422
43436
43460
43461
43464
43485
43487
43530
43530
43558
43564
43572
43578
43590
43598
43609
43617
43626
43626
43649
43659
43681
43687
43695
43698
43709
43728
43741
43744
43746
43746
43770
43784
43786
43801
43802
43803
43810
43813
43836
43869
43873
43887
43893
43918
43919
43932
43938
43963
43976
43983
43984
43989
44001
44025
44061
44065
44066
44082
44097
44101
44115
44116
44127
44129
44132
44150
44158
44174
44174
44181
44186
44188
44231
44235
44242
44243
44256
44263
44264
44266
44272
44288
44288
44313
44355
44366
44371
44374
44384
44391
44394
44396
44397
44404
44409
44418
44424
44426
44436
44468
44505
44542
44543
44544
44544
44560
44563
44566
44592
44599
44612
44645
44646
44660
44684
44686
44694
44710
44713
44718
44736
44747
44748
44763
44764
44772
44793
44798
44808
44814
44871
44880
44885
44889
44913
44931
44932
44942
44966
44966
44969
44975
44978
44992
44995
45006
45008
45014
45030
45030
45075
45087
45138
45151
45154
45158
45194
45196
45201
45212
45220
45222
45224
45226
45238
45249
45259
45276
45279
45289
45298
45326
45328
45335
45342
45348
45348
45372
45380
45387
45389
45390
45392
45420
45425
45427
45444
45477
45493
45506
45514
45519
45524
45534
45586
45593
45598
45602
45604
45611
45619
45635
45637
45649
45659
45672
45694
45698
45708
45715
45721
45727
45744
45782
45784
45792
45802
45805
45808
45821
45830
45840
45844
45846
45853
45867
45872
45881
45886
45890
45896
45904
45910
45919
45929
45940
45957
45966
45977
45983
45986
45990
46003
46008
46012
46013
46015
46018
46027
46033
46034
46035
46049
46066
46074
46086
46091
46106
46120
46120
46135
46144
46161
46172
46180
46189
46190
46193
46194
46217
46232
46257
46261
46271
46276
46303
46319
46320
46328
46347
46366
46371
46378
46408
46413
46427
46453
46459
46462
46468
46469
46486
46517
46541
46569
46587
46593
46595
46611
46614
46649
46662
46674
46678
46687
46692
46708
46710
46721
46731
46737
46738
46739
46741
46748
46751
46751
46753
46756
46763
46840
46845
46855
46859
46861
46864
46865
46879
46882
46883
46884
46891
46904
46909
46917
46926
46926
46933
46935
46955
46961
46970
46977
46988
47006
47015
47018
47026
47046
47049
47064
47077
47082
47090
47122
47144
47150
47153
47158
47168
47171
47194
47196
47203
47213
47217
47234
47245
47250
47254
47278
47288
47298
47306
47310
47324
47327
47330
47337
47337
47377
47378
47378
47387
47392
47393
47395
47406
47413
47422
47447
47447
47449
47449
47454
47470
47479
47482
47483
47484
47485
47489
47504
47525
47528
47529
47541
47545
47546
47555
47586
47589
47608
47620
47620
47621
47634
47651
47652
47661
47668
47679
47682
47694
47722
47724
47727
47740
47741
47743
47747
47757
47781
47802
47808
47823
47830
47832
47836
47879
47884
47900
47900
47902
47924
47930
47932
47936
47942
47951
47959
47974
47984
47986
47987
47988
47992
48006
48038
48044
48069
48078
48088
48090
48090
48098
48100
48102
48114
48114
48121
48141
48142
48146
48166
48180
48200
48201
48211
48238
48238
48252
48262
48266
48273
48299
48306
48307
48309
48322
48346
48350
48351
48355
48362
48382
48393
48399
48407
48412
48421
48442
48443
48450
48456
48474
48485
48503
48504
48513
48533
48610
48623
48638
48643
48650
48657
48662
48662
48675
48676
48684
48689
48706
48718
48725
48737
48738
48743
48746
48754
48760
48779
48789
48802
48804
48810
48829
48832
48856
48867
48869
48880
48908
48919
48928
48945
48946
48947
48954
48986
48994
49009
49036
49041
49041
49042
49055
49076
49114
49124
49145
49145
49149
49160
49171
49172
49205
49209
49216
49221
49229
49232
49237
49245
49252
49266
49276
49278
49281
49286
49299
49322
49334
49350
49362
49363
49366
49376
49378
49390
49401
49427
49441
49443
49444
49449
49452
49457
49465
49476
49493
49533
49535
49553
49589
49597
49597
49598
49602
49617
49621
49628
49643
49647
49671
49677
49709
49721
49722
49727
49739
49754
49766
49781
49784
49794
49805
49818
49826
49842
49844
49851
49857
49868
49874
49883
49884
49893
49897
49906
49934
49960
49967
49970
50008
50038
50039
50079
50081
50084
50094
50115
50120
50144
50162
50166
50174
50193
50221
50225
50252
50256
50267
50282
50285
50285
50287
50299
50326
50335
50348
50356
50358
50394
50394
50405
50413
50419
50437
50439
50450
50459
50477
50480
50496
50504
50509
50519
50519
50523
50531
50544
50545
50560
50566
50574
50584
50601
50603
50609
50610
50617
50620
50623
50636
50641
50665
50691
50695
50702
50712
50716
50732
50735
50747
50747
50748
50749
50756
50758
50759
50762
50765
50772
50782
50788
50799
50808
50820
50826
50828
50829
50836
50840
50844
50848
50850
50882
50888
50891
50897
50900
50902
50907
50908
50923
50932
50979
50979
51022
51024
51025
51027
51028
51055
51066
51080
51093
51098
51116
51123
51130
51141
51145
51165
51175
51193
51208
51215
51225
51231
51232
51257
51258
51260
51278
51296
51300
51301
51305
51325
51330
51364
51389
51400
51408
51412
51420
51446
51449
51468
51490
51492
51518
51519
51541
51548
51560
51568
51576
51594
51602
51617
51634
51654
51659
51685
51686
51699
51705
51719
51723
51743
51750
51761
51765
51777
51802
51819
51819
51825
51846
51853
51858
51879
51884
51893
51897
51903
51930
51937
51944
51952
51989
51990
52002
52049
52050
52051
52060
52061
52067
52069
52077
52077
52079
52080
52112
52116
52119
52120
52142
52148
52153
52165
52166
52175
52198
52208
52209
52221
52221
52242
52251
52256
52260
52266
52276
52292
52309
52310
52311
52326
52333
52350
52399
52423
52430
52431
52434
52476
52482
52491
52492
52495
52517
52534
52535
52537
52553
52556
52574
52576
52624
52633
52637
52651
52667
52678
52683
52688
52689
52711
52712
52713
52736
52742
52751
52752
52764
52766
52804
52808
52809
52826
52827
52843
52857
52859
52864
52881
52882
52883
52883
52886
52888
52900
52903
52914
52916
52935
52951
52971
52977
52980
52989
53003
53019
53050
53058
53075
53085
53086
53138
53146
53152
53172
53176
53184
53193
53198
53209
53213
53225
53242
53273
53301
53305
53309
53322
53336
53345
53353
53372
53376
53377
53389
53398
53431
53465
53503
53515
53540
53543
53546
53548
53559
53566
53573
53575
53578
53590
53596
53601
53610
53612
53618
53640
53669
53671
53678
53692
53694
53700
53702
53703
53714
53720
53725
53731
53745
53763
53780
53787
53798
53805
53807
53822
53823
53837
53841
53841
53841
53855
53856
53860
53860
53874
53886
53893
53898
53905
53907
53911
53915
53919
53928
53935
53944
53973
53994
53998
54002
54003
54008
54010
54012
54028
54052
54052
54052
54053
54063
54065
54073
54078
54079
54089
54090
54100
54102
54106
54130
54135
54144
54152
54164
54165
54169
54177
54179
54194
54196
54224
54256
54256
54260
54268
54275
54277
54278
54299
54300
54304
54330
54332
54345
54351
54371
54386
54392
54393
54410
54413
54421
54424
54428
54438
54447
54460
54468
54478
54500
54500
54504
54511
54524
54540
54547
54576
54586
54619
54628
54633
54635
54653
54691
54693
54693
54712
54719
54724
54727
54734
54741
54766
54787
54791
54798
54831
54832
54833
54857
54867
54871
54883
54887
54892
54913
54914
54916
54952
54956
54958
54969
54973
54990
55043
55050
55051
55052
55068
55105
55142
55146
55147
55150
55152
55156
55156
55170
55199
55216
55230
55245
55252
55259
55290
55313
55318
55321
55350
55350
55357
55368
55383
55397
55422
55459
55464
55465
55469
55510
55520
55537
55544
55547
55550
55559
55593
55619
55625
55641
55662
55666
55681
55685
55688
55691
55694
55698
55709
55709
55720
55729
55739
55741
55759
55760
55761
55768
55799
55824
55831
55838
55846
55858
55875
55928
55930
55957
55962
55965
55987
55990
56004
56007
56051
56082
56082
56086
56113
56114
56129
56176
56206
56216
56221
56224
56227
56262
56263
56266
56276
56288
56297
56317
56332
56337
56345
56357
56361
56365
56368
56392
56408
56408
56418
56438
56438
56460
56464
56486
56494
56519
56525
56525
56542
56547
56554
56567
56569
56579
56581
56587
56587
56590
56591
56596
56599
56608
56612
56621
56629
56631
56645
56651
56652
56676
56688
56701
56706
56709
56710
56723
56736
56739
56756
56768
56794
56795
56804
56809
56819
56827
56829
56840
56841
56845
56845
56847
56861
56890
56891
56918
56922
56936
56937
56959
56965
56970
56973
56990
57004
57008
57014
57025
57027
57057
57064
57070
57072
57076
57080
57087
57099
57115
57129
57153
57158
57161
57162
57192
57200
57231
57238
57240
57252
57280
57282
57296
57314
57317
57322
57347
57347
57364
57368
57369
57376
57394
57395
57400
57400
57406
57406
57411
57414
57454
57457
57490
57523
57526
57534
57536
57548
57592
57600
57614
57623
57625
57642
57647
57648
57654
57675
57685
57696
57704
57711
57720
57721
57737
57738
57739
57746
57770
57797
57849
57851
57864
57875
57876
57880
57892
57896
57897
57917
57934
57941
57944
57964
57990
57994
57994
58041
58055
58056
58057
58072
58094
58121
58128
58133
58144
58159
58173
58178
58182
58194
58196
58198
58204
58243
58259
58294
58309
58309
58329
58336
58338
58340
58344
58353
58361
58371
58375
58379
58400
58406
58411
58413
58422
58437
58443
58445
58451
58463
58464
58482
58575
58613
58628
58638
58650
58652
58656
58663
58679
58679
58684
58709
58715
58727
58762
58796
58803
58808
58825
58829
58843
58858
58860
58868
58873
58885
58886
58888
58941
58943
58944
58958
58970
58976
58979
59010
59015
59020
59021
59022
59023
59039
59040
59065
59068
59070
59084
59093
59102
59118
59145
59172
59185
59195
59205
59209
59215
59228
59231
59232
59238
59254
59279
59282
59290
59329
59331
59331
59337
59342
59347
59361
59366
59374
59377
59381
59387
59400
59419
59422
59453
59456
59462
59464
59468
59474
59474
59476
59482
59485
59489
59494
59548
59570
59572
59575
59583
59584
59587
59589
59611
59627
59631
59645
59657
59658
59661
59672
59681
59767
59770
59779
59803
59815
59818
59834
59851
59855
59859
59860
59876
59880
59938
59943
59951
59970
59979
59991
59992
60020
60020
60024
60025
60047
60080
60083
60092
60092
60121
60127
60131
60148
60158
60164
60172
60179
60196
60200
60245
60265
60268
60274
60293
60295
60301
60303
60305
60314
60334
60377
60377
60386
60392
60393
60395
60400
60423
60425
60436
60448
60448
60452
60472
60492
60495
60496
60496
60501
60513
60549
60551
60590
60591
60598
60598
60614
60615
60620
60636
60670
60678
60686
60704
60722
60746
60748
60752
60768
60775
60779
60794
60800
60834
60838
60855
60858
60862
60862
60871
60879
60891
60901
60903
60946
60950
60965
60982
60995
61000
61009
61016
61019
61051
61093
61163
61172
61179
61194
61219
61220
61265
61320
61330
61342
61349
61353
61356
61361
61373
61380
61385
61413
61428
61434
61461
61465
61470
61471
61473
61474
61496
61516
61522
61543
61558
61561
61565
61567
61568
61572
61572
61582
61592
61597
61618
61626
61648
61660
61665
61698
61700
61704
61707
61714
61742
61742
61746
61747
61792
61797
61811
61826
61832
61864
61870
61883
61892
61896
61909
61954
61965
61980
61988
61994
61997
62001
62005
62010
62016
62017
62017
62019
62034
62042
62043
62083
62086
62087
62092
62100
62102
62106
62112
62203
62218
62219
62275
62280
62288
62291
62302
62330
62331
62345
62348
62352
62374
62393
62402
62422
62469
62488
62500
62513
62521
62530
62534
62534
62541
62554
62557
62559
62566
62567
62571
62576
62577
62579
62593
62614
62616
62618
62624
62669
62670
62693
62712
62718
62724
62726
62739
62751
62763
62768
62782
62783
62786
62795
62811
62822
62836
62861
62879
62902
62904
62922
62929
62973
62991
63000
63000
63013
63023
63026
63037
63039
63039
63041
63055
63058
63076
63081
63088
63107
63120
63147
63160
63166
63171
63180
63184
63190
63192
63197
63212
63214
63224
63229
63229
63233
63248
63268
63275
63286
63306
63322
63325
63327
63332
63339
63346
63348
63368
63369
63374
63389
63393
63394
63414
63419
63430
63437
63443
63451
63452
63482
63484
63484
63491
63496
63499
63502
63527
63541
63548
63549
63559
63560
63577
63598
63598
63603
63604
63633
63651
63651
63652
63656
63687
63703
63705
63716
63719
63733
63735
63738
63747
63747
63754
63755
63759
63766
63791
63799
63801
63842
63866
63866
63871
63876
63884
63888
63901
63906
63947
63948
63956
63970
63971
63973
64035
64037
64046
64062
64063
64105
64109
64109
64120
64149
64163
64168
64175
64193
64193
64202
64205
64206
64213
64228
64238
64265
64268
64272
64275
64297
64300
64303
64305
64354
64363
64368
64371
64373
64395
64397
64409
64411
64424
64433
64447
64460
64473
64524
64580
64589
64610
64628
64657
64661
64672
64679
64689
64716
64717
64725
64727
64774
64808
64822
64826
64831
64839
64841
64900
64928
64942
64949
64970
64980
64994
64997
65002
65003
65052
65076
65076
65109
65123
65129
65134
65173
65183
65194
65216
65219
65238
65239
65243
65267
65275
65276
65298
65303
65316
65318
65321
65323
65339
65342
65378
65381
65384
65384
65386
65398
65411
65416
65422
65434
65436
65444
65458
65466
65489
65507
65529
65576
65583
65584
65604
65608
65621
65621
65622
65641
65646
65657
65681
65681
65684
65695
65708
65715
65716
65726
65726
65729
65750
65776
65797
65799
65804
65811
65813
65814
65827
65838
65845
65867
65904
65910
65915
65916
65930
65946
65983
65995
66007
66013
66035
66035
66046
66052
66061
66109
66111
66117
66152
66153
66153
66155
66163
66180
66189
66213
66216
66225
66230
66239
66271
66273
66323
66352
66356
66371
66380
66382
66384
66393
66413
66416
66429
66439
66445
66451
66452
66454
66470
66472
66488
66507
66510
66518
66534
66550
66577
66578
66596
66601
66603
66607
66621
66644
66654
66659
66705
66708
66717
66728
66728
66732
66735
66789
66806
66809
66823
66838
66844
66847
66862
66869
66876
66892
66895
66899
66900
66912
66915
66916
66936
66936
66950
66967
66970
66999
67007
67022
67043
67046
67057
67062
67063
67104
67111
67124
67134
67135
67136
67140
67142
67148
67149
67153
67161
67193
67214
67217
67218
67238
67251
67259
67278
67281
67320
67324
67325
67333
67347
67368
67389
67395
67403
67404
67412
67413
67416
67437
67443
67452
67456
67458
67461
67482
67484
67489
67502
67509
67517
67543
67566
67573
67585
67599
67604
67616
67620
67620
67624
67630
67638
67640
67642
67648
67670
67671
67675
67697
67725
67728
67751
67780
67783
67785
67786
67788
67794
67796
67808
67857
67863
67867
67909
67922
67925
67933
67948
67950
67954
67983
67988
67989
67990
67992
67995
68027
68058
68059
68063
68066
68066
68076
68089
68096
68098
68101
68108
68145
68148
68151
68158
68219
68222
68233
68236
68241
68274
68274
68276
68286
68318
68330
68339
68340
68345
68354
68357
68376
68384
68408
68413
68416
68419
68452
68459
68464
68473
68474
68483
68544
68558
68559
68561
68575
68587
68588
68593
68593
68609
68611
68638
68669
68676
68689
68695
68700
68707
68717
68726
68733
68746
68786
68787
68789
68790
68791
68795
68801
68813
68824
68838
68888
68894
68897
68898
68902
68927
68931
68978
68980
68982
68988
68990
69053
69060
69066
69077
69085
69090
69100
69100
69108
69125
69144
69185
69194
69206
69216
69218
69219
69221
69227
69241
69247
69258
69268
69277
69289
69289
69339
69354
69404
69419
69440
69441
69443
69451
69462
69463
69471
69472
69496
69508
69514
69523
69533
69535
69550
69561
69562
69583
69594
69611
69621
69633
69635
69646
69657
69674
69683
69684
69695
69702
69726
69735
69742
