5
16
92
129
140
200
215
224
301
411
419
427
428
440
441
461
503
505
528
586
591
631
658
670
728
740
774
794
803
826
843
847
884
898
902
916
952
978
1041
1043
1057
1062
1092
1096
1157
1201
1229
1264
1325
1346
1351
1360
1418
1422
1423
1526
1530
1544
1579
1647
1718
1719
1721
1730
1764
1771
1776
1794
1810
1815
1867
1892
1912
1913
1922
1976
2011
2015
2019
2034
2087
2094
2103
2132
2141
2152
2223
2249
2255
2317
2340
2371
2400
2404
2420
2447
2453
2460
2474
2489
2506
2515
2546
2583
2594
2644
2646
2649
2722
2740
2802
2874
2903
2926
2974
2975
3014
3028
3091
3184
3290
3306
3358
3362
3429
3440
3452
3452
3458
3468
3472
3479
3503
3527
3563
3564
3577
3597
3621
3642
3687
3696
3713
3756
3796
3808
3826
3842
3905
3913
3942
3952
3977
4099
4117
4187
4187
4193
4224
4263
4291
4300
4328
4329
4332
4364
4369
4400
4406
4433
4474
4547
4548
4568
4580
4584
4600
4618
4619
4649
4670
4695
4715
4803
4803
4820
4856
4946
5013
5046
5093
5095
5101
5114
5196
5206
5227
5274
5357
5407
5411
5448
5453
5469
5484
5489
5498
5499
5500
5501
5517
5553
5604
5620
5698
5715
5841
5851
5913
5919
5935
5950
5951
5962
5965
5974
5981
6042
6051
6053
6074
6080
6095
6170
6175
6254
6301
6323
6324
6324
6381
6404
6415
6419
6428
6436
6436
6447
6498
6525
6527
6558
6587
6598
6626
6636
6646
6656
6663
6672
6686
6692
6699
6715
6721
6774
6777
6782
6825
6845
6857
6936
6948
6958
6983
7008
7012
7017
7026
7092
7108
7160
7181
7201
7210
7213
7227
7231
7271
7303
7313
7320
7324
7329
7368
7375
7376
7426
7472
7478
7480
7502
7526
7557
7566
7597
7622
7627
7632
7645
7659
7685
7706
7718
7726
7773
7784
7787
7802
7879
7934
7939
7980
7989
7998
8006
8013
8035
8042
8097
8102
8164
8177
8187
8187
8202
8214
8245
8253
8290
8335
8350
8470
8472
8512
8548
8575
8576
8582
8638
8663
8712
8731
8767
8775
8792
8871
8871
8873
8876
8884
8914
8949
8962
8984
8999
9016
9016
9042
9058
9077
9080
9082
9099
9101
9139
9250
9267
9301
9303
9313
9353
9358
9389
9428
9430
9438
9440
9455
9457
9465
9477
9486
9497
9525
9710
9731
9747
9757
9766
9796
9799
9820
9904
9914
9994
10029
10072
10089
10095
10124
10132
10140
10146
10163
10178
10202
10225
10236
10263
10266
10267
10275
10341
10357
10384
10394
10420
10426
10439
10474
10490
10514
10530
10575
10586
10631
10673
10700
10719
10746
10747
10755
10763
10799
10820
10823
10898
10903
10973
10974
11015
11062
11079
11093
11093
11119
11157
11159
11197
11214
11228
11246
11266
11292
11303
11347
11351
11363
11415
11456
11465
11479
11537
11539
11615
11663
11665
11679
11681
11681
11681
11697
11699
11731
11733
11742
11790
11797
11813
11817
11838
11881
11909
11966
12035
12050
12053
12061
12065
12068
12112
12178
12201
12222
12248
12256
12272
12290
12297
12453
12505
12506
12507
12511
12528
12533
12535
12609
12732
12767
12781
12803
12888
12949
12953
12969
13008
13062
13084
13090
13110
13145
13157
13164
13210
13214
13235
13248
13250
13335
13337
13403
13413
13414
13476
13495
13499
13549
13575
13631
13631
13695
13703
13739
13743
13749
13777
13780
13833
13845
13846
13885
13987
14008
14017
14056
14066
14070
14072
14092
14099
14127
14134
14145
14183
14192
14197
14200
14212
14217
14233
14245
14246
14261
14272
14315
14344
14345
14387
14442
14457
14464
14479
14608
14619
14626
14635
14669
14727
14733
14746
14747
14748
14776
14794
14867
14876
14912
14946
14949
14960
14961
14975
14977
15014
15025
15039
15082
15101
15114
15169
15198
15209
15212
15272
15282
15282
15325
15392
15408
15416
15438
15438
15443
15468
15491
15494
15505
15517
15580
15587
15660
15716
15742
15756
15789
15816
15830
15853
15942
15977
16000
16023
16027
16052
16058
16096
16165
16175
16183
16208
16237
16247
16248
16271
16312
16340
16342
16371
16388
16410
16437
16451
16490
16499
16507
16513
16515
16540
16597
16655
16669
16695
16731
16751
16761
16782
16816
16862
16887
16930
16996
17004
17021
17139
17169
17175
17192
17201
17215
17222
17242
17275
17292
17332
17353
17359
17371
17409
17415
17457
17561
17562
17563
17610
17697
17702
17718
17737
17883
17909
17913
17918
17954
17984
17988
18000
18047
18048
18087
18091
18259
18279
18288
18291
18311
18312
18314
18316
18325
18364
18367
18399
18423
18424
18439
18453
18453
18458
18471
18478
18495
18499
18524
18533
18538
18544
18551
18617
18634
18690
18691
18707
18725
18749
18846
18896
18929
18941
18944
18953
19011
19034
19038
19045
19068
19106
19115
19120
19128
19155
19179
19204
19215
19266
19270
19303
19364
19364
19385
19409
19437
19467
19475
19496
19499
19533
19551
19611
19619
19622
19631
19633
19636
19644
19645
19653
19727
19728
19731
19799
19812
19859
19890
19894
19940
19970
19991
19996
20042
20078
20102
20105
20125
20153
20157
20183
20192
20255
20270
20311
20316
20333
20378
20434
20439
20440
20460
20467
20480
20519
20585
20597
20611
20643
20662
20692
20703
20709
20718
20746
20771
20789
20789
20821
20823
20864
20895
20931
20973
20991
20992
21102
21117
21163
21182
21187
21237
21246
21247
21260
21262
21325
21350
21398
21425
21437
21455
21492
21522
21531
21552
21553
21563
21582
21600
21649
21666
21705
21710
21710
21738
21748
21753
21761
21866
21877
21878
21887
21914
21949
21953
21957
21958
21974
21985
21997
22015
22061
22085
22092
22095
22153
22158
22207
22208
22294
22307
22311
22382
22398
22415
22458
22509
22530
22542
22571
22577
22689
22713
22743
22761
22772
22793
22814
22816
22826
22846
22935
22982
22983
23072
23131
23201
23202
23253
23279
23312
23314
23329
23413
23431
23481
23495
23499
23499
23505
23563
23563
23568
23569
23572
23586
23597
23620
23641
23679
23685
23726
23740
23785
23791
23809
23812
23815
23850
23882
23901
23906
23911
23929
23959
23967
24015
24030
24044
24067
24068
24070
24078
24177
24190
24216
24234
24239
24270
24309
24311
24361
24367
24380
24423
24430
24447
24538
24557
24559
24592
24620
24637
24638
24677
24686
24708
24752
24772
24799
24802
24824
24884
24903
24906
24914
24927
24944
24948
24964
24992
25019
25038
25051
25064
25076
25083
25141
25146
25156
25193
25205
25228
25307
25321
25326
25347
25348
25361
25391
25429
25435
25463
25500
25511
25554
25562
25569
25576
25587
25603
25622
25683
25704
25715
25752
25806
25822
25834
25867
25874
25875
25881
25935
25999
26005
26056
26066
26259
26266
26266
26302
26313
26355
26363
26386
26447
26448
26471
26478
26482
26485
26485
26493
26511
26519
26578
26599
26603
26609
26652
26701
26715
26725
26743
26755
26764
26787
26831
26846
26876
26934
26951
26959
26967
26994
26997
27026
27077
27088
27128
27149
27150
27173
27176
27211
27222
27245
27303
27314
27321
27330
27367
27397
27496
27540
27647
27683
27692
27701
27761
27768
27792
27798
27832
27905
27998
28011
28037
28130
28233
28249
28262
28267
28270
28277
28284
28327
28330
28340
28373
28421
28434
28463
28498
28534
28543
28549
28551
28562
28579
28599
28712
28727
28748
28761
28790
28813
28820
28834
28851
28873
28876
28878
28885
28902
28905
28917
28944
28963
28982
28994
29010
29030
29040
29056
29100
29114
29148
29150
29165
29195
29226
29250
29266
29267
29321
29336
29338
29344
29371
29398
29470
29483
29488
29490
29498
29513
29552
29562
29570
29580
29626
29683
29708
29726
29738
29740
29743
29791
29858
29859
29867
29888
29889
29910
29989
29993
30003
30010
30047
30053
30095
30098
30098
30115
30118
30119
30142
30152
30354
30363
30376
30393
30410
30441
30459
30460
30470
30502
30510
30521
30532
30560
30563
30602
30616
30620
30673
30692
30699
30727
30760
30771
30787
30797
30819
30826
30865
30884
30937
30939
30949
30968
30986
30986
31000
31018
31086
31159
31286
31291
31292
31301
31308
31314
31335
31358
31458
31472
31544
31545
31583
31589
31594
31609
31736
31752
31761
31798
31818
31819
31824
31830
31839
31844
31847
31882
31893
31900
31913
31934
31935
31952
31963
31967
31990
31991
32016
32018
32031
32054
32083
32173
32175
32291
32309
32313
32327
32334
32350
32350
32351
32378
32395
32451
32455
32516
32532
32553
32567
32605
32606
32631
32641
32652
32678
32717
32731
32733
32739
32790
32920
32958
32997
33014
33023
33029
33067
33119
33217
33264
33266
33267
33287
33289
33299
33299
33429
33503
33520
33581
33632
33676
33808
33827
33831
33842
33853
33868
33901
33916
33962
33997
34005
34066
34070
34083
34123
34139
34146
34151
34168
34177
34184
34256
34294
34335
34337
34362
34382
34447
34471
34495
34516
34520
34541
34577
34580
34584
34595
34647
34666
34674
34703
34735
34812
34846
34856
34864
34875
34896
34908
34924
34977
35000
35032
35033
35120
35146
35165
35168
35225
35259
35261
35265
35278
35317
35319
35336
35354
35365
35371
35385
35390
35400
35423
35432
35454
35505
35511
35515
35526
35545
35570
35634
35654
35662
35739
35740
35761
35788
35816
35841
35843
35892
35907
36005
36057
36059
36070
36082
36097
36109
36109
36117
36119
36125
36164
36180
36190
36227
36229
36258
36268
36288
36328
36403
36423
36474
36475
36487
36517
36547
36582
36639
36641
36650
36655
36676
36677
36691
36716
36748
36750
36772
36818
36861
36915
36922
36929
36961
36992
37009
37048
37074
37088
37123
37176
37184
37209
37209
37213
37258
37270
37283
37311
37320
37348
37405
37429
37437
37444
37474
37482
37509
37540
37562
37568
37609
37682
37711
37772
37859
37874
37918
37934
37945
37977
37995
38003
38010
38064
38085
38163
38195
38242
38250
38264
38266
38282
38295
38304
38336
38384
38410
38436
38436
38452
38479
38534
38542
38549
38628
38657
38692
38710
38742
38752
38765
38766
38799
38800
38848
38957
38979
38998
39019
39107
39115
39122
39146
39184
39213
39225
39230
39284
39317
39341
39343
39410
39427
39431
39433
39438
39447
39452
39463
39498
39541
39630
39657
39664
39681
39710
39725
39764
39777
39778
39781
39824
39829
39831
39837
39837
39837
39839
39874
39885
39896
39898
39919
39919
39921
39938
39956
39956
39963
39965
40008
40073
40078
40090
40114
40119
40135
40183
40208
40268
40299
40301
40332
40356
40378
40380
40393
40398
40456
40458
40475
40575
40625
40633
40647
40652
40667
40678
40683
40694
40703
40708
40711
40747
40749
40754
40874
40884
40910
40928
40973
41001
41043
41052
41113
41157
41192
41206
41253
41255
41273
41282
41297
41351
41369
41390
41391
41395
41403
41404
41406
41408
41439
41545
41606
41611
41613
41655
41664
41703
41705
41710
41726
41767
41772
41811
41822
41869
41880
41949
41950
41984
42103
42111
42169
42201
42218
42236
42241
42267
42285
42302
42339
42450
42491
42495
42515
42532
42535
42550
42559
42562
42570
42592
42598
42630
42636
42646
42708
42741
42765
42766
42785
42837
42851
42858
42859
42903
42919
42928
42949
42956
42956
43004
43007
43099
43114
43116
43124
43165
43224
43228
43242
43313
43348
43356
43417
43420
43429
43435
43520
43554
43623
43627
43641
43677
43700
43701
43762
43810
43828
43844
43888
43918
43922
43969
44009
44055
44063
44067
44087
44095
44106
44127
44142
44182
44186
44195
44214
44217
44238
44259
44275
44286
44323
44384
44387
44400
44421
44431
44456
44459
44529
44585
44609
44627
44644
44647
44652
44666
44677
44679
44728
44733
44740
44741
44747
44748
44787
44842
44897
44911
44948
44961
44985
44986
45021
45047
45120
45147
45153
45158
45165
45184
45189
45304
45307
45309
45324
45332
45439
45473
45479
45517
45546
45552
45622
45640
45646
45692
45745
45752
45777
45807
45813
45887
45897
45934
45938
45966
45972
45999
46035
46049
46049
46070
46078
46137
46154
46156
46159
46196
46225
46233
46273
46292
46306
46308
46309
46333
46334
46369
46456
46457
46483
46487
46503
46543
46562
46563
46641
46643
46661
46681
46732
46745
46746
46764
46782
46870
46910
46938
47004
47012
47033
47045
47096
47138
47143
47180
47191
47207
47233
47262
47324
47325
47379
47390
47429
47455
47458
47482
47496
47518
47521
47539
47604
47660
47698
47726
47731
47762
47812
47838
47840
47854
47864
47882
47894
47914
47933
47988
47995
48009
48134
48162
48166
48180
48197
48225
48229
48237
48248
48264
48276
48288
48321
48341
48347
48348
48415
48420
48428
48437
48445
48503
48536
48546
48548
48555
48570
48573
48599
48615
48640
48656
48676
48691
48742
48766
48809
48833
48840
48851
48901
48913
48935
49014
49081
49109
49159
49176
49210
49232
49254
49254
49303
49305
49313
49323
49340
49349
49377
49391
49398
49411
49488
49539
49546
49609
49631
49639
49641
49659
49674
49740
49745
50021
50030
50034
50038
50039
50054
50059
50086
50089
50195
50253
50266
50329
50338
50345
50413
50424
50426
50491
50502
50503
50520
50531
50546
50555
50564
50605
50607
50617
50625
50714
50728
50819
50824
50837
50865
50889
50930
50961
50967
51014
51030
51076
51086
51127
51177
51206
51210
51233
51261
51287
51293
51297
51338
51353
51376
51435
51526
51544
51565
51576
51592
51718
51737
51781
51805
51816
51839
51871
51894
51911
51959
51961
51980
51982
51996
52006
52063
52065
52066
52107
52136
52201
52206
52244
52245
52259
52274
52298
52357
52363
52365
52385
52432
52440
52454
52478
52490
52491
52497
52555
52557
52567
52604
52668
52670
52673
52705
52719
52752
52761
52804
52829
52875
52909
52914
52922
53001
53008
53024
53081
53085
53121
53167
53195
53277
53297
53303
53333
53336
53416
53426
53433
53480
53518
53539
53578
53578
53595
53596
53602
53660
53680
53681
53704
53706
53723
53732
53807
53814
54016
54033
54059
54093
54174
54186
54188
54205
54228
54230
54235
54262
54297
54298
54383
54394
54415
54454
54458
54502
54503
54506
54541
54557
54566
54609
54630
54643
54654
54690
54718
54725
54746
54802
54806
54809
54832
54841
54869
54882
54891
54923
54964
54970
54990
54998
55002
55057
55074
55132
55151
55173
55202
55208
55244
55250
55285
55297
55321
55355
55416
55436
55444
55481
55486
55513
55544
55550
55564
55589
55601
55602
55602
55712
55725
55737
55746
55803
55842
55856
55857
55916
55943
55949
56069
56083
56084
56101
56181
56181
56182
56196
56214
56223
56232
56234
56248
56259
56309
56349
56363
56429
56435
56482
56502
56506
56516
56517
56529
56538
56543
56559
56596
56623
56654
56695
56753
56755
56802
56868
56889
56986
57046
57063
57065
57110
57167
57181
57207
57233
57245
57246
57261
57285
57296
57419
57429
57467
57500
57505
57526
57536
57538
57543
57580
57583
57597
57617
57623
57635
57661
57663
57668
57687
57708
57726
57749
57755
57788
57798
57809
57820
57826
57826
57834
57848
57873
57891
57902
57910
57930
57962
58021
58029
58045
58047
58050
58055
58066
58150
58151
58169
58284
58288
58302
58306
58308
58324
58337
58417
58470
58485
58506
58517
58535
58597
58722
58734
58740
58747
58772
58792
58799
58807
58843
58875
58879
58918
58940
58977
59021
59043
59047
59061
59092
59125
59134
59136
59141
59157
59162
59193
59201
59259
59351
59354
59366
59420
59432
59495
59527
59593
59608
59642
59652
59725
59817
59853
59867
59877
59921
59945
60026
60060
60092
60198
60246
60309
60320
60340
60374
60405
60416
60433
60493
60512
60568
60571
60572
60592
60602
60602
60609
60619
60656
60778
60784
60788
60830
60844
60851
60889
60935
60937
60942
60957
60959
60964
60968
61064
61119
61131
61133
61145
61146
61156
61181
61219
61247
61278
61286
61321
61338
61354
61413
61435
61466
61471
61480
61510
61522
61573
61577
61606
61639
61717
61718
61736
61738
61740
61752
61782
61802
61804
61817
61836
61881
61896
61922
61949
61949
61955
61992
62001
62007
62048
62063
62071
62085
62092
62102
62113
62175
62194
62251
62270
62304
62332
62339
62403
62442
62447
62498
62508
62534
62538
62545
62607
62610
62629
62637
62661
62661
62686
62775
62781
62785
62791
62798
62807
62808
62839
62839
62879
62962
63009
63079
63093
63115
63123
63130
63146
63151
63217
63219
63226
63261
63308
63317
63360
63361
63362
63363
63384
63401
63418
63431
63431
63456
63465
63469
63486
63496
63516
63599
63617
63628
63634
63661
63688
63698
63708
63719
63780
63787
63793
63796
63797
63876
63905
63910
63983
63986
64039
64080
64090
64111
64130
64170
64250
64397
64411
64457
64469
64485
64530
64619
64630
64690
64702
64786
64788
64796
64802
64815
64859
64886
64907
64918
64933
64944
64956
64972
65054
65079
65143
65161
65174
65180
65199
65212
65213
65217
65237
65251
65257
65300
65300
65326
65349
65354
65363
65368
65434
65446
65486
65499
65509
65560
65566
65592
65614
65620
65665
65696
65767
65831
65846
65855
65866
65917
65917
65944
65993
66002
66039
66047
66055
66067
66097
66098
66104
66115
66186
66187
66217
66222
66227
66269
66272
66281
66301
66337
66374
66386
66392
66448
66449
66465
66518
66528
66536
66545
66577
66616
66624
66630
66673
66674
66679
66690
66705
66728
66739
66747
66844
66846
66892
66905
66917
66941
66944
66955
66964
66999
67006
67017
67023
67028
67040
67043
67066
67103
67105
67122
67148
67152
67193
67214
67235
67263
67283
67402
67453
67486
67502
67530
67554
67581
67599
67606
67620
67643
67702
67719
67756
67760
67798
67805
67807
67810
67811
67817
67839
67845
67868
67879
67885
67945
68020
68023
68032
68049
68066
68100
68105
68125
68137
68140
68146
68188
68279
68309
68356
68368
68403
68408
68419
68456
68527
68552
68557
68559
68610
68646
68683
68684
68700
68711
68720
68729
68732
68748
68837
68878
68882
68882
68904
68948
68972
68999
69034
69047
69072
69073
69091
69117
69132
69162
69188
69241
69251
69265
69303
69303
69304
69307
69325
69325
69335
69342
69345
69352
69488
69542
69602
69659
69661
69706
69714
69732
