14
19
20
28
32
33
38
41
44
50
52
53
54
77
93
103
108
120
150
155
183
195
237
258
276
296
296
301
305
315
324
329
335
357
361
361
362
377
379
413
458
463
467
467
484
497
513
520
528
531
537
565
584
590
614
614
620
687
737
741
744
746
778
794
813
819
850
888
923
942
945
953
962
964
982
996
1012
1043
1046
1052
1059
1061
1093
1109
1129
1146
1150
1174
1186
1208
1226
1244
1254
1305
1342
1375
1394
1403
1408
1415
1440
1442
1451
1467
1497
1523
1534
1539
1543
1557
1566
1566
1590
1608
1610
1620
1644
1661
1696
1704
1708
1718
1723
1741
1746
1747
1752
1806
1812
1866
1880
1881
1896
1899
1900
1901
1924
1934
1974
1994
1997
2010
2014
2027
2043
2058
2088
2115
2141
2172
2180
2195
2195
2229
2230
2246
2252
2257
2277
2287
2290
2294
2304
2316
2317
2333
2335
2336
2345
2348
2354
2355
2367
2388
2436
2442
2451
2461
2477
2516
2525
2530
2551
2561
2562
2566
2570
2588
2591
2595
2595
2599
2606
2606
2614
2623
2631
2636
2645
2648
2671
2685
2692
2695
2701
2763
2771
2783
2796
2798
2815
2816
2827
2861
2886
2903
2903
2979
2991
3017
3019
3043
3058
3085
3129
3131
3132
3135
3145
3155
3178
3270
3281
3320
3330
3335
3348
3369
3382
3388
3404
3407
3426
3442
3474
3475
3476
3477
3497
3532
3540
3543
3554
3564
3576
3590
3592
3594
3604
3614
3622
3630
3646
3662
3676
3701
3705
3718
3730
3757
3767
3767
3784
3814
3849
3849
3867
3876
3911
3931
3990
3991
4001
4011
4016
4027
4028
4048
4054
4063
4071
4115
4137
4202
4243
4262
4275
4298
4306
4308
4320
4342
4346
4353
4357
4367
4381
4382
4394
4395
4423
4424
4444
4452
4455
4472
4497
4510
4530
4542
4546
4547
4549
4563
4582
4595
4599
4608
4608
4614
4631
4648
4677
4682
4749
4752
4753
4756
4780
4807
4814
4815
4841
4846
4857
4907
4907
4909
4942
4965
4980
4981
4982
4999
5025
5048
5048
5073
5096
5100
5101
5124
5170
5201
5213
5219
5223
5252
5268
5269
5285
5301
5307
5312
5315
5328
5332
5340
5363
5373
5386
5425
5448
5451
5468
5480
5521
5551
5576
5593
5598
5626
5630
5635
5655
5665
5668
5677
5704
5706
5738
5754
5756
5765
5779
5784
5805
5813
5839
5842
5852
5861
5889
5893
5918
5925
5930
5931
5944
5951
5967
5978
5984
6021
6091
6105
6127
6127
6129
6130
6133
6157
6168
6175
6197
6207
6215
6243
6272
6275
6297
6301
6336
6339
6339
6341
6363
6365
6372
6384
6392
6396
6400
6414
6426
6427
6444
6454
6477
6477
6503
6516
6545
6565
6566
6567
6569
6571
6577
6602
6617
6623
6625
6641
6663
6669
6681
6712
6722
6728
6769
6776
6786
6820
6866
6877
6879
6900
6909
6918
6924
6939
6944
6967
6968
6988
7011
7037
7038
7038
7041
7057
7058
7091
7114
7127
7147
7153
7182
7189
7234
7247
7269
7277
7278
7282
7314
7337
7374
7388
7407
7408
7414
7457
7477
7514
7520
7523
7566
7581
7590
7599
7609
7615
7663
7664
7672
7683
7710
7714
7725
7729
7742
7747
7767
7779
7780
7794
7839
7840
7860
7861
7887
7908
7910
7914
7916
7918
7918
7942
7956
7977
7985
7987
8000
8004
8009
8010
8017
8018
8018
8025
8027
8038
8064
8090
8122
8136
8137
8141
8159
8171
8182
8193
8217
8225
8237
8251
8262
8290
8306
8306
8308
8321
8344
8378
8390
8410
8415
8454
8459
8461
8465
8486
8490
8493
8509
8516
8582
8582
8586
8587
8616
8622
8625
8663
8668
8680
8686
8759
8759
8792
8792
8801
8823
8826
8832
8842
8889
8890
8898
8900
8936
8970
8973
8974
9000
9003
9006
9008
9017
9021
9045
9065
9068
9070
9073
9125
9155
9165
9168
9205
9210
9221
9225
9239
9257
9265
9277
9294
9296
9301
9308
9322
9357
9387
9420
9420
9426
9429
9464
9466
9474
9474
9478
9487
9511
9513
9518
9541
9551
9551
9554
9559
9587
9599
9610
9651
9654
9656
9659
9660
9682
9706
9754
9763
9779
9785
9819
9828
9856
9902
9906
9917
9936
9975
9979
9985
9987
10039
10072
10076
10098
10119
10128
10131
10140
10149
10154
10154
10167
10204
10204
10229
10247
10263
10272
10278
10299
10310
10322
10325
10330
10352
10368
10374
10382
10383
10394
10412
10413
10424
10435
10442
10468
10476
10477
10490
10500
10502
10506
10510
10527
10552
10615
10631
10656
10660
10683
10683
10690
10694
10708
10714
10717
10726
10765
10768
10801
10809
10830
10834
10883
10885
10896
10900
10907
10922
10938
10947
10952
10956
11004
11022
11026
11032
11036
11072
11098
11114
11121
11124
11168
11170
11171
11177
11180
11194
11222
11237
11252
11257
11273
11276
11280
11334
11349
11351
11361
11367
11422
11425
11437
11457
11458
11475
11476
11478
11482
11483
11485
11524
11548
11565
11571
11577
11619
11621
11677
11688
11688
11701
11701
11704
11707
11708
11713
11748
11749
11755
11764
11765
11772
11776
11783
11788
11799
11812
11829
11834
11843
11847
11851
11855
11865
11919
11930
11931
11975
11978
11992
12016
12062
12093
12097
12102
12113
12118
12124
12138
12140
12140
12172
12194
12213
12217
12272
12275
12300
12322
12327
12336
12347
12347
12376
12382
12388
12392
12394
12414
12419
12431
12441
12465
12501
12514
12516
12518
12526
12537
12553
12565
12597
12598
12606
12616
12626
12629
12637
12644
12649
12651
12663
12673
12683
12689
12722
12746
12747
12753
12754
12764
12800
12817
12824
12855
12857
12869
12887
12890
12903
12905
12907
12911
12926
12930
12931
12968
12978
12981
13007
13036
13074
13075
13095
13116
13118
13119
13125
13151
13158
13160
13189
13189
13205
13215
13222
13231
13233
13262
13281
13282
13297
13303
13304
13320
13332
13343
13362
13363
13379
13406
13407
13407
13420
13421
13436
13461
13533
13533
13560
13561
13569
13575
13600
13729
13732
13752
13753
13760
13788
13839
13873
13901
13913
13913
13916
13928
13959
13963
13980
13990
14000
14008
14026
14040
14074
14078
14081
14088
14150
14153
14160
14167
14191
14244
14265
14265
14275
14290
14293
14325
14341
14342
14344
14353
14369
14378
14391
14392
14392
14421
14422
14437
14459
14482
14514
14529
14536
14572
14597
14615
14647
14648
14653
14654
14712
14712
14713
14715
14747
14748
14751
14782
14785
14803
14814
14827
14835
14876
14890
14902
14913
14940
14989
15000
15001
15011
15013
15033
15041
15042
15047
15053
15062
15078
15082
15141
15159
15163
15168
15192
15226
15228
15237
15271
15303
15315
15330
15339
15352
15396
15409
15475
15485
15498
15503
15505
15527
15531
15536
15545
15562
15567
15572
15601
15602
15615
15620
15636
15638
15642
15653
15765
15765
15769
15807
15808
15811
15827
15834
15865
15918
15928
15956
15967
15972
15979
15993
15997
15997
16004
16007
16034
16054
16056
16072
16111
16120
16125
16159
16181
16207
16208
16219
16219
16227
16229
16252
16254
16324
16326
16332
16335
16352
16369
16375
16381
16397
16400
16432
16438
16478
16493
16522
16560
16563
16580
16584
16601
16607
16639
16662
16690
16710
16716
16726
16731
16733
16762
16768
16821
16832
16862
16885
16892
16901
16907
16914
16914
16916
16927
16943
16947
16950
16954
16966
16975
16984
16984
16989
17004
17017
17021
17030
17031
17038
17083
17097
17125
17136
17138
17145
17152
17154
17163
17173
17188
17202
17210
17289
17305
17313
17320
17337
17340
17360
17380
17385
17394
17398
17411
17414
17426
17453
17482
17486
17496
17523
17525
17545
17569
17578
17582
17600
17605
17621
17625
17635
17641
17654
17689
17715
17716
17724
17724
17746
17751
17758
17760
17760
17765
17783
17792
17797
17824
17833
17843
17867
17870
17888
17934
17943
17978
17982
17982
18043
18076
18104
18105
18125
18130
18130
18166
18172
18186
18196
18201
18217
18233
18233
18239
18246
18299
18302
18317
18322
18329
18332
18333
18340
18346
18348
18353
18354
18369
18379
18403
18434
18456
18480
18480
18497
18503
18506
18512
18513
18566
18589
18637
18642
18650
18696
18703
18715
18724
18730
18732
18746
18748
18779
18793
18806
18833
18847
18847
18847
18865
18897
18926
18947
18950
18961
18961
18972
18987
18992
19007
19021
19051
19056
19065
19100
19114
19122
19129
19141
19174
19175
19181
19185
19187
19195
19203
19238
19243
19244
19255
19261
19276
19290
19300
19327
19332
19364
19382
19390
19425
19431
19444
19476
19498
19509
19517
19544
19557
19583
19588
19598
19623
19641
19641
19642
19672
19674
19682
19690
19697
19699
19701
19702
19710
19726
19773
19804
19815
19835
19842
19862
19879
19887
19891
19908
19944
19965
19991
20000
20025
20033
20034
20037
20085
20124
20126
20127
20128
20145
20145
20146
20154
20186
20189
20211
20237
20260
20297
20356
20362
20376
20385
20393
20402
20408
20420
20443
20444
20458
20503
20506
20518
20524
20581
20583
20590
20590
20603
20610
20645
20647
20659
20663
20670
20685
20718
20724
20727
20782
20794
20856
20867
20894
20925
20926
20944
20966
20982
20983
20990
21016
21025
21029
21040
21040
21058
21069
21072
21099
21154
21162
21171
21173
21180
21189
21214
21219
21223
21247
21249
21261
21268
21271
21283
21289
21314
21339
21342
21358
21365
21384
21400
21401
21404
21406
21421
21422
21437
21441
21455
21471
21472
21482
21490
21508
21510
21516
21516
21552
21568
21589
21589
21618
21619
21632
21638
21640
21650
21688
21690
21702
21706
21716
21717
21725
21729
21730
21761
21777
21786
21798
21801
21808
21834
21847
21853
21871
21894
21899
21922
21923
21942
21954
21962
21966
21969
21971
22000
22007
22032
22042
22060
22094
22098
22100
22136
22186
22194
22197
22203
22206
22212
22232
22234
22247
22248
22277
22299
22301
22318
22347
22378
22385
22400
22410
22461
22482
22509
22524
22550
22572
22582
22592
22621
22642
22664
22665
22673
22693
22724
22740
22752
22774
22777
22832
22844
22844
22850
22867
22867
22896
22914
22919
22924
22929
22932
22959
22968
22973
22984
22995
23025
23026
23033
23039
23046
23046
23051
23093
23096
23105
23116
23131
23135
23136
23148
23235
23238
23245
23247
23266
23292
23311
23316
23327
23358
23392
23407
23424
23447
23464
23473
23482
23488
23491
23524
23534
23551
23555
23557
23575
23584
23595
23601
23610
23625
23638
23640
23672
23707
23722
23723
23746
23767
23798
23802
23809
23861
23866
23912
23912
23919
23920
23933
23934
23955
23972
23991
24009
24012
24014
24028
24039
24079
24090
24110
24129
24132
24164
24174
24176
24180
24188
24199
24217
24229
24229
24242
24257
24277
24289
24309
24316
24326
24350
24351
24362
24367
24367
24376
24378
24393
24398
24414
24414
24420
24453
24483
24504
24514
24532
24537
24555
24556
24565
24571
24581
24596
24618
24644
24655
24694
24698
24712
24723
24748
24751
24758
24772
24796
24805
24852
24859
24859
24903
24917
24951
24953
24974
25000
25022
25029
25052
25063
25078
25086
25118
25122
25124
25131
25133
25140
25146
25168
25211
25218
25231
25242
25253
25264
25282
25297
25301
25340
25346
25353
25353
25370
25373
25385
25392
25399
25413
25444
25465
25495
25519
25539
25543
25578
25584
25611
25638
25659
25661
25661
25672
25722
25736
25742
25747
25754
25760
25760
25779
25790
25795
25810
25815
25815
25817
25823
25825
25838
25850
25867
25868
25885
25895
25958
25992
25995
26011
26017
26030
26038
26062
26066
26080
26085
26088
26101
26103
26147
26169
26170
26176
26198
26202
26222
26236
26265
26274
26281
26332
26343
26358
26368
26388
26396
26407
26410
26416
26418
26421
26432
26442
26450
26472
26488
26496
26520
26539
26544
26557
26574
26599
26604
26611
26634
26639
26652
26668
26686
26690
26707
26764
26791
26795
26811
26816
26818
26852
26858
26871
26872
26891
26892
26892
26896
26927
26931
26952
26954
26964
26964
26971
26980
26985
27001
27004
27006
27010
27014
27018
27020
27041
27046
27051
27068
27115
27132
27134
27134
27136
27139
27161
27192
27198
27211
27222
27232
27237
27247
27248
27257
27271
27273
27336
27354
27399
27430
27451
27514
27523
27545
27548
27573
27584
27588
27596
27626
27627
27635
27636
27649
27660
27666
27715
27716
27718
27728
27749
27750
27765
27772
27773
27782
27789
27825
27850
27853
27863
27869
27891
27894
27906
27911
27944
27949
27960
27963
27971
27976
27989
27999
28009
28048
28050
28055
28104
28109
28125
28130
28134
28137
28148
28160
28187
28225
28242
28244
28280
28283
28336
28343
28344
28349
28353
28353
28372
28377
28388
28413
28414
28427
28440
28441
28464
28477
28487
28518
28521
28531
28536
28545
28555
28567
28574
28580
28594
28606
28665
28675
28701
28704
28713
28733
28800
28823
28856
28860
28865
28889
28896
28905
28907
28909
28918
28931
28954
28988
28995
28995
29011
29020
29028
29037
29049
29054
29060
29065
29081
29100
29113
29120
29126
29133
29138
29177
29202
29225
29227
29248
29271
29306
29317
29327
29341
29345
29354
29362
29375
29425
29440
29461
29468
29485
29487
29526
29527
29535
29586
29600
29624
29645
29651
29658
29675
29712
29719
29719
29724
29756
29778
29816
29820
29834
29842
29879
29897
29911
29928
29938
29942
29956
29969
29973
29974
30027
30122
30122
30126
30139
30150
30153
30167
30190
30190
30229
30252
30260
30274
30276
30296
30297
30310
30321
30344
30360
30376
30390
30393
30409
30449
30450
30454
30458
30459
30470
30477
30480
30482
30487
30488
30488
30497
30528
30536
30540
30552
30554
30555
30576
30581
30582
30593
30599
30606
30616
30677
30681
30696
30717
30722
30723
30727
30734
30740
30778
30804
30829
30872
30875
30879
30881
30937
30959
30961
30967
30973
30977
30990
30993
31006
31041
31071
31085
31100
31124
31130
31151
31154
31169
31192
31205
31212
31213
31228
31232
31241
31241
31266
31298
31300
31325
31327
31337
31360
31397
31403
31441
31452
31457
31463
31497
31504
31508
31512
31527
31528
31605
31638
31657
31666
31672
31692
31698
31740
31746
31766
31780
31786
31817
31820
31828
31853
31862
31863
31864
31868
31893
31894
31919
31940
31940
31951
31968
31977
31977
31978
31980
31990
31992
32006
32009
32017
32021
32052
32058
32088
32094
32114
32126
32141
32157
32224
32240
32259
32296
32302
32304
32329
32381
32382
32395
32413
32417
32423
32428
32446
32476
32509
32520
32531
32534
32594
32595
32596
32599
32600
32605
32616
32635
32658
32662
32675
32712
32717
32718
32730
32734
32764
32779
32790
32794
32819
32820
32830
32833
32837
32863
32879
32881
32920
32947
32949
32959
32984
32991
32994
33002
33003
33018
33037
33048
33051
33057
33072
33098
33099
33134
33144
33149
33149
33168
33176
33188
33206
33215
33218
33219
33223
33225
33243
33250
33258
33278
33291
33298
33339
33341
33355
33377
33392
33411
33440
33441
33452
33461
33462
33501
33512
33559
33603
33613
33614
33624
33640
33649
33650
33658
33679
33725
33749
33770
33778
33798
33813
33822
33829
33837
33847
33850
33852
33855
33855
33860
33870
33881
33882
33884
33900
33903
33914
33929
33931
33965
33975
33998
34009
34031
34059
34064
34087
34096
34101
34104
34123
34124
34162
34165
34187
34192
34208
34227
34227
34241
34271
34285
34311
34319
34326
34384
34394
34414
34454
34462
34467
34501
34541
34543
34543
34551
34600
34612
34615
34627
34631
34639
34707
34727
34733
34743
34746
34802
34821
34876
34885
34886
34895
34917
34933
34936
34944
34956
34966
34971
35001
35003
35025
35026
35036
35042
35119
35133
35159
35188
35212
35218
35228
35236
35243
35254
35278
35288
35288
35289
35293
35301
35309
35312
35363
35363
35364
35372
35382
35394
35406
35416
35416
35427
35437
35466
35470
35486
35522
35529
35533
35542
35598
35600
35618
35623
35635
35640
35648
35660
35660
35676
35686
35691
35720
35722
35741
35752
35756
35760
35774
35775
35789
35793
35841
35896
35901
35907
35931
35952
35954
35977
35980
35981
35996
36012
36041
36045
36045
36048
36066
36085
36091
36091
36092
36096
36111
36112
36125
36129
36137
36149
36155
36172
36194
36223
36229
36233
36241
36242
36248
36256
36286
36287
36292
36295
36313
36317
36321
36350
36359
36384
36392
36394
36396
36468
36474
36500
36510
36534
36535
36571
36579
36641
36646
36647
36665
36676
36692
36700
36713
36719
36734
36739
36746
36750
36759
36775
36779
36780
36801
36804
36833
36845
36895
36932
36947
36948
36957
36959
36978
36995
37003
37010
37041
37055
37055
37063
37083
37086
37099
37119
37126
37136
37137
37144
37145
37150
37178
37185
37186
37197
37201
37204
37235
37238
37242
37249
37254
37261
37273
37275
37291
37330
37338
37341
37347
37374
37381
37386
37389
37449
37452
37468
37480
37491
37535
37544
37549
37550
37555
37604
37606
37611
37657
37660
37664
37684
37688
37708
37721
37725
37725
37728
37731
37760
37769
37770
37772
37783
37793
37796
37806
37807
37876
37876
37878
37893
37906
37907
37925
37938
37949
37958
37969
37975
37988
37990
38001
38022
38030
38037
38047
38050
38069
38069
38072
38080
38083
38090
38103
38114
38119
38129
38147
38149
38149
38151
38162
38166
38180
38191
38199
38209
38223
38237
38249
38270
38280
38310
38316
38325
38343
38357
38359
38362
38364
38367
38368
38390
38394
38401
38404
38404
38419
38450
38459
38488
38506
38506
38511
38514
38530
38545
38581
38590
38619
38639
38661
38716
38728
38746
38764
38778
38788
38793
38819
38819
38829
38850
38863
38874
38880
38888
38894
38904
38913
38947
38947
38987
39022
39053
39084
39089
39095
39102
39106
39108
39131
39133
39150
39152
39160
39209
39338
39340
39343
39345
39347
39355
39390
39413
39413
39413
39418
39438
39444
39478
39478
39479
39505
39537
39545
39582
39612
39615
39616
39620
39628
39652
39657
39672
39679
39685
39687
39730
39735
39743
39767
39787
39787
39801
39825
39830
39840
39846
39864
39870
39902
39932
39934
39948
39965
39986
39993
39998
40008
40014
40015
40044
40056
40064
40067
40071
40075
40079
40125
40156
40160
40174
40182
40185
40203
40209
40242
40250
40253
40263
40298
40315
40333
40348
40354
40360
40366
40370
40389
40389
40401
40415
40417
40444
40447
40454
40456
40459
40463
40495
40525
40526
40531
40561
40571
40576
40586
40592
40605
40637
40639
40652
40691
40699
40740
40775
40775
40795
40799
40828
40857
40857
40862
40865
40865
40868
40872
40874
40876
40894
40903
40923
40930
40934
40973
40996
40996
40999
41019
41024
41053
41057
41067
41099
41119
41146
41168
41169
41178
41197
41203
41224
41225
41244
41257
41262
41271
41292
41296
41296
41308
41330
41331
41393
41397
41405
41417
41422
41493
41508
41524
41530
41550
41587
41597
41607
41611
41621
41623
41651
41662
41664
41678
41684
41689
41695
41705
41727
41728
41736
41785
41809
41827
41832
41847
41847
41864
41868
41875
41879
41937
41950
41971
41977
41979
41993
42007
42046
42059
42063
42065
42069
42072
42078
42083
42084
42089
42092
42128
42132
42133
42145
42153
42162
42179
42185
42197
42228
42242
42255
42323
42346
42357
42367
42393
42397
42440
42463
42475
42484
42495
42498
42498
42502
42510
42565
42588
42588
42634
42641
42663
42675
42677
42713
42719
42721
42729
42730
42750
42763
42775
42775
42779
42784
42804
42811
42824
42856
42866
42870
42876
42885
42894
42895
42914
42931
42938
42987
42987
42991
43010
43017
43031
43041
43060
43079
43087
43117
43121
43161
43163
43174
43184
43190
43196
43197
43199
43254
43261
43282
43286
43288
43292
43294
43297
43317
43347
43354
43356
43358
43365
43379
43382
43397
43430
43469
43469
43481
43491
43501
43533
43557
43572
43595
43605
43615
43623
43649
43657
43659
43665
43683
43688
43700
43726
43755
43781
43786
43814
43852
43885
43893
43895
43913
43920
43931
43945
43951
43960
43982
44005
44006
44007
44031
44036
44069
44087
44120
44151
44160
44169
44220
44226
44230
44238
44245
44251
44254
44264
44273
44279
44309
44322
44329
44336
44347
44349
44385
44404
44411
44412
44414
44415
44425
44449
44450
44462
44509
44531
44545
44562
44584
44593
44597
44609
44619
44620
44627
44642
44642
44646
44648
44658
44660
44672
44679
44684
44691
44700
44711
44739
44744
44750
44754
44761
44763
44777
44779
44794
44805
44808
44815
44864
44871
44904
44906
44914
44916
44974
44982
44985
44985
45001
45005
45018
45025
45030
45031
45035
45061
45084
45085
45113
45144
45144
45145
45152
45189
45195
45201
45216
45232
45236
45239
45254
45262
45265
45273
45279
45280
45298
45310
45318
45321
45321
45322
45325
45338
45368
45372
45381
45394
45430
45441
45469
45471
45521
45530
45567
45590
45610
45627
45630
45633
45638
45641
45660
45699
45712
45724
45740
45742
45754
45762
45780
45796
45803
45850
45870
45886
45890
45892
45896
45907
45914
45915
45924
45944
45952
45962
45980
45997
45999
46006
46007
46029
46035
46036
46044
46047
46071
46073
46074
46106
46143
46195
46209
46212
46221
46228
46261
46282
46286
46288
46341
46344
46347
46368
46409
46409
46417
46419
46441
46492
46502
46520
46540
46547
46553
46574
46583
46585
46600
46603
46606
46607
46610
46623
46633
46647
46659
46678
46683
46688
46724
46741
46748
46748
46773
46804
46807
46812
46820
46822
46832
46855
46860
46860
46862
46867
46900
46919
46949
46971
46986
46999
47000
47001
47004
47009
47009
47039
47054
47056
47056
47068
47080
47131
47160
47161
47174
47186
47200
47203
47240
47259
47285
47320
47353
47366
47371
47404
47405
47456
47465
47467
47471
47510
47519
47526
47532
47532
47538
47565
47596
47599
47603
47608
47627
47636
47636
47638
47644
47651
47669
47672
47673
47694
47699
47699
47717
47720
47722
47725
47727
47728
47737
47747
47749
47764
47773
47787
47796
47812
47814
47835
47868
47893
47895
47922
47944
47970
47985
47999
48004
48006
48035
48062
48077
48104
48136
48136
48137
48140
48166
48167
48184
48192
48194
48194
48199
48222
48233
48253
48261
48264
48269
48275
48281
48299
48303
48315
48315
48327
48332
48353
48374
48414
48451
48458
48466
48475
48498
48535
48547
48556
48569
48573
48576
48627
48642
48660
48683
48686
48690
48713
48718
48741
48760
48776
48815
48845
48877
48878
48882
48889
48895
48906
48909
48912
48930
48932
48941
48947
48950
48973
48974
48998
49007
49028
49052
49077
49103
49108
49140
49151
49161
49165
49168
49218
49240
49244
49261
49261
49274
49290
49301
49306
49313
49329
49334
49349
49360
49372
49373
49378
49390
49391
49414
49428
49430
49477
49486
49513
49515
49533
49550
49564
49595
49605
49607
49616
49619
49660
49662
49673
49680
49684
49751
49769
49771
49829
49842
49857
49865
49871
49888
49899
49927
49973
49976
49977
49981
50005
50024
50039
50058
50069
50077
50083
50133
50136
50160
50193
50222
50225
50236
50250
50259
50272
50274
50312
50314
50326
50411
50420
50447
50464
50477
50490
50493
50499
50544
50563
50565
50596
50596
50603
50605
50610
50622
50622
50630
50634
50643
50648
50655
50661
50663
50669
50670
50683
50697
50698
50708
50712
50731
50764
50789
50789
50798
50826
50844
50849
50874
50878
50925
50930
50948
50957
50982
50989
51006
51012
51018
51033
51051
51095
51104
51110
51130
51138
51139
51144
51147
51150
51152
51187
51188
51192
51234
51238
51246
51250
51273
51275
51277
51286
51288
51301
51323
51346
51358
51361
51409
51427
51449
51462
51465
51469
51470
51487
51512
51525
51527
51538
51560
51561
51563
51564
51579
51611
51614
51616
51634
51636
51645
51648
51692
51699
51709
51712
51715
51717
51717
51730
51751
51755
51774
51778
51781
51804
51805
51823
51830
51858
51858
51873
51890
51899
51935
51935
51944
51968
51981
51986
51992
52005
52033
52071
52096
52117
52124
52127
52136
52138
52143
52147
52157
52176
52191
52202
52215
52235
52241
52258
52293
52294
52310
52317
52321
52326
52336
52340
52346
52351
52366
52373
52382
52393
52402
52406
52406
52413
52420
52425
52446
52472
52475
52506
52525
52546
52548
52561
52565
52576
52596
52601
52614
52623
52630
52641
52694
52699
52715
52723
52756
52827
52833
52833
52835
52849
52853
52884
52891
52892
52909
52928
52935
52943
52947
52950
53002
53011
53030
53037
53051
53085
53111
53121
53136
53168
53170
53216
53219
53230
53233
53249
53274
53294
53313
53333
53338
53342
53357
53358
53376
53382
53383
53410
53415
53431
53453
53556
53579
53600
53608
53633
53642
53668
53690
53692
53692
53701
53715
53720
53729
53755
53763
53764
53775
53782
53811
53832
53857
53879
53905
53932
53945
53952
53962
53966
54018
54022
54057
54070
54082
54083
54089
54147
54169
54183
54194
54208
54217
54221
54224
54233
54238
54244
54259
54272
54273
54278
54297
54298
54349
54357
54377
54377
54390
54393
54401
54411
54414
54436
54438
54468
54473
54509
54569
54570
54591
54614
54621
54621
54622
54622
54635
54639
54641
54660
54686
54692
54705
54718
54721
54722
54723
54738
54763
54767
54771
54786
54786
54787
54795
54799
54815
54819
54820
54850
54852
54855
54858
54870
54879
54895
54904
54933
54993
55007
55015
55054
55101
55106
55116
55120
55141
55169
55174
55184
55191
55192
55199
55226
55245
55256
55283
55308
55371
55375
55376
55379
55379
55400
55406
55408
55430
55441
55460
55471
55486
55501
55532
55553
55576
55591
55661
55680
55694
55713
55719
55723
55736
55753
55771
55789
55794
55795
55818
55818
55834
55846
55853
55861
55865
55890
55904
55928
55933
55940
55986
56001
56009
56054
56072
56090
56113
56142
56156
56164
56182
56195
56220
56223
56242
56247
56260
56266
56283
56285
56294
56296
56318
56333
56337
56338
56348
56362
56390
56405
56418
56422
56425
56438
56440
56450
56455
56504
56512
56521
56528
56537
56545
56546
56560
56564
56568
56570
56591
56595
56613
56615
56618
56622
56627
56627
56654
56674
56683
56709
56719
56721
56730
56732
56732
56737
56738
56744
56784
56787
56804
56807
56813
56831
56856
56871
56905
56929
56959
56965
56981
56984
56988
57009
57014
57042
57046
57052
57059
57066
57077
57079
57097
57103
57110
57188
57196
57201
57218
57223
57229
57233
57244
57246
57250
57250
57260
57263
57278
57279
57292
57297
57316
57334
57360
57397
57401
57406
57436
57444
57459
57462
57467
57472
57498
57507
57508
57514
57520
57524
57537
57565
57566
57567
57575
57587
57595
57597
57607
57626
57635
57641
57729
57732
57749
57761
57778
57787
57790
57805
57809
57820
57832
57837
57855
57904
57914
57917
57920
57922
57926
57930
57951
57959
57962
57978
57991
58030
58033
58033
58059
58076
58120
58157
58164
58182
58217
58224
58226
58231
58233
58275
58279
58291
58299
58302
58317
58362
58377
58384
58389
58397
58414
58415
58421
58423
58432
58432
58433
58449
58450
58462
58474
58485
58508
58516
58524
58535
58535
58564
58566
58568
58582
58587
58623
58625
58633
58635
58638
58653
58664
58666
58680
58714
58718
58732
58768
58778
58796
58817
58825
58830
58840
58857
58869
58873
58878
58883
58885
58902
58979
58986
59016
59036
59062
59074
59136
59144
59154
59157
59164
59165
59170
59176
59187
59216
59220
59226
59295
59305
59332
59363
59369
59390
59403
59403
59407
59410
59415
59418
59433
59435
59455
59460
59488
59489
59528
59545
59559
59560
59588
59595
59608
59621
59638
59641
59665
59666
59666
59666
59673
59681
59719
59735
59748
59758
59801
59822
59838
59856
59866
59869
59870
59894
59913
59932
59934
59937
59957
59972
59978
59983
59989
59995
60016
60034
60036
60050
60052
60061
60079
60083
60091
60110
60112
60131
60148
60153
60168
60200
60220
60230
60267
60277
60292
60305
60315
60327
60371
60411
60433
60437
60455
60496
60497
60500
60506
60524
60529
60561
60567
60581
60604
60612
60635
60645
60652
60654
60656
60674
60682
60694
60698
60699
60708
60734
60747
60755
60785
60788
60819
60877
60879
60893
60915
60928
60929
60950
60955
60957
60972
60983
60999
61008
61089
61105
61111
61118
61138
61150
61157
61161
61170
61186
61192
61194
61215
61228
61230
61241
61276
61304
61304
61316
61320
61321
61329
61331
61343
61343
61364
61369
61376
61382
61424
61427
61434
61458
61473
61525
61543
61557
61557
61566
61586
61586
61590
61681
61694
61694
61730
61741
61741
61748
61765
61792
61795
61801
61818
61820
61834
61839
61843
61849
61859
61874
61919
61957
61967
61985
62006
62037
62057
62075
62078
62092
62123
62128
62159
62166
62197
62237
62238
62242
62245
62263
62265
62284
62291
62309
62349
62369
62371
62371
62414
62496
62524
62538
62540
62544
62591
62601
62602
62611
62623
62634
62639
62697
62709
62756
62762
62778
62788
62801
62812
62845
62858
62859
62884
62886
62887
62895
62944
62951
62974
63044
63072
63099
63106
63106
63138
63179
63182
63188
63206
63206
63224
63225
63236
63259
63312
63323
63331
63333
63392
63414
63418
63459
63474
63482
63496
63505
63506
63547
63560
63582
63584
63584
63593
63601
63604
63605
63610
63618
63621
63623
63631
63633
63658
63663
63673
63688
63694
63696
63712
63735
63748
63758
63794
63804
63814
63831
63867
63875
63884
63886
63893
63905
63925
63942
63954
63973
64009
64010
64018
64053
64068
64092
64104
64110
64120
64148
64149
64168
64176
64214
64214
64226
64232
64245
64248
64252
64254
64254
64258
64261
64270
64272
64298
64328
64333
64361
64363
64395
64411
64413
64422
64427
64434
64448
64476
64481
64512
64523
64530
64533
64535
64566
64594
64608
64615
64615
64617
64648
64648
64662
64676
64688
64688
64708
64793
64794
64810
64815
64838
64895
64922
64945
64954
64958
64970
64979
65011
65018
65026
65040
65051
65054
65058
65075
65086
65088
65122
65130
65139
65149
65155
65195
65212
65224
65237
65254
65257
65265
65266
65275
65284
65310
65324
65343
65346
65347
65367
65374
65395
65401
65404
65405
65420
65425
65436
65465
65468
65470
65477
65483
65536
65536
65558
65610
65622
65654
65677
65679
65681
65684
65692
65695
65707
65708
65742
65744
65746
65751
65752
65752
65756
65756
65758
65762
65763
65770
65780
65786
65791
65807
65847
65852
65853
65861
65886
65903
65917
65919
65920
65934
65945
65948
65962
65966
65977
65984
65988
66000
66040
66073
66086
66105
66125
66165
66166
66192
66200
66201
66216
66234
66249
66253
66263
66265
66269
66292
66298
66311
66311
66313
66332
66333
66339
66352
66363
66373
66386
66403
66411
66431
66439
66467
66472
66472
66473
66473
66481
66489
66499
66529
66529
66555
66566
66617
66635
66654
66661
66669
66692
66733
66735
66738
66743
66768
66775
66790
66811
66813
66814
66816
66887
66893
66908
66917
66923
66956
66976
66985
67000
67004
67011
67024
67024
67066
67102
67108
67108
67123
67129
67130
67151
67159
67183
67192
67200
67219
67230
67251
67251
67291
67328
67329
67353
67365
67369
67381
67423
67431
67434
67437
67440
67454
67465
67469
67494
67495
67496
67505
67522
67529
67536
67539
67549
67562
67566
67587
67591
67592
67614
67618
67620
67649
67664
67666
67668
67737
67814
67831
67833
67836
67837
67851
67864
67884
67890
67894
67927
67929
67936
67949
67970
67974
67983
67995
68013
68014
68041
68068
68083
68087
68107
68122
68155
68162
68191
68195
68202
68211
68212
68218
68224
68231
68237
68245
68267
68270
68290
68294
68306
68309
68317
68317
68345
68349
68358
68369
68374
68386
68388
68388
68396
68405
68421
68424
68444
68456
68459
68497
68507
68525
68530
68576
68579
68581
68611
68633
68671
68704
68712
68717
68727
68728
68741
68758
68800
68817
68842
68844
68845
68856
68860
68869
68876
68881
68916
68918
68929
68966
68992
69005
69027
69052
69059
69063
69070
69074
69075
69076
69098
69106
69116
69117
69120
69129
69135
69138
69139
69156
69160
69174
69191
69209
69215
69225
69234
69244
69280
69292
69303
69304
69307
69326
69330
69333
69343
69373
69400
69431
69440
69449
69455
69467
69468
69492
69514
69541
69549
69571
69577
69598
69599
69621
69623
69633
69641
69657
69659
69685
69702
69729
69731
69732
