3
15
22
23
27
47
62
71
83
117
118
121
133
174
180
184
208
214
227
239
240
242
245
280
299
303
307
325
337
338
344
346
350
360
360
377
382
387
394
395
417
426
465
485
488
489
519
523
526
542
550
561
564
567
572
585
589
622
623
632
658
660
673
681
685
695
700
708
718
725
728
736
754
755
755
768
788
788
788
807
812
813
814
825
831
845
858
865
889
895
903
912
923
923
925
931
942
956
960
976
976
980
988
1017
1021
1021
1023
1029
1051
1059
1062
1067
1072
1082
1084
1119
1123
1130
1133
1153
1155
1164
1173
1186
1189
1192
1204
1208
1237
1254
1269
1279
1282
1289
1300
1315
1329
1340
1341
1344
1346
1359
1361
1364
1368
1395
1400
1406
1427
1446
1451
1460
1466
1466
1487
1495
1498
1519
1521
1534
1537
1548
1549
1549
1565
1572
1578
1611
1621
1623
1632
1634
1653
1657
1661
1667
1673
1690
1700
1720
1720
1745
1748
1757
1766
1770
1783
1788
1788
1794
1802
1816
1845
1853
1855
1856
1860
1862
1864
1868
1891
1897
1900
1908
1909
1928
1940
1948
1964
2001
2013
2019
2033
2035
2045
2046
2048
2052
2070
2072
2087
2105
2107
2108
2109
2110
2114
2117
2124
2127
2138
2144
2148
2149
2152
2153
2159
2164
2167
2174
2179
2230
2242
2244
2247
2254
2255
2258
2268
2275
2279
2296
2299
2329
2329
2339
2348
2357
2359
2368
2368
2370
2376
2379
2386
2408
2411
2414
2416
2417
2433
2435
2441
2443
2449
2458
2468
2470
2475
2503
2505
2506
2508
2515
2516
2517
2523
2527
2527
2538
2549
2549
2574
2593
2616
2618
2619
2652
2654
2655
2668
2672
2677
2681
2688
2689
2693
2695
2699
2702
2703
2704
2733
2742
2748
2750
2755
2779
2780
2780
2786
2789
2790
2793
2814
2818
2853
2853
2867
2876
2893
2907
2918
2921
2922
2938
2945
3006
3011
3020
3043
3053
3062
3062
3065
3077
3081
3095
3096
3097
3109
3110
3121
3130
3135
3152
3154
3168
3172
3189
3189
3189
3200
3207
3212
3233
3245
3248
3253
3260
3270
3286
3303
3321
3331
3336
3348
3351
3357
3369
3377
3379
3388
3389
3396
3400
3400
3407
3415
3432
3433
3445
3457
3464
3465
3476
3500
3521
3528
3530
3571
3588
3591
3616
3618
3621
3643
3652
3677
3679
3684
3685
3691
3692
3708
3708
3710
3717
3725
3742
3748
3752
3789
3794
3798
3809
3820
3820
3835
3835
3836
3849
3850
3862
3878
3883
3889
3894
3903
3907
3912
3913
3917
3921
3926
3933
3949
3952
3953
3980
3980
3999
4007
4011
4024
4029
4034
4038
4041
4051
4053
4067
4100
4102
4112
4129
4138
4140
4142
4146
4173
4173
4177
4185
4190
4203
4209
4222
4248
4254
4258
4272
4286
4298
4303
4330
4333
4367
4372
4373
4385
4390
4398
4400
4402
4402
4407
4424
4427
4428
4442
4466
4472
4510
4512
4551
4555
4577
4577
4580
4591
4591
4601
4601
4617
4638
4644
4664
4667
4674
4686
4709
4710
4714
4719
4726
4726
4732
4734
4740
4744
4772
4781
4783
4808
4816
4823
4824
4846
4848
4852
4861
4872
4881
4881
4882
4885
4892
4897
4900
4912
4924
4936
4980
4984
4996
5001
5024
5051
5059
5080
5083
5087
5094
5098
5109
5119
5125
5132
5138
5150
5157
5171
5179
5189
5201
5204
5215
5220
5237
5262
5266
5275
5282
5286
5293
5294
5299
5300
5307
5320
5321
5325
5331
5351
5354
5364
5386
5404
5414
5415
5422
5429
5436
5437
5450
5470
5476
5482
5490
5506
5506
5521
5523
5524
5542
5546
5552
5561
5566
5576
5583
5587
5625
5627
5630
5653
5665
5670
5670
5678
5681
5685
5687
5698
5703
5717
5735
5735
5737
5791
5806
5814
5817
5829
5838
5853
5855
5865
5878
5878
5881
5889
5892
5895
5896
5898
5939
5951
5987
5987
6001
6022
6060
6066
6076
6094
6096
6107
6110
6115
6121
6131
6133
6152
6153
6153
6169
6175
6200
6228
6240
6240
6243
6260
6290
6313
6328
6335
6335
6337
6356
6359
6369
6381
6389
6408
6411
6450
6457
6457
6465
6475
6506
6511
6512
6514
6523
6545
6545
6545
6563
6571
6573
6576
6613
6613
6620
6623
6628
6632
6640
6640
6642
6653
6656
6658
6664
6670
6673
6697
6706
6713
6716
6722
6746
6758
6776
6777
6792
6797
6802
6803
6808
6817
6827
6832
6833
6864
6870
6880
6895
6896
6926
6934
6969
6977
6978
6986
6998
7001
7007
7007
7012
7027
7037
7039
7043
7048
7057
7060
7077
7079
7088
7101
7116
7120
7134
7140
7160
7163
7186
7189
7207
7208
7212
7240
7240
7256
7258
7262
7266
7273
7283
7283
7301
7312
7329
7342
7343
7355
7365
7375
7388
7393
7408
7410
7436
7447
7458
7470
7476
7490
7494
7498
7499
7503
7509
7517
7519
7529
7531
7541
7541
7542
7546
7555
7557
7564
7565
7569
7573
7580
7592
7609
7616
7620
7628
7630
7641
7644
7653
7684
7698
7706
7716
7716
7717
7730
7736
7738
7746
7766
7766
7768
7771
7777
7794
7817
7825
7834
7834
7843
7873
7911
7929
7935
7935
7941
7943
7946
7959
7959
7971
7975
7993
7996
7998
8002
8004
8015
8023
8045
8046
8054
8057
8073
8079
8083
8092
8092
8094
8097
8099
8117
8124
8132
8133
8136
8140
8150
8160
8167
8167
8173
8176
8176
8180
8199
8208
8218
8220
8232
8249
8273
8278
8300
8307
8307
8309
8311
8331
8344
8349
8369
8377
8390
8390
8406
8408
8415
8437
8448
8453
8473
8503
8511
8527
8531
8565
8567
8569
8570
8594
8613
8627
8632
8638
8642
8667
8681
8684
8685
8691
8693
8694
8701
8706
8717
8724
8731
8748
8753
8753
8764
8769
8778
8786
8789
8793
8800
8802
8809
8822
8826
8828
8829
8839
8854
8860
8863
8871
8872
8883
8889
8903
8908
8918
8931
8963
8965
8967
8987
8990
8990
9005
9007
9015
9023
9027
9031
9040
9060
9066
9079
9091
9097
9111
9115
9121
9124
9128
9135
9139
9139
9141
9162
9175
9178
9183
9194
9204
9208
9216
9218
9229
9247
9254
9257
9286
9298
9305
9310
9326
9327
9328
9328
9335
9335
9340
9355
9359
9367
9385
9393
9401
9402
9413
9417
9428
9428
9435
9446
9447
9460
9477
9481
9481
9482
9490
9495
9495
9503
9533
9537
9547
9557
9559
9562
9566
9571
9584
9588
9595
9655
9657
9661
9661
9667
9681
9692
9692
9719
9727
9732
9737
9743
9756
9785
9794
9799
9802
9806
9820
9830
9855
9884
9890
9892
9905
9907
9911
9917
9941
9966
9974
9974
9976
9993
10022
10036
10036
10043
10053
10053
10060
10081
10087
10087
10103
10115
10130
10131
10136
10149
10153
10183
10185
10193
10200
10205
10208
10211
10224
10232
10261
10263
10268
10268
10276
10282
10284
10291
10337
10353
10355
10361
10371
10374
10382
10391
10401
10410
10426
10431
10450
10462
10481
10502
10522
10522
10525
10527
10536
10543
10549
10554
10558
10559
10588
10593
10596
10599
10605
10606
10610
10620
10636
10651
10657
10664
10668
10678
10682
10683
10686
10696
10699
10717
10735
10738
10743
10754
10781
10795
10813
10821
10835
10836
10863
10866
10867
10875
10886
10887
10894
10899
10902
10905
10908
10909
10918
10919
10925
10943
10947
10952
10954
10956
10964
10970
10975
10987
10998
11000
11012
11019
11024
11025
11035
11064
11073
11083
11096
11100
11103
11105
11117
11117
11124
11125
11130
11139
11147
11149
11151
11156
11157
11162
11175
11185
11189
11193
11199
11208
11211
11237
11255
11260
11266
11280
11283
11286
11299
11302
11317
11345
11359
11360
11360
11378
11389
11392
11400
11414
11426
11432
11438
11444
11453
11457
11461
11469
11477
11483
11494
11540
11553
11587
11587
11593
11616
11636
11641
11645
11652
11654
11657
11662
11672
11675
11688
11713
11716
11725
11736
11738
11758
11763
11764
11779
11783
11785
11790
11815
11824
11825
11835
11852
11853
11856
11867
11869
11876
11881
11895
11895
11898
11910
11919
11925
11929
11942
11959
11978
11983
12006
12032
12037
12043
12056
12077
12083
12088
12101
12103
12106
12121
12124
12127
12142
12142
12146
12165
12172
12191
12213
12217
12228
12233
12235
12240
12265
12279
12282
12289
12295
12301
12308
12322
12328
12346
12376
12380
12391
12394
12396
12399
12407
12441
12443
12445
12448
12453
12468
12480
12481
12484
12489
12492
12493
12496
12500
12502
12509
12514
12520
12546
12551
12553
12580
12588
12593
12598
12602
12604
12604
12605
12615
12630
12637
12651
12664
12683
12689
12709
12712
12729
12742
12745
12746
12755
12755
12769
12783
12800
12802
12810
12817
12821
12841
12846
12869
12871
12877
12881
12883
12915
12918
12925
12931
12937
12949
12966
12975
12996
12997
13002
13028
13032
13048
13060
13068
13081
13083
13087
13112
13116
13119
13124
13137
13150
13181
13185
13194
13195
13203
13203
13209
13222
13228
13239
13241
13259
13260
13271
13279
13289
13292
13307
13317
13346
13383
13404
13413
13422
13430
13439
13448
13495
13509
13514
13522
13541
13543
13550
13551
13576
13578
13579
13585
13586
13587
13593
13597
13607
13614
13620
13624
13647
13655
13672
13673
13701
13716
13717
13720
13726
13739
13741
13745
13752
13754
13767
13767
13767
13771
13799
13802
13819
13820
13824
13826
13827
13829
13832
13836
13837
13845
13852
13859
13862
13886
13886
13894
13895
13911
13914
13919
13927
13931
13933
13942
13943
13946
13951
13956
13967
13975
13982
13994
14001
14002
14023
14027
14032
14034
14046
14048
14057
14072
14079
14086
14092
14114
14126
14131
14142
14162
14165
14169
14174
14205
14225
14234
14242
14248
14249
14258
14281
14295
14306
14321
14380
14386
14392
14399
14408
14409
14414
14417
14421
14439
14451
14458
14462
14467
14474
14476
14484
14499
14507
14516
14529
14546
14558
14561
14563
14586
14591
14610
14614
14644
14656
14693
14700
14702
14706
14746
14746
14751
14751
14760
14766
14766
14773
14777
14787
14792
14799
14801
14814
14820
14820
14825
14825
14833
14835
14837
14848
14853
14865
14869
14877
14879
14880
14890
14899
14919
14923
14948
14951
14953
14957
14960
14965
14994
15015
15018
15019
15028
15045
15048
15054
15054
15065
15069
15072
15080
15085
15102
15110
15111
15115
15142
15145
15153
15160
15175
15186
15188
15190
15194
15194
15195
15197
15210
15218
15220
15221
15236
15244
15252
15259
15277
15286
15300
15310
15319
15325
15330
15341
15342
15361
15365
15369
15374
15374
15376
15387
15391
15399
15406
15415
15441
15446
15476
15479
15503
15505
15521
15535
15544
15544
15546
15547
15552
15566
15579
15586
15592
15619
15637
15643
15647
15653
15658
15661
15670
15670
15677
15678
15679
15681
15687
15688
15697
15706
15727
15727
15753
15753
15755
15755
15768
15781
15783
15788
15803
15821
15836
15837
15855
15863
15875
15878
15884
15893
15903
15912
15930
15932
15981
15999
16004
16013
16021
16029
16030
16039
16070
16079
16083
16085
16091
16095
16105
16115
16127
16130
16141
16143
16144
16151
16158
16167
16168
16176
16178
16179
16182
16187
16188
16197
16213
16228
16232
16236
16240
16249
16270
16287
16289
16307
16318
16322
16333
16347
16348
16382
16389
16390
16393
16404
16410
16413
16422
16427
16467
16469
16477
16478
16485
16504
16512
16513
16518
16520
16536
16542
16552
16559
16562
16565
16574
16578
16578
16582
16602
16605
16617
16633
16635
16645
16650
16659
16661
16689
16705
16719
16722
16725
16734
16735
16740
16836
16871
16890
16896
16908
16909
16922
16923
16925
16930
16939
16948
16951
16952
16975
16982
16983
17018
17022
17025
17025
17042
17044
17068
17104
17106
17114
17148
17154
17163
17187
17201
17227
17230
17238
17273
17276
17288
17298
17308
17313
17326
17327
17329
17349
17365
17366
17366
17375
17378
17379
17395
17425
17440
17443
17490
17504
17505
17520
17521
17522
17557
17560
17585
17587
17593
17608
17609
17619
17626
17628
17635
17652
17652
17656
17659
17673
17701
17701
17705
17712
17726
17740
17756
17769
17775
17775
17775
17775
17776
17781
17795
17804
17817
17822
17828
17832
17844
17848
17849
17863
17881
17893
17900
17902
17922
17923
17929
17939
17959
17962
17981
18016
18027
18058
18058
18063
18067
18072
18095
18103
18106
18117
18129
18139
18140
18193
18197
18202
18216
18217
18218
18247
18250
18251
18255
18258
18258
18263
18269
18294
18300
18315
18337
18384
18390
18390
18401
18416
18416
18423
18437
18445
18452
18463
18464
18474
18486
18486
18495
18495
18507
18508
18514
18525
18530
18530
18532
18537
18539
18571
18578
18593
18598
18601
18604
18614
18618
18619
18630
18635
18636
18638
18644
18650
18664
18671
18696
18702
18703
18703
18710
18727
18752
18753
18788
18798
18804
18822
18828
18832
18853
18854
18862
18868
18869
18877
18894
18906
18908
18912
18935
18940
18945
18951
18977
18978
19001
19016
19017
19022
19028
19044
19045
19049
19053
19055
19064
19069
19070
19073
19075
19082
19083
19086
19089
19105
19105
19108
19110
19122
19127
19141
19149
19151
19155
19156
19156
19181
19185
19186
19190
19208
19214
19215
19225
19225
19241
19247
19254
19254
19269
19275
19275
19294
19303
19309
19310
19311
19319
19322
19324
19327
19329
19332
19337
19340
19343
19349
19372
19382
19398
19399
19403
19404
19416
19416
19417
19435
19451
19481
19498
19499
19511
19512
19516
19533
19534
19539
19550
19561
19565
19565
19580
19592
19594
19596
19597
19615
19619
19619
19633
19636
19644
19656
19661
19661
19681
19709
19721
19724
19726
19734
19751
19752
19754
19760
19761
19781
19783
19783
19791
19796
19796
19797
19807
19812
19844
19847
19852
19857
19870
19876
19880
19880
19890
19893
19895
19913
19915
19918
19922
19926
19926
19936
19941
19942
19963
19976
19982
20008
20009
20015
20029
20031
20035
20063
20075
20085
20086
20092
20100
20100
20119
20119
20129
20132
20139
20158
20168
20181
20202
20210
20213
20236
20264
20309
20320
20332
20333
20367
20367
20376
20377
20411
20433
20436
20436
20436
20462
20474
20477
20508
20523
20532
20575
20584
20612
20624
20643
20644
20646
20646
20650
20652
20657
20670
20694
20708
20717
20732
20735
20735
20735
20736
20741
20754
20766
20782
20787
20805
20814
20815
20816
20826
20834
20837
20869
20873
20893
20908
20916
20926
20957
20962
20967
20969
20974
20976
20979
20984
20987
20996
21004
21009
21027
21043
21049
21058
21060
21060
21076
21079
21083
21106
21111
21114
21115
21135
21146
21150
21159
21170
21175
21181
21182
21191
21195
21200
21212
21244
21275
21310
21322
21323
21343
21351
21356
21374
21376
21379
21394
21411
21411
21413
21426
21448
21448
21453
21453
21457
21471
21481
21492
21514
21532
21547
21563
21564
21568
21569
21572
21575
21598
21609
21611
21622
21654
21660
21667
21676
21679
21685
21690
21697
21698
21703
21704
21711
21711
21718
21729
21731
21758
21760
21782
21792
21800
21815
21827
21829
21829
21839
21841
21855
21862
21865
21906
21922
21924
21925
21935
21937
21966
21968
21973
21977
21977
21984
21988
22006
22009
22023
22043
22046
22051
22055
22062
22063
22067
22069
22079
22084
22092
22097
22110
22133
22134
22151
22153
22162
22170
22181
22182
22192
22193
22197
22209
22219
22231
22250
22253
22261
22278
22284
22287
22292
22292
22293
22293
22307
22308
22329
22332
22339
22351
22357
22360
22368
22370
22374
22376
22377
22380
22393
22396
22414
22414
22443
22449
22457
22473
22479
22481
22483
22484
22508
22535
22536
22553
22555
22556
22557
22558
22559
22559
22585
22590
22594
22595
22597
22609
22615
22626
22634
22637
22638
22656
22668
22678
22682
22687
22691
22693
22705
22705
22721
22722
22729
22733
22738
22775
22775
22789
22809
22821
22833
22837
22839
22869
22870
22870
22880
22884
22884
22906
22920
22928
22932
22954
22956
22964
22966
22968
22984
22994
23003
23004
23015
23024
23045
23058
23064
23072
23075
23097
23145
23153
23153
23173
23178
23179
23179
23187
23193
23199
23201
23219
23220
23220
23238
23239
23240
23242
23250
23260
23276
23284
23315
23316
23342
23348
23349
23352
23357
23365
23374
23382
23382
23391
23421
23426
23432
23434
23435
23442
23443
23449
23462
23469
23482
23488
23510
23513
23514
23516
23518
23522
23539
23545
23568
23573
23580
23582
23582
23583
23585
23593
23602
23604
23611
23635
23640
23655
23683
23684
23697
23699
23720
23725
23750
23756
23759
23767
23778
23782
23794
23805
23819
23832
23837
23839
23842
23842
23843
23850
23856
23859
23863
23871
23881
23888
23896
23897
23901
23903
23930
23950
23954
23974
23986
23991
23997
24008
24020
24026
24033
24034
24040
24052
24069
24082
24130
24146
24188
24207
24212
24213
24220
24229
24230
24231
24238
24239
24247
24252
24270
24273
24275
24279
24280
24288
24291
24293
24297
24304
24311
24331
24335
24336
24346
24350
24368
24377
24385
24390
24391
24393
24398
24402
24406
24414
24417
24424
24426
24451
24474
24480
24481
24481
24482
24504
24515
24525
24532
24537
24547
24567
24582
24590
24593
24598
24601
24601
24631
24635
24636
24638
24644
24645
24652
24653
24664
24677
24678
24679
24696
24739
24746
24750
24756
24756
24785
24786
24795
24800
24807
24831
24833
24846
24847
24848
24852
24852
24866
24869
24887
24888
24892
24903
24909
24921
24942
24945
24950
24953
24961
24964
24966
24971
24976
25001
25001
25019
25029
25045
25047
25067
25071
25093
25095
25101
25111
25122
25127
25135
25151
25155
25162
25162
25165
25183
25185
25187
25194
25203
25204
25205
25215
25225
25229
25231
25262
25299
25310
25313
25314
25326
25326
25329
25363
25395
25405
25416
25427
25448
25449
25452
25462
25463
25473
25482
25494
25514
25518
25519
25523
25524
25542
25603
25604
25608
25621
25635
25644
25652
25653
25658
25664
25671
25679
25687
25693
25703
25709
25714
25715
25724
25725
25729
25735
25747
25748
25749
25752
25755
25760
25763
25764
25765
25772
25780
25786
25787
25789
25792
25795
25799
25821
25830
25843
25861
25866
25876
25877
25879
25888
25889
25890
25904
25934
25939
25941
25941
25977
25977
25985
25996
25996
25999
26013
26024
26041
26049
26065
26075
26098
26112
26112
26119
26122
26133
26140
26148
26152
26173
26180
26181
26187
26189
26206
26237
26243
26254
26281
26297
26311
26333
26345
26368
26374
26380
26395
26396
26410
26420
26429
26429
26452
26454
26471
26485
26493
26500
26511
26536
26542
26545
26553
26564
26569
26572
26576
26580
26587
26593
26610
26610
26615
26624
26629
26637
26640
26646
26658
26663
26666
26673
26682
26682
26690
26698
26714
26730
26748
26777
26793
26794
26795
26806
26808
26808
26813
26827
26829
26833
26884
26885
26895
26919
26920
26929
26932
26937
26950
26953
26961
26963
26969
26970
26977
26987
26995
27000
27011
27013
27019
27020
27034
27034
27035
27043
27058
27068
27072
27084
27099
27108
27112
27124
27152
27155
27157
27159
27169
27170
27180
27192
27203
27206
27216
27217
27222
27230
27236
27238
27239
27258
27295
27297
27299
27301
27319
27322
27332
27333
27334
27345
27347
27370
27393
27407
27408
27419
27420
27425
27455
27464
27478
27486
27495
27513
27524
27538
27544
27547
27564
27575
27581
27588
27594
27602
27605
27608
27621
27636
27636
27639
27640
27643
27648
27655
27661
27662
27663
27670
27704
27713
27729
27740
27743
27747
27757
27803
27807
27837
27844
27846
27849
27850
27853
27861
27865
27865
27875
27888
27888
27892
27893
27908
27925
27942
27956
27975
27985
27997
28002
28003
28012
28014
28018
28042
28043
28063
28070
28082
28099
28104
28107
28108
28120
28121
28139
28142
28143
28153
28154
28176
28183
28199
28213
28221
28225
28247
28259
28259
28269
28282
28286
28301
28310
28323
28324
28346
28351
28362
28369
28380
28387
28399
28401
28410
28427
28427
28428
28445
28451
28452
28454
28460
28475
28496
28498
28503
28507
28549
28554
28555
28563
28569
28570
28581
28583
28586
28591
28599
28602
28608
28614
28614
28615
28620
28645
28649
28656
28660
28665
28672
28674
28688
28688
28693
28697
28697
28708
28714
28718
28723
28724
28724
28728
28733
28741
28745
28750
28752
28772
28779
28790
28791
28792
28808
28815
28829
28832
28847
28862
28873
28876
28883
28888
28899
28918
28926
28927
28941
28956
28971
28978
28986
28989
29001
29004
29024
29027
29028
29030
29030
29037
29060
29075
29080
29091
29103
29107
29128
29154
29170
29179
29212
29215
29224
29226
29228
29240
29244
29261
29267
29291
29301
29314
29316
29332
29338
29345
29345
29410
29411
29425
29442
29443
29456
29461
29461
29462
29467
29484
29512
29513
29518
29525
29539
29545
29556
29561
29562
29563
29571
29573
29574
29578
29585
29594
29594
29597
29602
29610
29625
29643
29660
29660
29684
29692
29709
29711
29740
29745
29768
29769
29771
29776
29779
29779
29804
29806
29809
29810
29813
29844
29845
29869
29888
29893
29905
29907
29908
29909
29911
29933
29959
29960
29963
29987
29990
30000
30005
30011
30012
30012
30020
30031
30033
30043
30044
30047
30052
30059
30062
30066
30071
30071
30079
30081
30093
30094
30094
30098
30116
30136
30148
30149
30162
30179
30191
30195
30208
30209
30226
30238
30271
30283
30288
30315
30327
30336
30347
30358
30359
30360
30366
30370
30374
30378
30392
30400
30401
30407
30410
30416
30417
30426
30459
30460
30463
30505
30512
30528
30529
30537
30538
30549
30554
30575
30617
30620
30621
30626
30627
30634
30639
30641
30647
30661
30665
30672
30675
30679
30681
30689
30691
30703
30713
30713
30715
30725
30731
30733
30741
30749
30762
30765
30797
30805
30807
30835
30837
30840
30855
30856
30890
30920
30923
30936
30940
30943
30962
30972
30984
30984
30992
31001
31024
31025
31041
31043
31053
31057
31062
31076
31081
31081
31092
31115
31116
31148
31159
31173
31178
31192
31195
31199
31204
31205
31207
31210
31225
31229
31232
31243
31243
31250
31257
31263
31284
31287
31298
31298
31310
31338
31342
31364
31373
31383
31391
31406
31407
31412
31420
31455
31457
31462
31474
31499
31512
31517
31524
31533
31535
31540
31545
31554
31561
31569
31597
31630
31639
31640
31642
31648
31660
31673
31678
31680
31689
31690
31692
31694
31705
31711
31730
31732
31732
31742
31755
31761
31772
31784
31790
31791
31792
31801
31808
31834
31836
31842
31843
31859
31881
31905
31908
31918
31925
31935
31946
31948
31955
31974
31985
31991
31997
32002
32021
32052
32053
32076
32078
32086
32092
32095
32104
32105
32106
32107
32109
32110
32136
32136
32153
32153
32175
32176
32183
32210
32213
32235
32238
32240
32251
32252
32254
32254
32265
32268
32276
32301
32307
32319
32323
32327
32329
32342
32346
32357
32360
32384
32400
32401
32401
32402
32402
32404
32404
32415
32416
32423
32424
32429
32431
32432
32444
32458
32465
32469
32471
32477
32482
32488
32493
32499
32501
32516
32519
32522
32522
32543
32554
32556
32557
32560
32574
32579
32608
32625
32625
32644
32647
32650
32655
32659
32673
32690
32713
32724
32729
32737
32752
32771
32774
32777
32785
32790
32811
32826
32831
32835
32839
32844
32863
32878
32881
32894
32896
32897
32899
32913
32922
32925
32926
32931
32934
32935
32960
32961
32965
32967
32974
32977
32977
32978
33002
33008
33032
33055
33083
33086
33088
33089
33089
33114
33128
33133
33136
33143
33147
33161
33172
33204
33207
33209
33214
33218
33224
33233
33237
33245
33260
33262
33264
33269
33272
33273
33277
33284
33304
33309
33317
33319
33320
33328
33331
33332
33332
33343
33345
33360
33368
33373
33378
33379
33383
33394
33405
33414
33417
33442
33450
33450
33456
33460
33462
33466
33476
33487
33509
33509
33517
33519
33521
33525
33532
33533
33551
33565
33568
33571
33575
33601
33627
33638
33658
33669
33682
33687
33688
33692
33697
33711
33723
33726
33728
33746
33751
33755
33757
33767
33770
33773
33787
33787
33801
33811
33813
33814
33815
33819
33822
33828
33837
33838
33842
33854
33866
33866
33874
33891
33897
33899
33904
33927
33927
33937
33938
33990
33991
33994
34001
34017
34019
34026
34050
34053
34057
34058
34059
34090
34091
34092
34095
34110
34120
34123
34129
34155
34170
34187
34198
34206
34207
34216
34231
34234
34243
34254
34263
34281
34297
34309
34309
34312
34321
34322
34323
34325
34327
34336
34357
34357
34359
34380
34384
34406
34407
34415
34420
34427
34434
34437
34458
34486
34503
34508
34530
34530
34531
34538
34560
34561
34564
34568
34570
34575
34582
34589
34593
34595
34596
34606
34614
34628
34642
34673
34682
34692
34698
34705
34710
34717
34718
34725
34737
34742
34754
34761
34767
34771
34771
34794
34810
34812
34823
34849
34868
34896
34896
34915
34922
34924
34926
34929
34939
34941
34951
34963
34990
34990
34993
34995
35000
35008
35012
35013
35013
35016
35044
35045
35052
35061
35068
35071
35073
35091
35096
35099
35105
35108
35154
35163
35172
35172
35180
35187
35190
35195
35200
35209
35220
35223
35231
35231
35234
35244
35244
35249
35267
35278
35284
35292
35307
35308
35316
35325
35329
35330
35331
35346
35348
35365
35374
35391
35395
35410
35414
35424
35429
35432
35432
35434
35444
35446
35450
35457
35466
35467
35471
35479
35484
35498
35499
35521
35523
35545
35557
35571
35571
35573
35582
35585
35586
35586
35593
35599
35606
35610
35611
35626
35634
35637
35641
35657
35661
35680
35689
35696
35719
35727
35728
35733
35738
35739
35759
35769
35786
35787
35788
35804
35808
35809
35821
35862
35870
35875
35880
35886
35892
35906
35913
35920
35931
35935
35940
35964
35973
35977
35981
35998
36012
36014
36018
36019
36025
36053
36063
36066
36076
36080
36082
36082
36092
36109
36130
36139
36153
36157
36158
36174
36179
36183
36187
36194
36198
36212
36235
36263
36288
36290
36306
36319
36322
36324
36334
36338
36352
36361
36376
36382
36395
36399
36417
36432
36442
36454
36455
36455
36466
36472
36491
36491
36498
36501
36559
36569
36569
36604
36636
36641
36644
36645
36666
36679
36693
36697
36717
36737
36761
36777
36778
36780
36781
36785
36791
36800
36802
36806
36828
36829
36831
36833
36845
36863
36889
36897
36920
36936
36938
36960
36965
36967
36977
36990
36991
37004
37021
37023
37028
37028
37030
37046
37048
37054
37058
37058
37064
37083
37097
37106
37108
37123
37124
37141
37149
37150
37152
37155
37159
37161
37200
37204
37220
37262
37265
37294
37308
37312
37314
37320
37327
37338
37360
37365
37395
37398
37405
37406
37418
37423
37424
37427
37432
37434
37437
37438
37463
37491
37516
37521
37524
37550
37550
37553
37590
37605
37606
37618
37626
37633
37638
37641
37650
37661
37668
37684
37693
37696
37698
37703
37709
37709
37711
37725
37744
37751
37752
37752
37755
37762
37765
37770
37782
37796
37816
37839
37850
37850
37851
37869
37896
37896
37901
37921
37953
37961
37964
37965
37970
37977
37982
37983
38004
38008
38016
38028
38035
38046
38047
38056
38060
38080
38093
38094
38097
38105
38109
38122
38135
38138
38142
38155
38163
38165
38169
38171
38177
38179
38188
38192
38199
38212
38214
38230
38246
38256
38263
38266
38266
38267
38302
38309
38312
38317
38320
38324
38330
38339
38343
38344
38349
38351
38355
38360
38370
38381
38395
38407
38411
38421
38439
38440
38449
38451
38452
38462
38464
38474
38474
38479
38481
38499
38501
38503
38506
38527
38545
38551
38552
38553
38558
38563
38569
38589
38590
38596
38602
38602
38616
38620
38621
38632
38664
38665
38666
38668
38673
38715
38715
38716
38718
38730
38734
38736
38758
38779
38781
38781
38784
38806
38808
38832
38837
38862
38903
38918
38920
38923
38943
38952
38954
38960
38965
38980
39006
39011
39022
39030
39040
39043
39051
39078
39079
39130
39147
39153
39170
39174
39182
39191
39195
39249
39253
39254
39256
39261
39266
39306
39347
39352
39361
39387
39391
39405
39408
39443
39445
39460
39461
39461
39479
39504
39522
39524
39531
39535
39600
39603
39603
39617
39621
39634
39663
39676
39677
39680
39693
39724
39731
39734
39772
39772
39775
39781
39783
39785
39785
39786
39789
39796
39808
39817
39848
39859
39864
39877
39878
39888
39898
39907
39908
39909
39926
39929
39930
39932
39939
39941
39953
39970
39971
39974
39975
39982
39984
39987
39989
39992
40002
40008
40009
40042
40061
40064
40085
40097
40102
40116
40121
40124
40130
40134
40147
40161
40164
40168
40180
40194
40197
40204
40213
40233
40236
40243
40254
40257
40258
40261
40263
40263
40272
40276
40279
40303
40328
40338
40348
40348
40349
40358
40377
40379
40386
40393
40397
40407
40423
40423
40429
40429
40460
40469
40483
40483
40492
40503
40507
40522
40526
40541
40558
40568
40571
40590
40590
40596
40597
40610
40610
40615
40628
40628
40634
40636
40641
40653
40657
40665
40669
40671
40685
40699
40712
40714
40714
40731
40735
40739
40748
40754
40757
40762
40764
40779
40780
40792
40801
40819
40852
40855
40859
40863
40867
40868
40874
40889
40894
40896
40900
40906
40907
40914
40915
40923
40934
40949
40954
40955
40958
40966
40970
40986
40987
40988
40993
41008
41017
41018
41020
41045
41053
41064
41075
41079
41079
41083
41114
41115
41118
41134
41137
41140
41163
41170
41185
41195
41196
41205
41212
41217
41218
41219
41235
41237
41253
41255
41255
41258
41264
41266
41267
41275
41291
41294
41294
41299
41303
41323
41342
41359
41375
41385
41387
41392
41414
41421
41428
41432
41440
41443
41448
41473
41496
41506
41518
41521
41523
41524
41527
41527
41532
41542
41545
41548
41556
41563
41577
41582
41582
41585
41587
41598
41617
41622
41625
41625
41628
41630
41630
41632
41637
41640
41655
41657
41660
41661
41666
41677
41678
41682
41696
41702
41706
41709
41716
41728
41745
41763
41764
41767
41805
41827
41833
41835
41840
41844
41851
41854
41857
41874
41879
41890
41906
41906
41911
41912
41923
41937
41946
41948
41961
41969
41970
41974
41981
41984
41986
42000
42001
42037
42041
42043
42047
42049
42056
42064
42065
42077
42089
42090
42091
42100
42108
42123
42141
42144
42146
42146
42167
42183
42198
42205
42207
42212
42213
42238
42255
42260
42265
42273
42294
42298
42301
42304
42308
42334
42347
42360
42372
42374
42384
42387
42397
42412
42414
42414
42415
42419
42420
42425
42429
42434
42443
42453
42455
42459
42461
42464
42474
42474
42478
42480
42489
42501
42535
42544
42547
42580
42620
42621
42627
42632
42637
42641
42642
42669
42672
42686
42686
42687
42695
42707
42711
42716
42720
42730
42734
42743
42747
42751
42758
42785
42799
42799
42818
42847
42862
42868
42888
42911
42912
42915
42930
42931
42931
42943
42963
42965
42966
42971
43016
43024
43031
43032
43034
43047
43086
43099
43104
43123
43137
43143
43173
43199
43206
43209
43214
43221
43225
43259
43265
43275
43289
43296
43298
43300
43319
43322
43335
43336
43338
43361
43364
43365
43367
43387
43399
43429
43453
43458
43466
43472
43483
43498
43499
43515
43526
43528
43531
43540
43541
43560
43578
43587
43587
43625
43630
43632
43637
43656
43659
43668
43688
43691
43713
43713
43721
43729
43730
43744
43746
43766
43766
43768
43797
43807
43810
43835
43839
43853
43855
43898
43900
43906
43913
43918
43926
43935
43949
43951
43952
43957
43963
43986
43987
44009
44018
44024
44027
44030
44042
44070
44079
44083
44084
44089
44101
44104
44105
44121
44123
44131
44143
44147
44157
44165
44176
44197
44210
44242
44253
44258
44268
44269
44279
44285
44286
44288
44296
44298
44322
44324
44329
44342
44345
44351
44352
44353
44359
44370
44377
44379
44380
44407
44409
44410
44416
44425
44431
44438
44444
44449
44462
44471
44485
44485
44488
44505
44505
44516
44530
44548
44554
44558
44561
44562
44564
44569
44573
44578
44600
44603
44604
44638
44650
44650
44656
44661
44677
44683
44687
44709
44749
44752
44785
44804
44810
44818
44858
44860
44861
44864
44866
44869
44870
44892
44911
44933
44937
44942
44947
44949
44979
44980
44989
45011
45012
45022
45025
45033
45045
45052
45065
45067
45094
45095
45097
45097
45101
45104
45115
45121
45130
45135
45143
45150
45153
45175
45189
45198
45199
45200
45203
45216
45217
45222
45255
45259
45260
45265
45267
45278
45278
45283
45284
45292
45294
45309
45327
45344
45346
45347
45348
45366
45383
45386
45391
45395
45417
45452
45459
45463
45466
45466
45476
45499
45501
45543
45546
45588
45595
45599
45603
45622
45630
45648
45663
45681
45682
45687
45691
45703
45704
45705
45710
45717
45728
45735
45746
45757
45765
45778
45788
45800
45811
45817
45820
45824
45837
45849
45851
45874
45878
45902
45908
45925
45927
45928
45934
45936
45946
45968
45972
45972
45977
45991
46007
46023
46026
46057
46062
46078
46083
46086
46094
46096
46098
46099
46109
46121
46124
46126
46129
46144
46144
46154
46155
46155
46156
46162
46167
46171
46187
46228
46242
46250
46257
46265
46267
46268
46271
46273
46290
46298
46299
46308
46309
46311
46312
46323
46325
46336
46341
46347
46351
46368
46368
46390
46410
46416
46431
46431
46440
46443
46464
46478
46482
46495
46514
46525
46531
46556
46559
46572
46573
46579
46590
46595
46612
46636
46638
46641
46643
46643
46654
46667
46677
46680
46683
46696
46696
46706
46708
46713
46722
46739
46763
46767
46776
46777
46783
46789
46791
46795
46837
46846
46873
46886
46899
46901
46901
46902
46936
46952
46956
46976
46980
46982
46994
47007
47014
47018
47022
47024
47028
47059
47070
47071
47090
47102
47109
47114
47120
47122
47130
47138
47152
47157
47174
47186
47186
47191
47198
47201
47211
47233
47267
47269
47269
47273
47275
47283
47297
47299
47313
47330
47332
47341
47343
47344
47349
47363
47385
47391
47403
47404
47414
47415
47418
47420
47441
47444
47451
47454
47481
47481
47499
47504
47514
47515
47515
47520
47524
47526
47535
47551
47558
47565
47566
47572
47579
47592
47594
47614
47643
47645
47646
47664
47667
47667
47667
47680
47721
47722
47729
47730
47753
47776
47777
47783
47789
47801
47803
47809
47827
47860
47861
47869
47872
47872
47882
47903
47916
47928
47931
47947
47949
47955
47956
47961
47988
47994
48000
48002
48023
48048
48051
48055
48066
48070
48077
48084
48087
48105
48113
48113
48113
48116
48129
48130
48133
48143
48177
48188
48193
48194
48195
48195
48215
48215
48220
48222
48229
48233
48241
48260
48280
48288
48304
48308
48315
48316
48322
48351
48362
48375
48383
48388
48421
48427
48428
48430
48434
48448
48451
48451
48494
48497
48508
48516
48525
48526
48527
48529
48536
48539
48539
48544
48551
48566
48567
48568
48570
48577
48587
48589
48606
48618
48627
48628
48631
48646
48652
48658
48660
48667
48679
48681
48681
48685
48695
48701
48706
48706
48712
48714
48723
48724
48728
48736
48744
48745
48750
48792
48808
48815
48833
48834
48846
48866
48890
48899
48910
48913
48915
48945
48951
48952
48956
48957
48965
48973
48975
48984
48985
49002
49008
49010
49012
49016
49027
49031
49039
49055
49058
49059
49067
49070
49070
49072
49074
49090
49099
49107
49120
49125
49129
49147
49159
49165
49168
49178
49186
49196
49203
49204
49211
49217
49217
49219
49220
49230
49237
49246
49247
49257
49296
49313
49319
49332
49333
49339
49344
49345
49355
49385
49387
49388
49405
49409
49419
49422
49432
49434
49440
49466
49466
49497
49513
49515
49518
49533
49533
49536
49540
49547
49580
49592
49618
49620
49621
49628
49629
49642
49647
49652
49665
49667
49667
49669
49669
49696
49703
49709
49721
49731
49739
49750
49751
49787
49795
49810
49814
49822
49826
49828
49833
49839
49839
49841
49843
49844
49851
49871
49879
49881
49895
49916
49921
49928
49968
50001
50016
50029
50046
50054
50055
50055
50056
50077
50086
50094
50123
50140
50148
50149
50164
50178
50180
50180
50187
50188
50219
50223
50234
50241
50241
50246
50269
50274
50281
50293
50295
50300
50303
50308
50313
50314
50321
50336
50354
50357
50373
50381
50382
50392
50395
50408
50409
50410
50412
50419
50435
50448
50448
50451
50452
50479
50487
50493
50512
50520
50525
50527
50534
50534
50537
50550
50551
50551
50554
50563
50577
50580
50589
50597
50611
50637
50647
50663
50686
50689
50701
50710
50716
50734
50754
50767
50807
50825
50834
50839
50843
50845
50861
50861
50874
50877
50881
50890
50892
50940
50955
50959
50961
50966
50978
50978
50985
50991
51022
51039
51040
51045
51054
51117
51118
51119
51123
51145
51147
51163
51163
51164
51165
51177
51181
51185
51192
51200
51223
51224
51234
51237
51252
51253
51256
51262
51263
51270
51285
51286
51288
51311
51315
51347
51347
51358
51372
51372
51387
51390
51391
51394
51397
51409
51416
51440
51443
51445
51449
51454
51460
51466
51476
51477
51479
51485
51488
51491
51493
51495
51506
51507
51519
51527
51530
51537
51539
51541
51560
51568
51579
51586
51590
51609
51611
51645
51655
51658
51659
51675
51680
51681
51690
51694
51698
51698
51705
51707
51732
51736
51737
51740
51742
51747
51749
51750
51756
51765
51771
51776
51777
51798
51805
51823
51829
51830
51835
51838
51839
51862
51872
51879
51887
51891
51909
51914
51931
51931
51933
51934
51938
51942
51945
51965
52020
52025
52031
52047
52058
52067
52076
52078
52080
52101
52103
52105
52114
52120
52121
52133
52140
52149
52162
52167
52173
52177
52179
52180
52197
52204
52262
52294
52296
52329
52347
52363
52392
52411
52413
52416
52421
52422
52435
52436
52443
52443
52445
52448
52460
52477
52477
52483
52487
52490
52493
52497
52512
52542
52545
52551
52553
52561
52570
52570
52576
52577
52578
52582
52582
52584
52589
52611
52626
52635
52637
52645
52646
52654
52654
52655
52658
52680
52699
52716
52717
52718
52726
52768
52772
52774
52786
52800
52801
52813
52816
52816
52823
52827
52827
52831
52839
52851
52860
52877
52881
52891
52901
52906
52907
52909
52913
52915
52936
52947
52947
52948
52952
52959
52966
52977
52980
52983
53020
53025
53030
53051
53061
53066
53084
53089
53092
53100
53105
53111
53121
53124
53128
53138
53139
53141
53145
53146
53151
53153
53156
53165
53167
53168
53210
53211
53223
53226
53237
53237
53242
53246
53252
53256
53291
53292
53303
53303
53315
53320
53323
53337
53341
53349
53355
53358
53368
53374
53390
53395
53395
53404
53405
53410
53411
53415
53420
53427
53462
53469
53474
53480
53486
53505
53508
53509
53512
53520
53528
53555
53573
53585
53605
53609
53610
53616
53616
53630
53648
53662
53690
53715
53717
53728
53741
53751
53759
53769
53772
53786
53790
53797
53806
53806
53824
53835
53858
53862
53875
53880
53885
53892
53896
53898
53899
53900
53903
53904
53910
53920
53922
53926
53933
53946
53950
53950
53951
53956
53959
53962
53966
53968
53968
53987
53997
54000
54005
54008
54016
54031
54033
54033
54057
54068
54084
54085
54116
54117
54137
54140
54145
54149
54168
54171
54175
54184
54185
54198
54204
54205
54216
54231
54232
54251
54251
54271
54308
54325
54350
54361
54361
54362
54372
54382
54391
54397
54400
54400
54421
54429
54452
54458
54464
54476
54488
54520
54525
54530
54534
54536
54543
54551
54554
54557
54560
54562
54563
54575
54589
54594
54595
54598
54600
54601
54615
54620
54621
54636
54655
54676
54678
54683
54687
54690
54709
54732
54733
54754
54755
54761
54771
54780
54786
54794
54799
54817
54842
54843
54844
54858
54865
54871
54872
54883
54894
54899
54914
54915
54924
54929
54933
54938
54940
54947
54948
54951
54953
54963
54971
54975
54993
54998
55001
55003
55010
55020
55028
55033
55041
55042
55043
55052
55056
55062
55063
55075
55080
55083
55096
55100
55114
55166
55181
55185
55189
55195
55210
55210
55213
55215
55237
55238
55259
55279
55279
55283
55304
55323
55332
55334
55347
55349
55376
55378
55398
55418
55445
55447
55448
55449
55453
55453
55464
55471
55475
55488
55502
55505
55511
55525
55543
55557
55559
55579
55586
55601
55636
55640
55642
55676
55692
55699
55722
55725
55725
55730
55735
55741
55759
55778
55784
55789
55817
55824
55828
55843
55851
55858
55858
55863
55866
55873
55877
55881
55891
55902
55907
55907
55928
55936
55946
55967
55972
55974
55997
56007
56050
56061
56066
56072
56086
56092
56104
56106
56123
56130
56135
56144
56145
56147
56148
56163
56181
56182
56198
56199
56207
56216
56239
56243
56269
56271
56278
56285
56287
56292
56312
56329
56340
56362
56370
56375
56376
56378
56380
56384
56387
56389
56396
56424
56428
56429
56434
56435
56436
56440
56441
56452
56481
56483
56486
56505
56521
56525
56530
56531
56540
56550
56557
56560
56561
56568
56571
56595
56611
56623
56626
56630
56632
56653
56700
56706
56713
56717
56738
56776
56777
56781
56785
56789
56794
56795
56806
56811
56816
56826
56830
56838
56852
56856
56915
56917
56924
56926
56930
56966
56968
56968
56988
56991
56992
56998
57002
57008
57015
57018
57038
57038
57047
57073
57074
57083
57087
57101
57126
57151
57155
57157
57158
57164
57164
57176
57185
57187
57202
57202
57208
57210
57212
57212
57220
57232
57246
57250
57264
57277
57291
57298
57299
57300
57313
57314
57316
57326
57330
57334
57335
57351
57362
57393
57405
57428
57444
57444
57453
57455
57459
57462
57467
57469
57471
57480
57482
57491
57521
57535
57540
57541
57584
57584
57595
57600
57604
57609
57614
57624
57632
57642
57642
57652
57652
57653
57659
57666
57693
57706
57713
57730
57734
57737
57737
57754
57760
57777
57803
57805
57810
57824
57824
57824
57826
57843
57857
57872
57887
57895
57907
57907
57920
57934
57936
57941
57946
57947
57955
57962
57965
57971
57995
57997
57998
57998
58013
58027
58028
58031
58033
58036
58041
58057
58060
58080
58094
58105
58121
58129
58133
58136
58153
58158
58159
58170
58184
58202
58223
58228
58229
58248
58261
58264
58268
58281
58291
58292
58293
58316
58323
58328
58331
58332
58333
58343
58366
58368
58384
58389
58396
58402
58415
58436
58444
58454
58472
58485
58488
58494
58505
58506
58527
58533
58546
58557
58583
58589
58601
58603
58609
58610
58625
58627
58630
58644
58646
58652
58658
58672
58678
58689
58693
58694
58701
58709
58711
58722
58729
58730
58754
58758
58773
58776
58779
58788
58788
58790
58810
58846
58850
58851
58852
58869
58880
58882
58890
58900
58906
58911
58925
58945
58960
58984
58986
58987
58988
58988
58988
59004
59009
59009
59013
59014
59021
59036
59048
59050
59054
59056
59060
59066
59069
59078
59085
59094
59094
59103
59132
59135
59140
59154
59157
59161
59177
59181
59202
59205
59205
59211
59218
59220
59230
59240
59255
59274
59281
59284
59285
59295
59306
59325
59334
59343
59352
59369
59373
59377
59384
59385
59391
59393
59403
59431
59432
59435
59437
59454
59464
59481
59495
59498
59507
59511
59518
59526
59529
59532
59540
59543
59565
59572
59572
59585
59587
59590
59597
59612
59617
59625
59640
59644
59645
59649
59650
59654
59660
59666
59666
59666
59668
59670
59697
59704
59706
59710
59728
59730
59746
59753
59755
59756
59762
59800
59806
59812
59815
59817
59825
59831
59831
59852
59854
59867
59868
59872
59875
59890
59906
59915
59919
59920
59930
59934
59940
59949
59950
59954
59954
59980
59984
59991
59996
59999
60011
60034
60051
60061
60074
60078
60081
60081
60082
60091
60105
60107
60117
60120
60121
60135
60147
60171
60175
60182
60185
60187
60199
60201
60212
60220
60240
60244
60256
60280
60280
60293
60296
60300
60310
60313
60350
60352
60359
60360
60369
60375
60393
60394
60396
60447
60450
60453
60462
60468
60475
60480
60489
60494
60505
60516
60527
60544
60555
60573
60574
60578
60583
60598
60617
60626
60628
60636
60651
60651
60657
60660
60672
60689
60691
60700
60726
60739
60741
60746
60746
60749
60755
60758
60759
60760
60775
60782
60828
60833
60848
60850
60852
60852
60854
60860
60865
60895
60897
60901
60913
60919
60922
60927
60931
60946
60955
60957
60958
60972
61006
61013
61037
61049
61066
61067
61079
61099
61103
61109
61123
61125
61133
61142
61144
61145
61150
61187
61191
61194
61196
61198
61203
61208
61218
61233
61245
61284
61288
61301
61307
61332
61338
61348
61348
61350
61356
61375
61383
61388
61400
61400
61401
61439
61456
61463
61466
61475
61485
61494
61505
61521
61525
61529
61530
61537
61540
61542
61556
61559
61570
61576
61577
61581
61588
61591
61593
61598
61603
61605
61607
61622
61637
61638
61643
61673
61692
61697
61709
61713
61720
61737
61756
61765
61773
61784
61786
61787
61794
61794
61809
61812
61833
61837
61850
61850
61867
61869
61884
61906
61934
61943
61962
61970
61976
61985
61994
62018
62023
62031
62041
62051
62060
62068
62070
62077
62083
62100
62106
62130
62159
62161
62162
62163
62169
62169
62170
62179
62185
62185
62221
62223
62242
62245
62271
62280
62285
62293
62295
62297
62299
62301
62307
62310
62339
62357
62369
62370
62380
62382
62390
62395
62399
62399
62400
62415
62429
62432
62462
62463
62473
62485
62492
62509
62518
62518
62519
62519
62525
62528
62552
62564
62565
62568
62569
62584
62596
62605
62609
62610
62618
62619
62629
62639
62648
62655
62678
62698
62713
62715
62721
62722
62761
62763
62763
62767
62780
62784
62791
62815
62825
62825
62839
62863
62876
62889
62894
62900
62902
62921
62922
62934
62936
62945
62958
62971
62979
62986
62995
62997
63004
63006
63015
63015
63024
63028
63045
63051
63067
63081
63086
63091
63107
63115
63123
63132
63149
63150
63156
63180
63201
63202
63221
63224
63240
63240
63241
63242
63243
63245
63246
63249
63276
63282
63300
63303
63303
63314
63324
63324
63328
63374
63400
63407
63411
63411
63423
63426
63429
63442
63445
63452
63490
63499
63502
63527
63527
63530
63567
63572
63572
63593
63613
63619
63620
63632
63636
63640
63642
63642
63649
63673
63679
63683
63699
63730
63731
63747
63771
63797
63800
63803
63805
63817
63820
63833
63839
63842
63848
63852
63856
63872
63897
63898
63904
63911
63921
63923
63925
63926
63934
63966
63992
64018
64020
64024
64037
64042
64055
64080
64082
64100
64108
64110
64113
64132
64163
64177
64179
64192
64194
64215
64225
64226
64235
64239
64247
64252
64262
64271
64271
64284
64295
64303
64333
64334
64346
64353
64359
64359
64365
64365
64368
64372
64378
64391
64394
64443
64444
64460
64465
64484
64494
64498
64514
64519
64527
64543
64545
64555
64568
64571
64572
64577
64583
64590
64590
64596
64618
64619
64635
64646
64665
64682
64682
64690
64710
64717
64719
64726
64735
64741
64756
64763
64772
64807
64811
64817
64831
64838
64842
64851
64855
64859
64861
64865
64865
64868
64882
64884
64890
64906
64908
64909
64924
64928
64964
64984
65000
65000
65003
65004
65004
65007
65016
65020
65022
65023
65026
65030
65049
65070
65078
65104
65104
65114
65126
65143
65160
65170
65171
65175
65178
65192
65195
65203
65209
65217
65217
65221
65232
65234
65273
65279
65279
65295
65295
65295
65296
65299
65312
65320
65324
65337
65339
65343
65347
65352
65356
65356
65356
65357
65386
65389
65403
65407
65410
65422
65463
65475
65485
65487
65493
65494
65506
65516
65532
65534
65535
65551
65554
65557
65582
65585
65586
65596
65597
65605
65611
65633
65640
65650
65656
65671
65683
65702
65710
65726
65735
65769
65772
65778
65796
65813
65825
65850
65851
65860
65892
65903
65918
65927
65948
65962
65968
65969
65974
65981
65992
65995
66009
66021
66033
66038
66039
66043
66044
66056
66064
66074
66080
66082
66099
66108
66114
66114
66115
66115
66124
66128
66135
66137
66138
66147
66150
66150
66151
66172
66174
66189
66199
66216
66229
66236
66240
66265
66292
66297
66304
66316
66328
66338
66341
66366
66366
66371
66377
66382
66392
66398
66406
66406
66413
66437
66439
66443
66474
66505
66513
66521
66532
66538
66542
66546
66562
66565
66579
66617
66630
66636
66636
66640
66647
66655
66657
66698
66704
66714
66716
66716
66728
66737
66750
66768
66774
66789
66790
66790
66795
66796
66813
66820
66829
66833
66842
66850
66877
66879
66879
66904
66922
66929
66935
66945
66947
66967
66972
66990
66992
66992
67005
67009
67028
67031
67035
67041
67041
67059
67060
67070
67086
67096
67110
67111
67128
67134
67135
67170
67176
67202
67210
67219
67224
67225
67237
67237
67256
67268
67278
67299
67308
67310
67322
67350
67361
67364
67365
67373
67388
67391
67407
67410
67412
67412
67420
67425
67444
67456
67468
67488
67489
67508
67532
67538
67557
67558
67559
67606
67607
67627
67638
67645
67650
67657
67664
67690
67707
67724
67726
67728
67739
67739
67749
67776
67780
67813
67814
67820
67825
67829
67837
67881
67895
67899
67933
67936
67951
67970
67971
67983
67990
67996
68004
68010
68016
68018
68020
68034
68044
68045
68072
68129
68146
68153
68153
68162
68166
68187
68205
68221
68224
68224
68226
68242
68252
68278
68280
68281
68285
68305
68320
68323
68328
68340
68354
68369
68382
68389
68395
68397
68439
68456
68460
68461
68462
68462
68463
68505
68512
68530
68532
68547
68566
68575
68586
68600
68601
68602
68619
68625
68627
68629
68637
68659
68660
68677
68704
68705
68726
68726
68770
68776
68780
68781
68796
68818
68819
68825
68830
68830
68837
68837
68844
68845
68845
68846
68859
68862
68874
68896
68898
68900
68902
68925
68943
68945
68945
68958
68990
68991
69015
69020
69034
69040
69063
69075
69086
69089
69107
69110
69124
69132
69132
69160
69171
69180
69188
69200
69200
69201
69224
69234
69236
69251
69256
69270
69291
69293
69310
69315
69332
69337
69341
69350
69357
69358
69359
69361
69368
69368
69369
69370
69373
69373
69381
69387
69397
69399
69402
69419
69436
69446
69453
69480
69485
69485
69492
69495
69496
69510
69525
69535
69543
69558
69560
69575
69578
69579
69581
69585
69602
69616
69642
69646
69652
69660
69686
69712
69720
69730
