110
141
159
319
348
377
442
452
466
486
494
498
498
537
584
740
775
796
853
854
861
867
938
982
1064
1076
1115
1124
1147
1168
1190
1337
1348
1373
1389
1390
1406
1441
1466
1472
1494
1529
1530
1564
1624
1692
1731
1734
1917
1998
2034
2090
2172
2233
2235
2378
2391
2411
2450
2459
2527
2591
2614
2642
2664
2706
2857
2870
2947
3013
3078
3193
3198
3262
3403
3432
3443
3484
3498
3518
3529
3595
3596
3609
3719
3740
3774
3846
3850
3921
4049
4093
4115
4115
4136
4145
4165
4237
4271
4290
4322
4354
4375
4400
4505
4526
4531
4596
4617
4633
4661
4698
4737
4797
4907
4923
4981
5030
5054
5120
5151
5237
5362
5378
5388
5412
5428
5429
5589
5615
5664
5673
5711
5773
5817
5820
5856
5858
5911
5925
5964
6045
6146
6164
6301
6305
6338
6339
6369
6487
6622
6630
6645
6682
6704
6845
6857
6882
6896
6961
7017
7037
7054
7111
7162
7210
7261
7284
7296
7370
7377
7468
7484
7552
7562
7600
7633
7673
7749
7799
7806
7875
7960
7962
7997
8009
8025
8081
8100
8112
8120
8134
8136
8144
8151
8211
8300
8320
8398
8406
8467
8470
8505
8513
8514
8549
8567
8575
8578
8592
8630
8662
8687
8742
8780
8829
8865
8982
9082
9085
9134
9230
9235
9252
9304
9416
9542
9587
9595
9609
9626
9664
9696
9700
9764
9764
9784
9803
9855
9899
9938
9958
10043
10086
10122
10162
10185
10222
10259
10338
10383
10403
10563
10585
10604
10604
10624
10634
10756
10822
10834
10867
10901
10926
10965
11009
11029
11047
11048
11049
11090
11103
11123
11134
11150
11197
11213
11251
11253
11268
11279
11296
11382
11493
11528
11619
11648
11906
11984
11990
12027
12042
12111
12139
12157
12245
12253
12364
12384
12408
12418
12442
12568
12573
12609
12610
12697
12713
12762
12827
12842
12852
12917
12921
12934
13061
13077
13132
13148
13163
13293
13297
13300
13345
13365
13378
13418
13430
13506
13595
13605
13628
13718
13773
13876
13893
13921
13952
14059
14086
14090
14128
14159
14174
14174
14203
14223
14313
14353
14466
14529
14564
14628
14704
14718
14728
14729
14734
14746
14811
14845
14942
15043
15098
15141
15162
15221
15320
15322
15325
15425
15446
15455
15458
15505
15522
15647
15659
15734
15758
15781
15804
15841
15921
16029
16035
16094
16177
16204
16289
16298
16303
16311
16428
16439
16509
16514
16522
16551
16553
16592
16630
16699
16707
16766
16791
16824
16841
16859
16928
16948
16957
16969
17015
17104
17146
17197
17248
17281
17309
17319
17360
17507
17540
17628
17661
17791
17819
17823
17854
17866
17919
18002
18016
18054
18056
18060
18129
18161
18173
18176
18238
18278
18294
18439
18477
18480
18485
18490
18502
18505
18517
18532
18558
18571
18598
18629
18691
18956
18977
19011
19181
19231
19250
19437
19468
19526
19662
19674
19689
19699
19739
19747
19868
19925
19962
20154
20172
20222
20250
20286
20304
20361
20391
20506
20515
20573
20577
20584
20613
20645
20663
20672
20674
20720
20734
20743
20835
20845
20861
20881
20899
20956
20990
21013
21054
21093
21126
21145
21152
21194
21204
21207
21220
21279
21292
21294
21342
21395
21423
21442
21470
21498
21515
21563
21572
21680
21778
21801
21806
21823
21823
21883
21907
21986
21994
22020
22042
22049
22054
22150
22320
22320
22348
22373
22436
22448
22460
22493
22497
22521
22529
22541
22549
22601
22630
22649
22703
22710
22717
22740
22808
22819
22827
22889
22894
22894
22903
22925
22935
23018
23022
23024
23032
23036
23151
23176
23218
23325
23354
23366
23391
23410
23417
23430
23437
23566
23638
23657
23666
23675
23683
23707
23762
23763
23770
23836
23938
24002
24069
24108
24140
24148
24186
24199
24237
24364
24405
24484
24597
24622
24640
24723
24760
24870
24887
24932
24976
25126
25168
25220
25381
25408
25451
25467
25562
25612
25614
25619
25638
25648
25770
25813
25828
25853
25901
25908
25913
25927
25973
26028
26060
26073
26143
26190
26206
26212
26231
26233
26257
26261
26301
26308
26320
26337
26370
26532
26542
26603
26635
26679
26684
26784
26786
26892
27009
27048
27077
27108
27144
27167
27169
27172
27177
27177
27428
27461
27534
27548
27554
27557
27609
27720
27822
27826
27924
28002
28022
28035
28081
28089
28154
28161
28199
28363
28482
28530
28538
28566
28571
28585
28585
28632
28636
28840
28845
28879
28902
28926
28938
28984
29055
29154
29182
29214
29242
29305
29452
29479
29501
29550
29563
29599
29649
29674
29691
29891
29892
29926
29952
29989
29995
30039
30188
30242
30259
30261
30281
30382
30537
30556
30626
30680
30692
30694
30706
30725
30810
30822
30907
30914
30922
30960
31032
31138
31159
31161
31168
31262
31267
31288
31302
31349
31378
31470
31518
31562
31596
31648
31709
31747
31758
31849
31859
32050
32057
32101
32164
32184
32197
32198
32241
32264
32402
32429
32435
32445
32466
32474
32478
32503
32517
32520
32534
32541
32563
32626
32629
32645
32671
32687
32756
32784
32792
32892
32928
32981
33091
33095
33112
33134
33184
33224
33246
33257
33288
33294
33419
33457
33537
33556
33579
33588
33591
33619
33624
33673
33711
33726
33771
33841
33894
33919
34006
34041
34062
34072
34072
34167
34197
34197
34207
34213
34335
34365
34399
34407
34467
34541
34639
34646
34653
34661
34678
34758
34762
34805
34831
34858
34901
34951
34981
35037
35089
35106
35188
35239
35273
35275
35344
35363
35385
35432
35435
35471
35498
35545
35579
35587
35615
35622
35655
35657
35701
35703
35743
35745
35820
35875
35879
35889
35911
35948
35979
36072
36097
36126
36152
36170
36250
36257
36269
36404
36471
36514
36717
36804
36856
36931
36966
37127
37179
37185
37225
37235
37309
37368
37429
37436
37450
37512
37544
37555
37595
37642
37667
37707
37747
37861
37942
37959
38014
38179
38202
38305
38313
38330
38360
38363
38371
38422
38455
38544
38634
38660
38786
38889
39009
39172
39267
39301
39404
39445
39505
39529
39579
39619
39679
39857
39919
39959
39992
40079
40103
40136
40157
40179
40260
40265
40357
40418
40433
40433
40460
40465
40513
40526
40535
40558
40587
40663
40827
40829
40953
40971
40987
40993
41016
41138
41225
41339
41366
41373
41410
41415
41417
41429
41520
41544
41569
41611
41612
41619
41696
41756
41773
41813
41889
41891
41945
41997
42001
42002
42013
42116
42151
42261
42332
42335
42349
42369
42381
42472
42541
42578
42678
42799
42849
43097
43125
43129
43198
43218
43378
43439
43495
43495
43512
43521
43577
43583
43619
43622
43623
43682
43708
43729
43735
43799
43827
43867
43962
43981
44142
44195
44256
44321
44353
44390
44454
44482
44639
44647
44677
44690
44703
44715
44832
44890
44899
44948
44955
44965
44982
44985
45014
45024
45029
45111
45200
45263
45265
45366
45381
45394
45483
45494
45500
45543
45550
45554
45617
45641
45669
45672
45684
45712
45749
45795
45831
45841
45849
45882
45904
46041
46041
46057
46120
46143
46164
46176
46214
46286
46314
46319
46395
46418
46423
46460
46466
46504
46531
46547
46635
46641
46761
46778
46895
46896
46906
46955
47005
47084
47101
47180
47222
47247
47276
47381
47421
47496
47502
47537
47540
47588
47630
47640
47647
47683
47751
47765
47767
47820
47915
47936
47947
47950
47977
48039
48082
48189
48191
48209
48212
48267
48292
48299
48302
48327
48361
48416
48427
48430
48444
48489
48537
48577
48583
48584
48593
48669
48718
48739
48779
48811
48859
48887
48935
48946
48965
49036
49040
49052
49066
49078
49243
49255
49270
49363
49365
49395
49474
49479
49497
49537
49551
49570
49574
49575
49587
49589
49778
49807
49811
49827
49886
49913
49940
50124
50127
50202
50231
50240
50285
50311
50372
50372
50440
50519
50629
50632
50672
50712
50713
50748
50812
50902
50970
51002
51067
51165
51214
51263
51351
51361
51457
51463
51555
51873
51951
51984
52027
52101
52108
52131
52254
52268
52311
52324
52377
52412
52445
52464
52576
52609
52621
52655
52663
52666
52716
52775
52791
52895
52902
52919
52954
53000
53015
53016
53044
53058
53071
53188
53202
53232
53237
53249
53251
53251
53310
53317
53328
53393
53396
53412
53436
53440
53466
53486
53546
53584
53590
53635
53646
53725
53804
53875
53894
53899
53939
53973
53992
54027
54028
54050
54152
54224
54360
54376
54391
54471
54485
54499
54528
54548
54588
54594
54613
54619
54622
54671
54697
54805
54833
54875
54907
54980
54999
55031
55050
55052
55085
55112
55142
55195
55228
55240
55282
55329
55334
55419
55461
55479
55483
55600
55623
55629
55631
55654
55700
55795
55814
55835
55857
55906
55913
56014
56018
56073
56087
56091
56111
56125
56127
56141
56150
56167
56172
56318
56339
56383
56398
56507
56553
56656
56710
56793
56831
56846
56882
56989
57111
57113
57130
57205
57227
57287
57289
57361
57409
57467
57537
57609
57668
57670
57857
57862
57880
57934
57984
58000
58039
58079
58083
58104
58152
58196
58210
58299
58311
58335
58356
58395
58395
58574
58621
58696
58779
58814
58846
58851
58914
58934
58993
59002
59060
59076
59151
59234
59257
59298
59609
59624
59656
59669
59675
59686
59712
59720
59755
59767
59779
59792
59829
59836
59849
59863
59889
59932
59948
59992
60013
60020
60048
60070
60090
60147
60180
60269
60273
60332
60403
60425
60489
60531
60622
60724
60735
60782
60814
60846
60861
60893
60895
60945
60988
61110
61113
61173
61175
61201
61327
61387
61392
61464
61481
61511
61513
61581
61585
61677
61718
61815
61868
61873
61879
61891
61935
61944
62035
62073
62093
62135
62142
62162
62167
62169
62196
62233
62270
62276
62280
62309
62387
62390
62470
62542
62592
62613
62648
62659
62774
62853
62930
62934
63022
63038
63071
63073
63116
63161
63183
63197
63218
63283
63318
63325
63336
63353
63381
63458
63471
63497
63531
63535
63555
63568
63579
63597
63599
63645
63727
63735
63750
63782
63886
64055
64108
64183
64189
64195
64219
64272
64291
64318
64356
64381
64399
64477
64481
64632
64720
64749
64797
64856
64909
64965
64986
65034
65085
65136
65145
65260
65317
65326
65369
65387
65392
65430
65475
65523
65529
65533
65565
65641
65653
65660
65661
65670
65696
65798
65816
65841
65843
65865
65881
65897
65904
65907
65918
65933
65939
65940
65974
66024
66063
66078
66079
66121
66153
66188
66237
66238
66347
66362
66391
66396
66470
66676
66737
66758
66775
66793
66829
66840
66854
66934
67031
67104
67144
67144
67318
67354
67359
67368
67391
67602
67608
67646
67687
67712
67748
67751
67811
67844
67868
67883
67894
67930
68111
68120
68152
68209
68214
68227
68257
68263
68296
68355
68365
68583
68624
68790
69030
69069
69413
69416
69418
69468
69581
69626
