0
9
23
29
34
50
68
74
101
121
124
125
163
176
190
196
213
215
260
273
290
292
320
376
397
399
413
420
425
425
426
447
459
461
470
483
491
532
534
543
558
573
576
582
601
604
615
619
619
650
658
674
682
690
699
740
758
783
790
802
845
853
865
869
878
883
889
915
925
934
938
963
985
988
989
991
996
1037
1039
1044
1058
1125
1132
1146
1152
1158
1166
1178
1184
1203
1220
1230
1233
1235
1244
1270
1288
1362
1366
1385
1392
1394
1394
1404
1419
1434
1446
1452
1472
1487
1494
1515
1522
1536
1540
1540
1547
1550
1567
1600
1600
1601
1607
1612
1616
1648
1675
1678
1746
1749
1751
1757
1785
1801
1805
1812
1825
1848
1857
1917
1923
1938
1945
1947
1948
1974
1985
1988
2012
2019
2023
2033
2036
2065
2077
2085
2108
2111
2134
2136
2147
2154
2159
2164
2184
2186
2209
2214
2240
2282
2304
2309
2321
2341
2345
2362
2391
2392
2401
2424
2429
2429
2442
2446
2452
2456
2484
2486
2516
2532
2555
2595
2615
2622
2660
2677
2698
2704
2718
2727
2727
2742
2762
2779
2840
2850
2857
2872
2886
2889
2978
2979
3038
3060
3081
3088
3093
3123
3131
3133
3157
3177
3206
3214
3226
3246
3271
3301
3317
3340
3341
3346
3357
3371
3379
3396
3398
3399
3428
3465
3478
3486
3526
3537
3540
3545
3567
3576
3587
3596
3603
3614
3615
3622
3637
3640
3655
3655
3672
3711
3725
3747
3748
3783
3793
3816
3830
3843
3865
3877
3884
3889
3903
3933
3946
3991
3995
4001
4014
4046
4078
4103
4120
4129
4149
4155
4164
4174
4175
4178
4180
4184
4199
4207
4232
4265
4271
4278
4298
4309
4319
4331
4337
4345
4378
4387
4404
4410
4420
4439
4447
4474
4481
4482
4486
4521
4521
4541
4549
4557
4560
4560
4562
4574
4630
4644
4645
4653
4667
4680
4732
4742
4759
4764
4765
4765
4771
4776
4780
4796
4811
4812
4814
4824
4865
4881
4887
4907
4916
4925
4934
4944
4950
4963
4969
4970
4986
4989
5012
5036
5038
5040
5043
5047
5072
5083
5093
5097
5111
5126
5128
5134
5145
5150
5154
5158
5159
5168
5170
5172
5193
5194
5213
5226
5238
5243
5263
5269
5269
5290
5301
5318
5321
5321
5338
5340
5363
5363
5381
5383
5401
5408
5438
5450
5459
5460
5481
5531
5531
5544
5564
5568
5589
5619
5625
5639
5653
5673
5719
5721
5730
5784
5788
5790
5804
5806
5831
5852
5862
5871
5872
5872
5892
5894
5983
5985
5995
6001
6007
6040
6040
6067
6068
6070
6080
6089
6105
6111
6135
6137
6151
6168
6215
6244
6260
6268
6270
6276
6339
6348
6352
6367
6368
6394
6397
6412
6427
6430
6459
6493
6494
6503
6533
6546
6565
6574
6574
6582
6584
6623
6632
6645
6652
6657
6668
6685
6688
6691
6703
6754
6791
6815
6857
6863
6865
6866
6874
6901
6907
6918
6925
6948
6964
7011
7013
7029
7051
7078
7079
7085
7109
7114
7127
7131
7168
7196
7198
7201
7224
7228
7240
7279
7293
7306
7307
7326
7329
7353
7370
7397
7404
7416
7446
7453
7502
7519
7523
7528
7529
7547
7564
7571
7574
7577
7655
7703
7721
7753
7754
7770
7776
7779
7784
7813
7833
7842
7844
7864
7876
7899
7935
7944
7956
7963
7978
7986
7990
8020
8053
8088
8109
8118
8121
8147
8162
8165
8175
8178
8180
8224
8231
8240
8248
8265
8312
8332
8345
8345
8408
8419
8498
8516
8524
8564
8581
8594
8598
8620
8621
8623
8624
8625
8626
8640
8649
8663
8667
8682
8697
8705
8749
8758
8775
8789
8813
8821
8847
8847
8880
8890
8960
8997
8999
9002
9006
9016
9022
9034
9068
9069
9081
9102
9143
9149
9160
9186
9190
9201
9211
9213
9224
9229
9251
9263
9266
9292
9301
9320
9335
9341
9365
9370
9386
9399
9403
9406
9412
9427
9448
9451
9468
9487
9494
9496
9507
9558
9559
9562
9565
9567
9591
9592
9614
9622
9644
9646
9667
9684
9688
9697
9705
9735
9752
9770
9771
9776
9781
9798
9809
9813
9817
9827
9835
9836
9846
9848
9865
9880
9915
9919
9921
9958
9978
9985
9987
10031
10031
10047
10085
10116
10122
10123
10155
10162
10167
10172
10185
10235
10257
10271
10272
10285
10285
10289
10308
10322
10325
10344
10362
10367
10374
10393
10433
10447
10449
10471
10475
10477
10492
10508
10515
10522
10532
10544
10551
10601
10609
10616
10634
10636
10647
10664
10701
10711
10714
10719
10723
10727
10734
10741
10756
10849
10854
10858
10866
10870
10873
10877
10887
10903
10904
10909
10914
10929
10952
10979
10985
10995
10995
11014
11040
11045
11053
11059
11072
11090
11092
11109
11178
11188
11208
11209
11229
11241
11243
11264
11265
11285
11296
11321
11340
11348
11391
11399
11426
11438
11451
11453
11462
11464
11474
11476
11512
11521
11530
11537
11542
11566
11608
11608
11609
11622
11629
11642
11648
11657
11694
11696
11714
11722
11742
11753
11755
11780
11805
11815
11822
11842
11848
11851
11855
11855
11877
11928
11939
11941
11948
11951
11959
11968
11975
11977
11977
11995
12020
12035
12038
12040
12058
12058
12059
12068
12075
12079
12094
12097
12103
12158
12166
12171
12188
12192
12196
12212
12218
12237
12243
12274
12284
12293
12324
12325
12327
12342
12347
12357
12379
12384
12389
12395
12406
12452
12474
12478
12507
12509
12517
12527
12562
12594
12600
12613
12615
12653
12655
12659
12692
12694
12701
12702
12721
12749
12779
12809
12827
12841
12848
12848
12851
12856
12859
12862
12865
12876
12950
12956
12960
12960
12969
12977
12986
13041
13042
13063
13065
13066
13075
13093
13188
13195
13224
13248
13252
13268
13299
13304
13314
13338
13348
13353
13376
13392
13397
13461
13479
13483
13496
13497
13504
13515
13523
13524
13529
13544
13561
13592
13605
13606
13626
13636
13638
13680
13685
13693
13698
13708
13712
13716
13722
13741
13748
13753
13753
13755
13760
13762
13781
13782
13782
13791
13796
13809
13828
13830
13844
13860
13881
13891
13897
13897
13927
13935
13941
13946
13967
13967
13975
13985
14009
14044
14059
14060
14065
14070
14104
14117
14140
14147
14153
14163
14180
14185
14191
14204
14219
14259
14263
14269
14270
14273
14310
14325
14329
14334
14340
14350
14361
14368
14388
14431
14466
14468
14476
14493
14504
14531
14551
14561
14570
14579
14585
14593
14649
14654
14658
14664
14666
14667
14680
14684
14707
14714
14717
14733
14734
14735
14740
14760
14762
14775
14801
14805
14811
14824
14825
14839
14849
14863
14875
14886
14889
14889
14903
14905
14910
14913
14918
14969
14970
15063
15081
15091
15100
15109
15110
15142
15144
15158
15177
15194
15206
15211
15256
15258
15260
15261
15278
15281
15282
15293
15297
15301
15301
15308
15308
15309
15317
15344
15344
15383
15388
15412
15419
15422
15428
15431
15448
15448
15456
15458
15467
15474
15478
15482
15494
15504
15534
15575
15585
15594
15605
15622
15654
15663
15671
15679
15701
15703
15714
15755
15757
15759
15765
15767
15781
15789
15795
15801
15817
15834
15847
15849
15853
15868
15871
15915
15932
15938
15964
15989
16018
16050
16080
16108
16125
16143
16153
16170
16240
16242
16249
16268
16288
16293
16305
16331
16348
16350
16375
16397
16409
16411
16460
16461
16462
16464
16466
16474
16497
16539
16552
16566
16593
16621
16640
16670
16716
16749
16765
16779
16779
16809
16812
16839
16846
16862
16862
16864
16869
16872
16943
16943
16944
16945
16948
16957
16972
16978
16991
16991
17016
17016
17019
17021
17058
17061
17067
17074
17082
17103
17106
17150
17156
17161
17184
17189
17193
17195
17207
17222
17222
17231
17245
17258
17276
17304
17322
17328
17357
17360
17365
17399
17406
17445
17451
17477
17478
17507
17529
17544
17562
17563
17568
17571
17571
17607
17613
17615
17639
17651
17661
17683
17710
17736
17769
17783
17785
17799
17800
17802
17852
17873
17877
17881
17885
17914
17922
17923
17931
17933
17938
17942
17950
17993
18005
18022
18028
18046
18057
18107
18109
18131
18154
18157
18157
18185
18230
18256
18269
18277
18279
18280
18296
18325
18327
18434
18440
18465
18476
18479
18490
18511
18517
18520
18523
18543
18551
18561
18582
18587
18623
18627
18629
18632
18633
18669
18688
18693
18694
18697
18722
18729
18737
18757
18758
18783
18789
18821
18847
18912
18950
18956
18959
19016
19018
19022
19024
19029
19032
19046
19046
19049
19067
19071
19072
19073
19081
19102
19132
19136
19143
19153
19157
19163
19191
19196
19204
19212
19220
19242
19261
19272
19281
19286
19309
19321
19326
19339
19353
19375
19375
19403
19432
19442
19455
19458
19470
19491
19535
19568
19573
19586
19610
19630
19659
19689
19709
19721
19741
19759
19781
19809
19809
19830
19847
19870
19878
19890
19900
19930
19948
19953
19963
19964
19983
20025
20033
20066
20066
20075
20081
20115
20116
20132
20145
20182
20201
20232
20241
20259
20262
20268
20277
20294
20298
20298
20334
20339
20340
20391
20393
20396
20402
20422
20441
20450
20475
20475
20494
20494
20495
20501
20501
20525
20530
20580
20580
20600
20601
20606
20660
20670
20682
20684
20727
20737
20743
20754
20778
20781
20787
20824
20830
20890
20892
20894
20900
20923
20997
21009
21018
21032
21051
21071
21079
21087
21090
21146
21147
21155
21158
21174
21183
21190
21194
21205
21238
21259
21280
21283
21301
21308
21310
21319
21369
21378
21393
21400
21402
21417
21426
21440
21440
21454
21532
21576
21577
21594
21612
21644
21658
21662
21709
21733
21744
21751
21761
21768
21782
21787
21820
21822
21828
21828
21839
21841
21845
21848
21864
21865
21880
21893
21895
21914
21915
21915
21928
21933
21936
21953
21957
21970
21975
21978
21978
21983
21986
22001
22013
22055
22076
22081
22092
22101
22170
22198
22200
22212
22217
22226
22263
22295
22318
22345
22362
22364
22368
22376
22379
22388
22400
22401
22403
22409
22459
22464
22475
22479
22489
22496
22504
22509
22532
22564
22590
22597
22617
22622
22641
22646
22652
22672
22676
22688
22704
22718
22737
22746
22772
22784
22811
22836
22845
22846
22847
22857
22874
22876
22887
22919
22945
22950
22958
22977
22992
23021
23029
23045
23049
23066
23069
23071
23077
23108
23115
23133
23139
23143
23173
23177
23201
23219
23259
23279
23288
23295
23296
23324
23341
23349
23349
23356
23357
23359
23365
23365
23366
23370
23378
23413
23414
23419
23429
23431
23454
23459
23471
23472
23494
23509
23512
23524
23545
23572
23587
23599
23600
23601
23607
23615
23619
23681
23682
23696
23729
23751
23755
23797
23811
23849
23850
23865
23879
23880
23882
23888
23914
23936
23959
23985
23991
23994
23995
24032
24035
24039
24066
24073
24082
24108
24141
24143
24151
24153
24156
24157
24192
24198
24235
24248
24250
24275
24283
24283
24301
24311
24314
24316
24341
24359
24359
24368
24409
24441
24442
24454
24464
24477
24510
24515
24524
24531
24561
24562
24571
24571
24572
24604
24608
24652
24656
24677
24683
24701
24725
24747
24760
24775
24787
24790
24798
24817
24836
24844
24852
24853
24855
24879
24885
24885
24897
24915
24917
24974
24984
24996
24998
25013
25020
25040
25042
25045
25048
25051
25052
25053
25054
25072
25073
25074
25076
25090
25095
25096
25105
25105
25137
25145
25150
25151
25164
25177
25207
25208
25226
25232
25290
25343
25391
25414
25429
25448
25457
25460
25478
25481
25484
25490
25497
25513
25529
25551
25571
25573
25573
25599
25649
25675
25727
25734
25736
25742
25744
25767
25769
25776
25781
25782
25820
25826
25837
25837
25855
25861
25864
25869
25872
25896
25940
25954
25956
25958
25984
26015
26030
26050
26062
26073
26078
26082
26087
26088
26093
26104
26106
26121
26135
26153
26165
26168
26173
26196
26201
26203
26219
26226
26250
26257
26260
26261
26261
26264
26278
26292
26302
26316
26317
26328
26335
26371
26377
26398
26412
26422
26427
26442
26443
26452
26453
26501
26501
26505
26506
26527
26545
26589
26590
26628
26630
26641
26645
26646
26659
26674
26691
26699
26710
26737
26747
26760
26763
26796
26807
26818
26821
26828
26846
26853
26864
26883
26885
26896
26903
26917
26950
26970
26973
27001
27001
27013
27071
27091
27110
27117
27146
27171
27211
27215
27242
27248
27258
27289
27291
27292
27341
27344
27355
27380
27381
27386
27401
27409
27418
27423
27474
27492
27494
27501
27515
27522
27538
27540
27551
27556
27566
27583
27593
27609
27611
27623
27652
27718
27723
27731
27740
27765
27772
27773
27773
27775
27780
27790
27796
27807
27815
27818
27853
27866
27923
27941
27943
27975
27993
27997
28017
28027
28032
28041
28043
28051
28071
28114
28136
28148
28181
28190
28190
28197
28204
28205
28214
28224
28240
28250
28267
28273
28287
28293
28298
28312
28317
28320
28323
28336
28339
28354
28367
28369
28374
28403
28411
28428
28432
28439
28445
28494
28510
28511
28523
28526
28536
28569
28588
28598
28634
28637
28644
28658
28679
28729
28730
28765
28765
28766
28777
28777
28784
28789
28809
28816
28870
28878
28904
28925
28943
28952
28972
28972
29025
29037
29044
29053
29062
29063
29082
29086
29097
29115
29123
29147
29148
29172
29215
29222
29238
29246
29283
29284
29306
29313
29328
29368
29383
29397
29409
29419
29419
29441
29473
29489
29506
29510
29511
29535
29545
29550
29556
29564
29586
29623
29646
29663
29670
29677
29678
29680
29691
29742
29747
29763
29773
29779
29781
29787
29798
29811
29849
29860
29888
29890
29897
29912
29947
29983
30018
30036
30066
30088
30097
30100
30104
30107
30127
30133
30152
30187
30187
30215
30223
30223
30240
30244
30325
30350
30357
30374
30375
30385
30422
30427
30438
30439
30475
30475
30481
30483
30503
30508
30511
30511
30525
30538
30561
30563
30565
30570
30577
30583
30591
30622
30652
30661
30667
30670
30675
30684
30724
30732
30745
30770
30799
30820
30845
30867
30902
30912
30915
30918
30923
30933
30938
30975
30985
30989
30991
31000
31018
31018
31021
31036
31045
31055
31062
31071
31094
31149
31209
31220
31240
31261
31278
31279
31293
31312
31348
31353
31395
31431
31438
31445
31450
31464
31497
31523
31535
31548
31562
31580
31594
31620
31625
31626
31645
31651
31656
31662
31667
31670
31695
31716
31725
31739
31739
31741
31746
31758
31773
31794
31799
31825
31836
31854
31867
31878
31878
31903
31905
31908
31912
31913
31915
31923
31940
31962
31968
31999
32015
32104
32108
32129
32136
32156
32157
32172
32194
32196
32196
32206
32207
32237
32266
32281
32292
32319
32325
32352
32366
32369
32390
32392
32394
32402
32419
32420
32420
32436
32443
32467
32509
32520
32530
32533
32652
32655
32686
32686
32702
32714
32724
32739
32747
32750
32759
32772
32814
32818
32830
32838
32844
32857
32872
32889
32902
32911
32913
32939
32950
32952
32986
33010
33032
33038
33040
33056
33134
33139
33147
33193
33197
33199
33210
33213
33227
33235
33253
33257
33274
33277
33287
33296
33297
33303
33307
33358
33368
33375
33375
33392
33418
33424
33438
33475
33476
33537
33537
33541
33551
33558
33581
33590
33614
33632
33639
33639
33661
33666
33693
33708
33727
33742
33751
33777
33783
33802
33858
33869
33903
33903
33904
33914
33967
33979
33991
34001
34002
34006
34010
34067
34072
34082
34082
34084
34085
34103
34119
34131
34131
34163
34175
34176
34182
34187
34210
34252
34266
34309
34321
34322
34327
34368
34374
34399
34402
34412
34414
34436
34439
34459
34472
34472
34473
34477
34537
34548
34589
34597
34624
34638
34645
34651
34653
34698
34709
34715
34721
34722
34746
34750
34751
34779
34796
34815
34820
34826
34840
34842
34848
34864
34872
34924
34939
34983
34986
34998
35004
35044
35049
35052
35057
35072
35095
35108
35154
35167
35168
35171
35179
35191
35204
35210
35246
35250
35266
35291
35296
35301
35316
35338
35360
35363
35374
35390
35395
35398
35408
35427
35434
35438
35443
35453
35463
35468
35483
35494
35499
35506
35524
35587
35589
35590
35607
35611
35621
35626
35651
35653
35655
35658
35672
35703
35709
35717
35718
35731
35732
35741
35778
35785
35786
35801
35814
35818
35849
35853
35870
35874
35882
35895
35913
35922
35925
35938
35944
35962
35969
35974
35980
36047
36067
36069
36077
36082
36088
36103
36105
36121
36132
36179
36205
36214
36216
36226
36253
36256
36259
36269
36290
36292
36297
36297
36299
36314
36315
36317
36319
36325
36328
36329
36346
36357
36374
36383
36424
36436
36451
36455
36462
36468
36484
36492
36500
36513
36535
36544
36556
36563
36578
36597
36598
36603
36613
36659
36701
36702
36742
36744
36758
36759
36765
36773
36799
36816
36846
36852
36858
36863
36874
36877
36892
36894
36905
36924
36928
36939
36943
36945
36951
36961
36992
36995
37008
37064
37069
37072
37094
37102
37113
37173
37178
37237
37255
37265
37279
37283
37287
37359
37384
37412
37415
37421
37430
37440
37464
37478
37500
37512
37522
37533
37533
37537
37561
37566
37570
37580
37580
37601
37604
37621
37623
37630
37637
37639
37639
37656
37660
37695
37697
37706
37710
37723
37724
37726
37749
37797
37801
37816
37824
37835
37841
37853
37866
37920
37922
37931
37941
37959
37963
38000
38017
38037
38039
38040
38046
38061
38063
38075
38084
38091
38092
38119
38175
38191
38192
38193
38194
38214
38223
38226
38232
38247
38277
38277
38296
38321
38324
38327
38327
38330
38337
38342
38355
38357
38364
38385
38433
38462
38466
38476
38500
38519
38524
38536
38536
38553
38562
38579
38579
38629
38641
38649
38653
38671
38699
38725
38730
38732
38734
38759
38760
38763
38778
38808
38839
38846
38850
38856
38871
38878
38885
38901
38908
38910
38923
38932
38954
38958
38964
38970
38973
38979
38981
38983
38992
38997
39025
39031
39058
39059
39060
39068
39074
39090
39095
39116
39120
39127
39151
39151
39163
39180
39191
39253
39260
39321
39350
39367
39372
39373
39380
39389
39390
39391
39405
39425
39445
39454
39475
39476
39487
39512
39517
39518
39519
39532
39537
39539
39549
39557
39567
39569
39584
39598
39608
39611
39621
39629
39647
39654
39699
39709
39714
39722
39730
39737
39737
39746
39753
39754
39768
39770
39783
39797
39809
39815
39833
39858
39868
39869
39872
39878
39881
39889
39891
39892
39950
39982
39989
39992
40014
40031
40032
40052
40062
40064
40083
40089
40101
40105
40110
40116
40128
40147
40163
40171
40221
40234
40242
40246
40266
40271
40272
40288
40294
40316
40321
40329
40343
40357
40371
40406
40411
40479
40480
40524
40535
40566
40622
40635
40650
40662
40671
40681
40691
40698
40710
40710
40734
40806
40812
40818
40818
40862
40865
40872
40892
40931
40940
40946
41005
41017
41027
41042
41059
41069
41138
41139
41141
41162
41185
41221
41261
41269
41271
41310
41329
41357
41359
41361
41370
41392
41418
41441
41451
41454
41485
41498
41516
41522
41545
41550
41559
41586
41600
41609
41612
41616
41624
41624
41636
41661
41675
41680
41687
41688
41688
41689
41695
41709
41718
41720
41752
41774
41788
41820
41825
41838
41842
41858
41867
41871
41918
41952
41955
41959
41988
42020
42020
42052
42058
42060
42067
42077
42078
42092
42109
42110
42126
42136
42139
42160
42163
42164
42205
42229
42230
42261
42298
42307
42310
42323
42367
42369
42372
42390
42392
42406
42441
42448
42452
42458
42497
42500
42501
42503
42504
42515
42519
42524
42532
42549
42564
42586
42589
42589
42596
42599
42628
42647
42671
42678
42698
42701
42728
42731
42762
42766
42770
42808
42831
42842
42842
42844
42882
42888
42906
42918
42922
42953
42965
42987
42988
43003
43021
43059
43070
43087
43111
43113
43123
43137
43164
43165
43184
43195
43239
43266
43283
43288
43289
43293
43324
43325
43326
43338
43349
43361
43401
43421
43426
43434
43439
43441
43444
43444
43446
43457
43482
43500
43514
43522
43564
43571
43578
43616
43635
43640
43643
43648
43654
43660
43690
43763
43777
43781
43813
43818
43826
43836
43841
43849
43867
43871
43885
43920
43964
43978
44018
44024
44048
44074
44130
44139
44155
44168
44178
44180
44189
44189
44200
44212
44230
44245
44262
44262
44298
44301
44309
44309
44312
44313
44337
44370
44375
44386
44409
44418
44421
44423
44441
44443
44458
44465
44474
44478
44527
44537
44544
44566
44567
44568
44576
44607
44647
44670
44671
44707
44708
44724
44727
44728
44755
44769
44779
44797
44844
44852
44858
44858
44865
44869
44881
44886
44887
44894
44902
44904
44910
44917
44941
44952
44954
44967
44982
44987
45017
45041
45053
45090
45095
45102
45107
45108
45120
45121
45141
45141
45162
45164
45174
45175
45177
45183
45191
45195
45221
45239
45240
45259
45323
45329
45346
45350
45363
45364
45378
45380
45406
45412
45413
45426
45435
45448
45452
45460
45469
45471
45493
45503
45504
45519
45543
45564
45575
45576
45577
45604
45607
45611
45628
45638
45654
45666
45682
45684
45704
45718
45729
45733
45734
45769
45773
45804
45823
45841
45911
45954
45964
45975
45979
45997
45998
46003
46015
46029
46044
46055
46064
46073
46077
46084
46093
46097
46119
46126
46138
46143
46149
46149
46153
46153
46160
46172
46196
46208
46214
46233
46252
46267
46280
46295
46296
46315
46319
46323
46329
46356
46365
46366
46394
46402
46412
46434
46459
46475
46477
46484
46498
46501
46505
46508
46538
46563
46564
46569
46577
46603
46627
46628
46684
46700
46724
46728
46746
46769
46780
46820
46853
46868
46870
46926
46932
46934
46938
46972
46972
46984
47031
47086
47095
47104
47119
47128
47132
47193
47203
47218
47227
47227
47247
47261
47264
47265
47284
47293
47306
47321
47329
47345
47365
47369
47371
47371
47385
47391
47403
47415
47423
47426
47427
47429
47432
47447
47449
47462
47470
47471
47497
47502
47504
47505
47520
47522
47528
47574
47587
47592
47594
47613
47616
47620
47629
47633
47641
47644
47647
47650
47689
47711
47712
47716
47743
47762
47782
47806
47822
47842
47865
47867
47877
47906
47910
47918
47950
47952
47965
47969
47970
47991
48019
48027
48032
48088
48090
48094
48101
48120
48121
48123
48124
48145
48191
48194
48199
48207
48209
48214
48258
48265
48282
48301
48304
48313
48314
48316
48319
48355
48356
48380
48397
48410
48431
48449
48481
48486
48491
48500
48520
48542
48566
48612
48630
48630
48636
48636
48647
48651
48655
48682
48697
48703
48714
48769
48772
48783
48784
48791
48826
48856
48870
48871
48876
48910
48935
48947
48948
48962
48964
49027
49030
49041
49051
49061
49076
49123
49150
49153
49192
49209
49214
49242
49254
49345
49351
49353
49368
49370
49382
49384
49389
49396
49407
49426
49432
49432
49445
49449
49450
49459
49459
49475
49489
49498
49500
49528
49576
49580
49615
49620
49655
49658
49685
49687
49711
49813
49819
49823
49837
49843
49848
49859
49876
49881
49886
49888
49907
49922
49949
49963
49974
49985
50013
50013
50016
50021
50021
50038
50058
50063
50139
50142
50158
50164
50168
50171
50190
50199
50220
50229
50234
50235
50237
50251
50260
50296
50300
50304
50315
50316
50321
50368
50385
50397
50419
50446
50450
50461
50472
50473
50494
50506
50506
50520
50565
50566
50579
50580
50589
50629
50634
50641
50649
50661
50696
50698
50699
50704
50706
50712
50716
50732
50732
50737
50746
50757
50772
50775
50794
50799
50823
50861
50861
50862
50877
50889
50895
50896
50917
50919
50949
50956
50965
50982
50990
51020
51050
51072
51095
51109
51110
51117
51131
51144
51148
51176
51187
51209
51212
51214
51228
51236
51249
51255
51284
51308
51317
51321
51325
51347
51364
51379
51381
51383
51402
51407
51409
51460
51466
51502
51505
51533
51552
51592
51605
51610
51616
51632
51644
51656
51686
51689
51726
51730
51740
51779
51782
51790
51792
51852
51868
51897
51921
51923
51966
51976
51982
51988
51996
51998
52015
52030
52031
52060
52061
52062
52079
52106
52122
52128
52129
52146
52164
52173
52230
52268
52283
52288
52300
52314
52326
52343
52344
52352
52365
52391
52392
52405
52410
52413
52419
52434
52435
52440
52451
52459
52466
52471
52485
52535
52547
52547
52552
52559
52567
52596
52660
52682
52686
52705
52706
52719
52721
52746
52754
52761
52761
52765
52766
52802
52809
52817
52821
52823
52824
52831
52836
52851
52857
52888
52906
52918
52965
53004
53005
53009
53022
53069
53089
53100
53110
53114
53123
53124
53132
53137
53142
53142
53142
53142
53152
53172
53179
53229
53235
53239
53263
53289
53293
53298
53299
53320
53328
53332
53343
53345
53353
53362
53389
53392
53395
53395
53413
53428
53437
53438
53456
53471
53533
53545
53549
53552
53562
53571
53583
53588
53598
53618
53623
53636
53638
53662
53663
53665
53696
53710
53715
53734
53743
53750
53789
53790
53804
53807
53837
53848
53858
53859
53861
53869
53882
53883
53918
53928
53933
53951
53968
54011
54017
54022
54089
54113
54131
54149
54160
54172
54185
54187
54194
54201
54218
54235
54245
54263
54272
54279
54326
54332
54339
54353
54370
54441
54445
54454
54456
54473
54500
54501
54515
54516
54523
54550
54581
54594
54605
54612
54657
54657
54675
54682
54688
54700
54703
54722
54732
54733
54733
54741
54751
54752
54777
54780
54796
54797
54810
54858
54874
54877
54881
54883
54906
54914
54917
54951
54965
54974
54978
55007
55020
55055
55057
55058
55061
55069
55078
55079
55081
55085
55104
55120
55124
55137
55162
55203
55206
55218
55233
55240
55261
55264
55266
55274
55302
55306
55310
55313
55346
55363
55369
55371
55376
55379
55405
55407
55415
55417
55425
55446
55466
55467
55495
55513
55524
55559
55565
55583
55602
55606
55611
55634
55635
55639
55647
55654
55675
55675
55687
55691
55693
55706
55712
55719
55730
55736
55745
55747
55786
55791
55791
55803
55807
55824
55824
55836
55858
55866
55867
55867
55868
55879
55899
55905
55965
55977
56005
56017
56068
56099
56118
56144
56171
56194
56223
56231
56249
56252
56259
56262
56266
56271
56283
56294
56299
56300
56308
56314
56343
56349
56376
56398
56403
56406
56443
56454
56466
56474
56479
56492
56493
56496
56506
56512
56524
56544
56551
56570
56609
56613
56647
56658
56658
56682
56686
56698
56721
56723
56740
56742
56758
56776
56786
56797
56807
56809
56825
56828
56836
56892
56923
56949
56955
56956
56958
56990
56992
57015
57016
57053
57063
57089
57114
57114
57149
57150
57190
57210
57235
57237
57270
57280
57281
57281
57282
57321
57326
57329
57343
57345
57380
57393
57428
57437
57463
57477
57483
57499
57507
57511
57529
57530
57532
57537
57539
57561
57606
57676
57678
57692
57692
57703
57742
57763
57767
57775
57797
57800
57806
57806
57815
57825
57853
57855
57868
57876
57884
57896
57927
57968
57973
58016
58022
58036
58037
58041
58042
58045
58054
58074
58083
58154
58167
58171
58176
58178
58237
58246
58247
58250
58265
58270
58286
58288
58290
58294
58302
58323
58328
58340
58354
58366
58378
58380
58393
58397
58417
58421
58424
58440
58449
58450
58454
58484
58513
58521
58534
58542
58552
58570
58618
58622
58632
58647
58657
58670
58673
58683
58685
58690
58719
58720
58760
58761
58766
58779
58789
58793
58793
58796
58802
58803
58811
58814
58828
58834
58843
58854
58862
58862
58879
58892
58895
58896
58897
58914
58928
58940
58944
58964
58964
58974
58983
58985
58988
58994
59009
59014
59015
59017
59018
59048
59059
59064
59067
59084
59091
59102
59104
59109
59134
59146
59166
59170
59176
59181
59182
59235
59250
59251
59257
59268
59268
59270
59291
59303
59309
59341
59346
59391
59393
59397
59402
59408
59426
59428
59429
59432
59434
59434
59458
59486
59490
59513
59518
59520
59525
59538
59560
59562
59605
59609
59626
59652
59658
59693
59698
59703
59709
59760
59764
59775
59785
59802
59822
59832
59861
59864
59877
59918
59920
59942
59975
60009
60014
60016
60017
60028
60040
60042
60043
60058
60072
60081
60085
60088
60092
60097
60106
60109
60123
60167
60199
60239
60242
60242
60243
60244
60247
60258
60285
60288
60288
60296
60301
60304
60318
60325
60354
60369
60377
60380
60538
60561
60587
60602
60613
60623
60632
60648
60654
60660
60661
60669
60682
60683
60690
60690
60705
60718
60734
60751
60755
60768
60773
60774
60776
60817
60817
60819
60844
60860
60884
60902
60910
60916
60930
60969
60978
60981
60982
61016
61050
61065
61081
61093
61157
61190
61190
61211
61219
61256
61314
61334
61375
61392
61456
61472
61488
61494
61499
61513
61524
61531
61535
61541
61541
61585
61613
61623
61636
61655
61683
61751
61767
61792
61806
61807
61818
61869
61878
61916
61932
61955
61964
62000
62007
62012
62016
62042
62067
62080
62111
62129
62138
62139
62156
62163
62219
62225
62238
62258
62259
62262
62319
62322
62330
62376
62381
62383
62395
62396
62411
62427
62434
62442
62473
62475
62476
62484
62492
62493
62497
62517
62522
62526
62535
62561
62574
62623
62662
62663
62679
62704
62726
62731
62741
62813
62820
62842
62845
62851
62862
62864
62872
62922
62924
62941
62951
62996
63028
63042
63059
63084
63099
63122
63145
63148
63153
63178
63216
63219
63219
63222
63248
63262
63285
63290
63321
63329
63330
63339
63345
63345
63378
63443
63556
63565
63578
63605
63612
63619
63663
63665
63676
63687
63696
63701
63720
63742
63754
63770
63772
63776
63777
63783
63808
63812
63823
63823
63826
63834
63848
63857
63928
63938
63978
64009
64018
64030
64030
64030
64038
64075
64080
64083
64141
64150
64157
64161
64164
64181
64183
64190
64192
64210
64242
64244
64245
64252
64266
64273
64287
64290
64290
64299
64305
64305
64331
64332
64379
64387
64401
64402
64403
64422
64435
64448
64482
64497
64503
64512
64536
64547
64558
64583
64591
64616
64627
64636
64643
64657
64663
64678
64684
64701
64728
64786
64793
64803
64814
64830
64838
64865
64867
64872
64884
64897
64908
64920
64922
64929
64932
64942
64950
64968
64970
64990
64998
65002
65067
65080
65103
65104
65110
65116
65132
65142
65161
65162
65170
65177
65179
65191
65198
65215
65255
65261
65264
65269
65287
65288
65293
65295
65298
65327
65327
65340
65352
65368
65389
65406
65427
65433
65448
65453
65473
65478
65500
65504
65510
65557
65570
65574
65578
65593
65606
65623
65627
65654
65661
65667
65671
65687
65689
65690
65704
65751
65771
65779
65795
65801
65843
65850
65853
65874
65885
65930
65934
65950
65955
65959
65996
66001
66024
66044
66044
66061
66067
66080
66082
66088
66114
66126
66133
66156
66190
66196
66202
66204
66226
66247
66248
66336
66343
66354
66357
66376
66394
66398
66411
66437
66438
66442
66449
66469
66471
66488
66499
66539
66549
66554
66558
66563
66567
66596
66603
66605
66611
66652
66674
66680
66682
66692
66704
66726
66744
66786
66788
66822
66838
66843
66847
66860
66868
66889
66907
66911
66924
66929
66944
66956
66971
66993
66993
67021
67021
67024
67031
67032
67041
67049
67066
67073
67085
67096
67099
67109
67110
67119
67138
67139
67184
67225
67244
67246
67252
67261
67262
67270
67281
67281
67286
67293
67326
67336
67339
67384
67385
67390
67406
67409
67417
67419
67429
67435
67455
67457
67493
67534
67539
67548
67554
67564
67571
67573
67583
67596
67621
67630
67632
67652
67712
67715
67720
67761
67783
67788
67816
67821
67869
67883
67906
67925
67931
67939
67952
67964
67986
67989
67993
67997
68010
68013
68019
68027
68035
68066
68071
68091
68097
68112
68127
68128
68130
68161
68162
68191
68199
68209
68220
68233
68238
68247
68261
68261
68274
68274
68297
68297
68319
68325
68327
68363
68382
68387
68394
68410
68416
68423
68443
68445
68468
68500
68536
68543
68547
68558
68570
68574
68576
68585
68600
68609
68616
68619
68621
68641
68643
68645
68658
68661
68676
68681
68685
68688
68704
68728
68736
68747
68752
68754
68768
68781
68783
68789
68795
68801
68805
68812
68815
68850
68875
68894
68902
68907
68917
68922
68935
68945
68988
69084
69106
69134
69174
69197
69229
69236
69252
69258
69269
69301
69312
69326
69335
69405
69406
69411
69420
69432
69475
69482
69506
69540
69542
69594
69606
69615
69622
69636
69653
69662
69664
69690
69713
69715
69727
69737
69744
