11
13
14
42
86
104
107
109
125
130
171
174
216
237
269
312
330
350
353
363
389
389
398
421
451
456
471
475
482
555
560
562
564
578
592
616
620
644
655
665
674
681
693
696
719
732
734
775
787
818
863
887
908
962
1027
1031
1057
1067
1070
1099
1123
1135
1144
1164
1185
1215
1230
1236
1258
1302
1315
1328
1344
1346
1352
1354
1359
1364
1367
1411
1450
1460
1484
1520
1521
1524
1533
1562
1567
1588
1591
1603
1604
1635
1723
1724
1754
1778
1787
1789
1805
1812
1846
1854
1868
1945
1974
1986
1987
1990
2004
2007
2073
2074
2078
2106
2116
2125
2131
2150
2155
2167
2180
2226
2271
2292
2328
2343
2347
2363
2379
2387
2434
2437
2444
2446
2535
2544
2561
2596
2604
2606
2612
2619
2658
2673
2694
2694
2713
2714
2719
2732
2739
2756
2763
2765
2769
2772
2788
2860
2863
2871
2872
2876
2878
2911
2959
2984
2992
2997
3022
3026
3031
3058
3074
3083
3111
3116
3137
3153
3160
3163
3186
3194
3228
3249
3249
3286
3297
3326
3370
3411
3416
3463
3475
3503
3507
3543
3581
3599
3613
3615
3624
3626
3640
3690
3727
3734
3746
3807
3851
3858
3874
3925
3959
3964
4035
4050
4053
4057
4062
4069
4103
4114
4120
4155
4195
4214
4215
4225
4252
4277
4279
4314
4325
4363
4367
4418
4429
4430
4442
4457
4509
4540
4544
4546
4556
4619
4649
4651
4689
4721
4788
4874
4899
4908
4945
4984
4986
4990
5016
5025
5140
5173
5187
5206
5232
5259
5262
5277
5315
5318
5435
5444
5468
5508
5543
5560
5586
5607
5610
5642
5671
5709
5711
5720
5790
5797
5807
5826
5841
5897
5926
5935
5943
5959
5959
5964
6004
6009
6011
6015
6026
6058
6062
6062
6083
6088
6181
6217
6220
6253
6290
6295
6297
6325
6326
6333
6354
6360
6385
6388
6414
6425
6441
6525
6532
6549
6550
6556
6573
6578
6580
6601
6614
6647
6654
6689
6698
6726
6736
6752
6765
6775
6812
6814
6824
6834
6843
6849
6854
6864
6909
6945
6964
6965
6969
7011
7027
7043
7060
7105
7115
7115
7121
7124
7131
7165
7172
7201
7222
7254
7256
7266
7301
7301
7304
7306
7308
7327
7359
7361
7380
7382
7398
7444
7463
7483
7542
7575
7586
7597
7608
7610
7625
7627
7629
7647
7657
7689
7698
7706
7722
7723
7731
7761
7847
7877
7893
7932
7952
7960
7966
8004
8018
8043
8053
8065
8070
8084
8089
8097
8101
8129
8133
8167
8175
8199
8212
8261
8293
8297
8334
8345
8437
8454
8474
8484
8528
8564
8570
8573
8573
8585
8612
8628
8655
8681
8685
8687
8695
8700
8742
8758
8778
8836
8837
8848
8854
8854
8894
8973
8977
9052
9069
9070
9086
9118
9119
9135
9137
9147
9153
9169
9177
9180
9201
9210
9213
9230
9234
9244
9262
9275
9280
9280
9288
9290
9293
9354
9359
9379
9384
9391
9405
9406
9415
9416
9482
9484
9488
9509
9544
9552
9572
9573
9588
9648
9655
9662
9662
9665
9693
9694
9704
9705
9803
9823
9840
9880
9911
9940
9946
9956
9974
9984
10015
10062
10128
10167
10173
10200
10213
10239
10241
10254
10270
10296
10314
10345
10360
10366
10367
10397
10412
10448
10455
10460
10507
10526
10548
10554
10565
10578
10598
10643
10648
10659
10673
10676
10715
10727
10745
10765
10783
10795
10803
10823
10826
10829
10839
10839
10853
10865
10937
10955
10962
10976
10987
11007
11019
11026
11034
11044
11046
11051
11106
11111
11118
11124
11170
11177
11199
11200
11207
11208
11215
11319
11348
11352
11353
11389
11409
11429
11434
11476
11499
11501
11509
11529
11546
11597
11605
11613
11615
11683
11689
11712
11715
11736
11771
11817
11848
11917
11941
11974
11980
11988
11988
12046
12052
12061
12066
12079
12100
12137
12172
12214
12223
12238
12245
12251
12254
12283
12290
12293
12312
12322
12323
12354
12369
12411
12441
12458
12475
12487
12494
12506
12524
12530
12534
12545
12681
12681
12736
12753
12762
12763
12787
12804
12827
12876
12890
12909
12932
12937
12971
12995
13001
13017
13051
13055
13072
13086
13087
13090
13104
13116
13117
13126
13155
13170
13172
13236
13296
13297
13299
13302
13325
13336
13341
13350
13390
13399
13430
13433
13453
13463
13479
13481
13485
13584
13591
13602
13602
13636
13637
13642
13653
13666
13669
13695
13723
13737
13742
13764
13767
13785
13812
13824
13833
13843
13849
13891
13896
13907
13951
13963
13981
13986
14001
14018
14109
14128
14161
14217
14230
14237
14237
14248
14271
14313
14320
14337
14340
14353
14356
14375
14377
14388
14405
14411
14434
14435
14444
14447
14468
14475
14475
14544
14567
14597
14606
14666
14685
14711
14734
14820
14822
14860
14891
14908
14912
14916
14917
14919
14954
14959
14978
14983
15009
15022
15029
15033
15039
15041
15082
15082
15127
15130
15135
15165
15173
15184
15190
15236
15239
15242
15251
15312
15328
15389
15423
15425
15429
15449
15450
15476
15490
15496
15503
15514
15516
15532
15545
15550
15562
15598
15643
15684
15720
15729
15760
15799
15819
15828
15837
15919
15942
15947
15963
15967
15970
15980
15995
16002
16011
16037
16037
16040
16046
16061
16080
16094
16163
16170
16170
16184
16213
16223
16229
16240
16283
16289
16308
16318
16331
16349
16357
16363
16368
16374
16393
16412
16460
16520
16530
16545
16590
16643
16645
16677
16680
16688
16736
16762
16769
16800
16800
16816
16823
16885
16890
16926
16970
16974
16984
17004
17006
17009
17016
17059
17077
17088
17088
17094
17106
17110
17117
17130
17148
17182
17185
17226
17245
17266
17269
17313
17338
17339
17373
17392
17464
17480
17489
17519
17560
17601
17610
17622
17628
17645
17660
17676
17681
17706
17735
17754
17782
17809
17821
17883
17887
17899
17936
17940
17944
17948
18005
18029
18036
18061
18063
18123
18145
18147
18153
18160
18164
18203
18238
18263
18266
18272
18281
18294
18310
18331
18339
18346
18365
18379
18380
18433
18502
18571
18590
18599
18607
18608
18629
18638
18643
18684
18688
18690
18696
18702
18707
18716
18757
18771
18776
18786
18811
18840
18843
18854
18856
18871
18889
18948
18963
18985
18986
19034
19049
19053
19059
19105
19147
19162
19166
19182
19189
19208
19228
19262
19266
19271
19320
19347
19348
19352
19362
19366
19366
19407
19438
19476
19483
19490
19491
19499
19517
19526
19540
19552
19559
19570
19604
19620
19669
19730
19735
19757
19775
19776
19776
19793
19804
19811
19820
19830
19865
19866
19884
19898
19909
19911
19917
19924
19934
19949
19961
19972
20003
20016
20051
20054
20090
20122
20134
20179
20179
20209
20249
20262
20266
20275
20276
20279
20280
20343
20360
20366
20376
20388
20402
20409
20423
20454
20463
20469
20510
20526
20551
20569
20578
20607
20613
20673
20695
20709
20714
20756
20760
20829
20837
20840
20853
20858
20866
20901
20911
20928
20956
20972
20978
20987
21016
21028
21040
21070
21097
21147
21173
21231
21241
21273
21301
21314
21321
21333
21396
21415
21425
21467
21492
21494
21511
21522
21534
21588
21588
21599
21614
21622
21684
21686
21697
21712
21749
21784
21785
21791
21901
21919
21923
21927
21931
21981
22003
22042
22061
22076
22079
22120
22139
22150
22156
22156
22159
22170
22205
22207
22211
22232
22251
22266
22268
22350
22357
22401
22419
22424
22445
22447
22449
22470
22471
22518
22521
22532
22569
22585
22597
22606
22630
22682
22695
22707
22714
22737
22755
22767
22782
22808
22810
22816
22822
22825
22829
22845
22856
22862
22895
22898
22988
23041
23043
23049
23073
23080
23138
23146
23151
23157
23174
23185
23187
23191
23191
23207
23235
23254
23275
23317
23328
23348
23354
23355
23370
23377
23392
23400
23414
23418
23450
23451
23452
23463
23508
23546
23563
23570
23573
23579
23587
23596
23605
23641
23679
23747
23749
23764
23768
23774
23775
23789
23803
23835
23870
23889
23894
23895
23942
23993
24027
24045
24098
24110
24119
24177
24179
24190
24192
24204
24237
24238
24251
24269
24330
24336
24364
24367
24372
24391
24395
24419
24435
24449
24462
24467
24517
24557
24592
24617
24704
24724
24813
24852
24852
24867
24870
24876
24883
24886
24953
24959
24969
24974
25008
25015
25043
25047
25076
25077
25119
25124
25125
25126
25134
25159
25171
25175
25193
25199
25200
25217
25248
25289
25291
25307
25346
25351
25368
25394
25405
25406
25421
25457
25486
25526
25542
25544
25559
25577
25578
25590
25604
25618
25623
25645
25656
25682
25692
25696
25713
25797
25843
25857
25865
25876
25902
25930
25943
25975
25975
26045
26045
26064
26117
26131
26154
26161
26171
26188
26193
26200
26210
26220
26238
26245
26353
26367
26394
26394
26409
26462
26464
26471
26495
26495
26496
26532
26532
26607
26725
26733
26770
26815
26831
26840
26845
26868
26890
26895
26934
26938
26959
26975
27007
27045
27100
27106
27108
27110
27113
27151
27170
27193
27255
27262
27268
27298
27318
27328
27352
27355
27367
27377
27390
27407
27433
27439
27451
27472
27483
27494
27494
27518
27542
27546
27566
27580
27585
27586
27588
27598
27618
27619
27636
27636
27685
27707
27712
27759
27801
27808
27844
27856
27928
27932
27939
27942
27983
27992
28006
28073
28077
28080
28166
28225
28238
28246
28268
28278
28304
28309
28331
28340
28359
28360
28371
28377
28433
28457
28501
28508
28509
28522
28526
28533
28542
28548
28549
28562
28585
28603
28605
28627
28628
28637
28640
28693
28721
28740
28747
28765
28839
28846
28864
28887
28937
28943
28954
28959
28970
28974
28997
29005
29017
29031
29046
29073
29143
29151
29173
29259
29262
29283
29311
29335
29350
29363
29365
29375
29408
29414
29443
29488
29503
29551
29611
29620
29647
29653
29668
29669
29695
29697
29703
29727
29744
29763
29776
29840
29852
29854
29861
29882
29886
29922
29938
29963
29970
29985
29995
30012
30059
30062
30104
30117
30159
30169
30222
30230
30240
30240
30248
30288
30358
30386
30407
30465
30469
30502
30503
30562
30583
30611
30640
30643
30651
30666
30667
30676
30679
30697
30698
30701
30708
30718
30719
30725
30738
30745
30750
30867
30879
30887
30893
30896
30906
30913
30940
30951
30958
31008
31016
31021
31025
31056
31056
31068
31096
31114
31172
31191
31196
31216
31258
31286
31293
31300
31318
31333
31354
31364
31384
31418
31430
31432
31453
31453
31457
31462
31464
31469
31471
31475
31493
31502
31519
31541
31566
31591
31656
31658
31658
31661
31663
31714
31729
31780
31791
31795
31801
31816
31840
31848
31886
31887
31902
31921
31930
31955
31955
31958
31961
31961
31966
32051
32098
32099
32157
32158
32159
32180
32192
32199
32204
32211
32246
32247
32248
32261
32300
32329
32331
32352
32392
32393
32404
32422
32425
32466
32500
32500
32524
32527
32552
32568
32571
32609
32645
32662
32691
32724
32734
32791
32808
32826
32847
32867
32884
32884
32887
32929
32932
32938
32955
32988
33049
33060
33067
33073
33082
33093
33095
33128
33129
33136
33137
33160
33166
33201
33280
33316
33333
33343
33367
33381
33386
33399
33407
33431
33515
33602
33608
33616
33624
33624
33641
33690
33693
33702
33718
33774
33775
33788
33815
33817
33824
33844
33861
33867
33881
33905
33923
33927
33946
33958
33960
33967
34000
34057
34115
34130
34138
34154
34174
34179
34196
34206
34237
34260
34267
34277
34295
34299
34304
34310
34354
34360
34374
34383
34407
34424
34430
34433
34454
34466
34497
34522
34537
34546
34549
34591
34615
34699
34709
34718
34734
34763
34768
34769
34782
34880
34893
34928
34960
34964
34966
34979
35035
35076
35091
35106
35139
35147
35149
35164
35170
35188
35227
35240
35281
35287
35303
35356
35365
35374
35385
35392
35414
35495
35526
35533
35544
35567
35599
35621
35629
35642
35676
35688
35722
35723
35755
35806
35845
35926
35940
35975
36009
36016
36022
36043
36079
36080
36099
36116
36137
36148
36159
36164
36170
36192
36238
36242
36252
36267
36275
36281
36306
36331
36347
36353
36366
36374
36388
36391
36400
36424
36435
36449
36458
36505
36556
36556
36653
36697
36702
36719
36786
36797
36800
36826
36834
36853
36867
36886
36891
36925
36948
36958
36960
36970
36985
37005
37008
37058
37067
37110
37150
37152
37152
37157
37211
37236
37240
37251
37277
37298
37302
37305
37314
37331
37336
37338
37373
37405
37410
37479
37486
37493
37498
37511
37514
37526
37532
37539
37546
37550
37551
37578
37592
37593
37600
37606
37609
37641
37643
37653
37701
37717
37727
37760
37810
37815
37821
37822
37829
37830
37836
37840
37840
37840
37841
37856
37867
37917
37947
37972
38017
38034
38058
38085
38100
38119
38126
38140
38155
38172
38182
38184
38212
38225
38238
38250
38261
38276
38282
38295
38348
38368
38374
38384
38388
38397
38420
38451
38457
38459
38473
38487
38528
38541
38548
38568
38584
38640
38655
38738
38744
38752
38762
38766
38779
38790
38805
38822
38833
38839
38842
38844
38847
38903
38937
38939
38953
38970
38981
38992
39015
39022
39023
39045
39074
39089
39099
39100
39172
39199
39211
39284
39286
39296
39308
39310
39336
39340
39351
39362
39365
39379
39386
39407
39448
39459
39498
39508
39521
39537
39548
39578
39588
39603
39609
39612
39614
39620
39645
39653
39683
39764
39832
39852
39873
39893
39909
39917
39962
40032
40039
40039
40049
40070
40098
40203
40214
40261
40264
40264
40274
40278
40293
40312
40370
40376
40384
40397
40398
40409
40413
40415
40426
40426
40445
40447
40467
40529
40575
40584
40587
40588
40628
40632
40634
40637
40664
40680
40691
40710
40721
40732
40802
40808
40824
40830
40853
40860
40897
40912
40933
40937
40970
40974
40997
41010
41013
41014
41052
41059
41079
41081
41086
41111
41136
41173
41173
41230
41232
41234
41267
41305
41387
41436
41473
41534
41559
41577
41589
41617
41619
41621
41650
41662
41682
41705
41725
41776
41777
41814
41837
41861
41867
41874
41892
41914
41919
41951
41983
41986
41989
41992
42002
42023
42038
42052
42068
42073
42106
42114
42118
42122
42122
42127
42154
42180
42189
42193
42316
42331
42342
42343
42353
42382
42394
42404
42411
42417
42419
42431
42444
42453
42476
42485
42524
42569
42575
42589
42613
42642
42656
42667
42678
42718
42751
42756
42782
42799
42843
42848
42874
42950
42998
43014
43024
43025
43057
43086
43093
43100
43103
43112
43120
43127
43136
43145
43151
43162
43214
43258
43259
43278
43348
43366
43368
43369
43420
43466
43490
43563
43572
43588
43623
43626
43633
43658
43690
43699
43707
43723
43726
43730
43753
43767
43778
43811
43835
43842
43847
43903
43906
43913
43925
43942
43953
43984
44011
44040
44061
44075
44107
44126
44137
44180
44243
44247
44263
44266
44272
44345
44352
44383
44408
44413
44467
44472
44477
44502
44504
44518
44544
44544
44566
44604
44623
44652
44655
44663
44671
44715
44765
44783
44822
44828
44833
44837
44877
44929
44968
45001
45030
45033
45039
45046
45074
45107
45107
45109
45124
45145
45160
45163
45207
45214
45235
45236
45273
45277
45281
45318
45326
45340
45349
45396
45406
45434
45443
45464
45509
45594
45604
45633
45643
45653
45661
45664
45668
45724
45777
45782
45805
45841
45855
45866
45867
45896
45897
45903
45909
45910
45952
45963
45995
45998
46006
46009
46047
46060
46067
46068
46076
46090
46092
46109
46121
46122
46176
46219
46223
46230
46248
46248
46264
46286
46294
46296
46333
46334
46357
46410
46455
46470
46508
46537
46556
46570
46575
46599
46603
46619
46632
46667
46705
46720
46722
46864
46890
46966
46975
46984
46985
47001
47019
47048
47068
47089
47110
47110
47111
47135
47166
47171
47206
47232
47235
47254
47256
47281
47282
47320
47326
47339
47341
47348
47369
47398
47415
47432
47432
47439
47447
47452
47502
47509
47534
47601
47624
47629
47678
47727
47731
47739
47814
47819
47871
47889
47900
47903
47908
47942
47956
47977
47985
47998
48007
48007
48039
48041
48053
48058
48061
48066
48075
48081
48086
48126
48131
48148
48167
48177
48186
48193
48345
48356
48381
48442
48447
48471
48481
48498
48505
48508
48525
48549
48577
48593
48623
48635
48665
48675
48695
48708
48736
48775
48775
48818
48832
48860
48897
48917
48924
48955
48986
49030
49040
49044
49055
49107
49117
49141
49142
49162
49165
49170
49178
49199
49226
49226
49242
49242
49265
49284
49304
49319
49327
49335
49342
49368
49394
49407
49447
49463
49486
49491
49494
49531
49551
49555
49569
49578
49630
49640
49644
49651
49670
49694
49698
49729
49730
49769
49779
49783
49794
49814
49823
49836
49847
49894
49941
49948
50001
50006
50012
50029
50071
50129
50140
50156
50185
50222
50232
50282
50290
50300
50314
50317
50342
50361
50375
50411
50451
50458
50477
50503
50504
50527
50528
50531
50556
50572
50625
50629
50635
50653
50653
50667
50677
50679
50680
50683
50727
50733
50788
50817
50821
50847
50859
50880
50887
50892
50957
50964
50973
50974
51009
51021
51073
51128
51136
51144
51158
51166
51169
51203
51204
51213
51240
51240
51258
51260
51263
51286
51288
51303
51363
51399
51402
51421
51428
51434
51439
51440
51474
51482
51489
51539
51556
51559
51562
51582
51613
51623
51631
51643
51659
51709
51710
51717
51730
51744
51765
51774
51783
51784
51812
51816
51848
51859
51874
51886
51889
51907
51931
51948
51972
51987
52007
52060
52067
52076
52077
52089
52091
52119
52139
52153
52226
52253
52273
52297
52335
52354
52382
52389
52390
52407
52410
52412
52427
52465
52509
52527
52531
52536
52553
52573
52594
52598
52626
52627
52686
52689
52693
52723
52727
52734
52749
52769
52779
52781
52810
52817
52823
52830
52842
52863
52865
52937
52945
52949
52961
52993
53047
53052
53053
53061
53066
53069
53102
53110
53110
53122
53122
53131
53155
53158
53167
53192
53221
53226
53231
53281
53291
53325
53337
53344
53372
53382
53396
53402
53405
53422
53431
53506
53518
53595
53644
53650
53654
53670
53672
53687
53709
53714
53743
53744
53746
53762
53781
53783
53787
53881
53907
53909
53928
53970
53996
53999
54001
54059
54065
54068
54081
54105
54108
54112
54131
54143
54169
54253
54276
54310
54330
54342
54406
54409
54438
54447
54490
54493
54515
54520
54555
54571
54589
54594
54597
54606
54608
54627
54640
54669
54684
54695
54706
54712
54713
54721
54731
54770
54801
54814
54832
54846
54881
54924
54939
54956
54963
55006
55066
55077
55122
55148
55167
55203
55244
55251
55256
55256
55264
55265
55269
55271
55271
55273
55290
55299
55309
55310
55315
55369
55372
55388
55395
55412
55415
55426
55437
55450
55451
55453
55497
55531
55541
55611
55613
55625
55640
55675
55744
55762
55787
55863
55878
55888
55890
55897
55921
55947
55958
55959
55981
55990
56002
56005
56007
56015
56018
56018
56079
56090
56098
56101
56174
56176
56184
56189
56261
56268
56273
56296
56297
56315
56389
56391
56402
56418
56426
56432
56448
56451
56457
56525
56529
56542
56544
56561
56562
56613
56624
56661
56683
56698
56752
56760
56772
56778
56809
56844
56855
56875
56963
56973
56982
56997
57015
57019
57035
57036
57044
57046
57058
57064
57085
57095
57115
57124
57129
57140
57160
57186
57196
57202
57210
57223
57227
57248
57277
57295
57307
57308
57324
57335
57380
57416
57450
57453
57459
57488
57491
57493
57517
57552
57581
57589
57657
57705
57711
57742
57744
57782
57794
57816
57841
57867
57877
57902
57911
57939
57947
57951
57953
57959
57962
58001
58006
58024
58045
58057
58114
58180
58225
58232
58255
58256
58272
58290
58329
58335
58358
58388
58394
58396
58437
58437
58440
58443
58453
58459
58465
58503
58512
58558
58563
58565
58581
58586
58625
58634
58642
58660
58674
58680
58745
58754
58785
58818
58859
58860
58914
58946
58965
58981
58983
58993
59004
59060
59078
59111
59141
59168
59169
59207
59235
59239
59248
59289
59295
59313
59315
59372
59376
59386
59388
59391
59410
59462
59477
59486
59527
59532
59552
59560
59561
59624
59628
59678
59688
59688
59691
59695
59741
59762
59794
59801
59808
59823
59824
59836
59887
59890
59903
60006
60078
60103
60106
60157
60166
60172
60201
60215
60233
60255
60323
60336
60344
60367
60380
60403
60406
60447
60516
60522
60535
60548
60558
60559
60618
60629
60659
60705
60706
60736
60750
60771
60803
60808
60824
60826
60860
60882
60908
60917
60918
60921
60945
60957
60979
60988
61052
61082
61087
61141
61172
61173
61179
61218
61235
61237
61329
61365
61380
61431
61454
61470
61476
61499
61504
61560
61565
61576
61617
61620
61665
61697
61712
61730
61749
61754
61784
61799
61862
61916
61932
61942
61943
61946
61961
61981
62024
62040
62046
62055
62057
62074
62083
62086
62112
62126
62199
62223
62228
62248
62265
62279
62292
62300
62306
62307
62325
62378
62388
62459
62462
62566
62579
62618
62632
62640
62665
62688
62688
62709
62713
62725
62727
62863
62890
62945
62953
62959
63023
63072
63080
63093
63120
63121
63143
63145
63156
63160
63168
63185
63196
63221
63225
63226
63229
63233
63269
63306
63374
63381
63400
63401
63403
63420
63452
63465
63491
63511
63514
63526
63601
63668
63693
63700
63711
63717
63722
63736
63774
63808
63826
63866
63872
63873
63896
63910
63932
63938
63944
64069
64069
64099
64100
64140
64172
64186
64187
64190
64211
64218
64226
64242
64278
64280
64286
64326
64350
64350
64370
64379
64411
64431
64489
64496
64536
64547
64561
64579
64581
64590
64613
64634
64652
64661
64670
64716
64728
64768
64779
64832
64843
64848
64880
64920
64925
64926
64948
64953
64969
64985
65000
65000
65007
65021
65026
65100
65104
65104
65123
65124
65140
65166
65208
65212
65241
65288
65307
65315
65349
65396
65418
65436
65436
65437
65445
65475
65494
65509
65519
65545
65589
65593
65611
65646
65651
65697
65720
65723
65756
65766
65769
65787
65789
65802
65827
65873
65903
65910
65913
65927
65966
66006
66012
66032
66040
66050
66088
66091
66104
66110
66129
66138
66179
66207
66224
66270
66303
66307
66309
66312
66324
66358
66387
66392
66414
66415
66425
66435
66440
66483
66484
66486
66490
66503
66520
66521
66535
66592
66601
66608
66610
66617
66625
66731
66733
66738
66758
66790
66798
66801
66881
66887
66908
66927
66955
66965
66990
67020
67028
67029
67048
67052
67061
67101
67120
67124
67161
67193
67201
67253
67258
67275
67300
67313
67341
67348
67385
67409
67413
67435
67436
67452
67468
67491
67522
67549
67580
67606
67621
67621
67622
67646
67657
67673
67674
67685
67710
67744
67766
67771
67796
67797
67808
67816
67818
67822
67846
67851
67885
67887
67930
67931
68005
68021
68021
68025
68027
68069
68089
68093
68143
68159
68166
68170
68175
68187
68226
68250
68255
68273
68298
68303
68316
68385
68397
68410
68413
68417
68439
68471
68485
68527
68538
68582
68592
68602
68618
68638
68644
68656
68661
68662
68671
68680
68731
68766
68779
68791
68814
68823
68826
68828
68833
68862
68884
68922
68936
68955
68977
68983
69061
69068
69083
69131
69146
69146
69182
69184
69192
69235
69295
69310
69329
69331
69344
69352
69361
69362
69385
69393
69395
69401
69413
69423
69433
69463
69487
69522
69604
69607
69622
69655
69667
69733
69741
