134
180
377
400
400
405
410
524
563
600
631
662
773
880
918
1014
1060
1101
1246
1349
1381
1436
1499
1619
1636
1657
1674
1691
1704
1753
1951
2070
2377
2480
2480
2522
2612
2705
2747
2863
2896
3076
3134
3139
3220
3339
3428
3437
3510
3510
3574
3674
3771
4048
4110
4120
4167
4345
4369
4375
4415
4499
4597
4687
4805
5183
5270
5276
5311
5395
5650
5680
5753
5821
5829
5929
5945
5949
6083
6270
6294
6295
6315
6570
6650
6735
6735
6748
6816
6842
6957
7120
7150
7174
7380
7395
7405
7467
7549
7676
7695
7700
7706
7804
7846
7918
7960
8145
8150
8175
8184
8268
8287
8465
8541
8696
8728
8772
8877
8984
8987
9130
9149
9222
9277
9319
9325
9326
9397
9477
9491
9579
9634
9663
9729
9782
9821
9852
9873
9924
10105
10262
10340
10390
10462
10471
10756
10927
11059
11166
11293
11412
11495
11535
11729
11985
12111
12195
12203
12203
12237
12316
12644
12660
12759
12803
12937
13017
13209
13295
13342
13344
13382
13395
13413
13616
13629
13657
13690
13732
13741
13769
13775
13818
13851
13884
13918
13955
13999
14001
14053
14060
14139
14143
14149
14165
14283
14322
14372
14389
14406
14428
14665
14958
14982
15004
15016
15042
15079
15105
15109
15179
15416
15459
15466
15476
15596
15663
15698
15726
15846
15853
15974
15989
15992
16052
16056
16058
16146
16151
16349
16391
16492
16522
16528
16707
16724
16807
16835
16955
17314
17327
17394
17397
17409
17411
17453
17478
17500
17624
17664
17667
17709
17744
17748
17752
17781
17825
17838
17929
17939
18003
18047
18117
18270
18437
18800
18891
18891
19072
19134
19191
19220
19311
19321
19337
19439
19456
19559
19565
19610
19617
19654
19674
19709
19773
19818
19866
19872
19982
20091
20104
20177
20188
20218
20229
20256
20397
20489
20538
20590
20642
20658
20680
20688
20725
20735
20806
20847
21116
21228
21267
21367
21405
21487
21580
21599
21652
21697
21742
21757
21787
21827
21870
21874
21921
21976
22120
22152
22227
22338
22498
22567
22638
22661
22695
22798
22847
22854
22941
22950
22956
23150
23189
23193
23273
23276
23335
23345
23355
23382
23476
23503
23562
23582
23653
23664
23707
23714
23805
24090
24113
24217
24220
24221
24280
24295
24352
24431
24501
24545
24548
24599
24641
24827
24941
25012
25076
25183
25233
25234
25335
25418
25438
25470
25500
25517
25741
25788
25798
25819
25820
25851
25928
26161
26198
26200
26215
26245
26304
26313
26402
26538
26554
26617
26622
26646
26798
26897
27056
27066
27126
27144
27339
27366
27394
27421
27492
27515
27678
27694
27847
27883
27928
27958
28070
28256
28294
28368
28375
28395
28447
28594
28601
28722
28761
28900
28941
29038
29047
29091
29135
29148
29178
29178
29211
29224
29246
29439
29511
29675
29793
29866
29899
29910
29931
30164
30268
30438
30498
30624
30634
30644
30805
30835
30844
30918
31039
31055
31065
31073
31184
31359
31496
31611
31615
31622
31652
31723
31736
31742
31746
31772
31821
31855
31920
32080
32138
32160
32178
32216
32346
32348
32392
32455
32538
32546
32557
32566
32669
32792
32821
32827
32852
32887
32888
33007
33023
33054
33076
33340
33361
33365
33383
33411
33442
33493
33550
33651
33789
33805
33851
33924
33962
33990
34245
34308
34423
34534
34629
34860
34919
34928
34955
34997
35055
35074
35151
35191
35211
35242
35259
35381
35563
35673
35679
35734
35738
35767
35790
35833
35866
35961
35964
35977
36071
36131
36144
36209
36262
36300
36595
36661
36999
37048
37049
37148
37239
37308
37403
37415
37479
37493
37583
37641
37739
37795
37814
37825
37888
37950
38075
38338
38351
38386
38400
38414
38633
38703
38946
38947
38952
38984
39018
39026
39071
39098
39122
39154
39174
39298
39323
39399
39404
39564
39616
39719
39856
40021
40046
40093
40211
40373
40386
40426
40482
40640
40754
40758
40894
41096
41518
41545
41621
41657
41685
41714
41750
41779
41853
41863
41864
41922
41932
42188
42271
42287
42434
42469
42562
42736
42791
42846
42883
42920
42947
43034
43045
43080
43128
43146
43222
43245
43406
43505
43631
43634
43666
43690
43763
43835
43958
44165
44181
44222
44225
44277
44341
44343
44488
44491
44605
44634
44741
44835
44868
44909
44920
45038
45112
45159
45190
45204
45265
45395
45463
45472
45518
45580
45690
45704
45710
45757
45760
45899
45900
45916
45926
45930
45950
45997
46009
46047
46091
46106
46232
46266
46444
46472
46538
46555
46687
46718
46901
47038
47079
47104
47336
47346
47368
47383
47386
47388
47403
47445
47468
47483
47486
47510
47511
47571
47701
47719
47756
47859
47865
47952
47969
47971
48068
48084
48144
48218
48228
48251
48361
48364
48394
48426
48444
48445
48624
48692
48885
48937
48960
49036
49106
49160
49169
49175
49329
49485
49507
49668
49740
49805
49809
49992
49999
50061
50139
50179
50223
50223
50257
50497
50576
50602
50616
50630
50661
50686
50705
50721
50747
50754
50900
50948
50961
51000
51132
51155
51205
51304
51439
51441
51527
51632
51827
51881
51923
51957
51974
51984
52007
52077
52176
52272
52375
52476
52536
52632
52776
52845
52897
53077
53079
53336
53406
53461
53488
53560
53576
53740
53812
53911
53927
53950
54011
54018
54158
54305
54327
54435
54443
54498
54550
54566
54585
54588
54764
54790
54866
54868
54901
54926
54988
55021
55031
55077
55110
55153
55155
55232
55311
55323
55334
55406
55419
55422
55481
55538
55612
55673
55952
55989
56044
56163
56195
56218
56260
56284
56314
56334
56339
56375
56419
56507
56566
56590
56611
56647
56697
56775
56894
56925
57028
57102
57126
57159
57165
57175
57340
57341
57354
57476
57632
57741
57808
57985
57992
57997
58098
58219
58235
58351
58393
58398
58459
58460
58476
58509
58654
58654
58753
58802
58840
59096
59127
59142
59288
59298
59313
59442
59497
59730
59793
59846
59880
59943
59944
60027
60068
60161
60184
60185
60247
60306
60313
60340
60345
60473
60496
60560
60601
60663
60689
60720
60761
60761
60793
60807
60812
60823
60865
60905
61049
61204
61259
61371
61470
61617
61715
61722
61824
61833
62006
62244
62382
62449
62549
62666
62726
62783
62815
62857
62923
62923
62972
62996
63032
63039
63100
63125
63146
63158
63176
63339
63377
63384
63420
63689
63768
63772
63779
63797
63806
63828
63860
64013
64038
64045
64052
64238
64244
64252
64284
64397
64536
64557
64666
64740
64743
64746
64783
64987
65023
65032
65149
65192
65338
65371
65373
65559
65610
65681
65695
65749
65819
65834
65865
65879
65986
66064
66214
66281
66392
66591
66656
66661
66674
66825
67001
67179
67275
67308
67314
67322
67394
67415
67658
67801
67804
67840
67853
67859
67891
67898
67899
67908
68040
68082
68147
68237
68252
68381
68386
68401
68450
68663
68697
68722
68891
69027
69189
69252
69390
69483
69520
69692
