3
64
68
79
81
117
125
128
138
141
157
204
229
235
273
350
386
395
411
442
449
467
471
473
506
532
585
589
596
607
627
742
743
763
794
794
802
817
834
868
882
937
946
956
998
1018
1026
1058
1092
1172
1206
1216
1226
1239
1281
1282
1284
1334
1348
1415
1454
1462
1462
1517
1550
1560
1568
1572
1601
1684
1704
1714
1748
1777
1790
1826
1856
1906
1922
2039
2044
2080
2085
2126
2129
2146
2188
2286
2305
2319
2351
2379
2380
2408
2444
2447
2500
2560
2588
2613
2628
2675
2681
2703
2724
2754
2825
2886
2898
2901
2907
2952
2979
3031
3044
3068
3190
3195
3232
3232
3234
3243
3251
3332
3346
3470
3498
3513
3532
3545
3553
3556
3588
3595
3621
3629
3632
3644
3645
3645
3655
3689
3698
3703
3741
3762
3764
3769
3800
3803
3804
3808
3867
3885
3903
3920
3933
3968
4002
4005
4020
4086
4090
4164
4167
4194
4212
4243
4245
4253
4278
4306
4357
4422
4444
4480
4490
4513
4516
4544
4588
4630
4651
4721
4749
4814
4854
4867
4881
4882
4917
4921
4945
4970
4989
5037
5098
5126
5148
5165
5211
5221
5222
5289
5318
5334
5341
5349
5368
5368
5375
5441
5444
5474
5540
5596
5602
5605
5621
5679
5721
5760
5768
5805
5835
5867
5925
5933
5940
5981
5999
6009
6029
6047
6052
6077
6098
6101
6133
6143
6157
6194
6205
6325
6342
6353
6358
6361
6364
6401
6421
6432
6453
6472
6477
6530
6536
6612
6649
6704
6726
6762
6793
6814
6924
6929
6959
7029
7036
7092
7141
7151
7163
7170
7218
7278
7344
7348
7353
7371
7390
7479
7487
7564
7572
7612
7625
7679
7703
7725
7780
7785
7819
7835
7884
7904
7904
7909
7927
7939
7941
7943
8025
8079
8086
8107
8134
8148
8169
8172
8191
8235
8257
8326
8379
8386
8420
8451
8464
8497
8512
8528
8542
8556
8565
8614
8616
8649
8655
8660
8687
8688
8735
8784
8804
8815
8831
8843
8892
8896
8933
8967
8972
9013
9123
9134
9140
9163
9163
9173
9177
9193
9276
9277
9297
9304
9304
9331
9368
9387
9422
9537
9569
9569
9577
9614
9643
9652
9692
9693
9708
9772
9775
9790
9813
9822
9824
9847
9857
9884
9919
9944
9954
9997
10003
10113
10116
10159
10177
10190
10212
10243
10248
10277
10289
10373
10389
10436
10525
10533
10546
10581
10588
10633
10637
10644
10671
10715
10724
10764
10796
10796
10942
10955
11092
11157
11172
11204
11323
11343
11345
11346
11356
11374
11378
11394
11439
11472
11508
11524
11595
11597
11799
11808
11813
11858
11936
11975
12007
12025
12037
12049
12134
12181
12203
12253
12266
12278
12280
12343
12353
12356
12361
12409
12424
12452
12469
12470
12473
12542
12556
12572
12612
12653
12719
12834
12840
12865
12869
12923
12934
12986
13113
13125
13191
13221
13259
13285
13331
13335
13372
13385
13435
13437
13445
13473
13479
13513
13516
13535
13544
13690
13690
13844
13854
13882
13908
13978
13978
14007
14041
14051
14060
14102
14103
14108
14116
14117
14128
14150
14167
14238
14268
14391
14473
14514
14527
14538
14571
14599
14627
14683
14691
14727
14785
14785
14833
14836
14853
14859
14899
14907
14923
14925
14950
14980
14998
15032
15061
15075
15085
15098
15104
15113
15166
15186
15187
15212
15233
15240
15277
15349
15400
15401
15455
15545
15586
15624
15648
15661
15669
15714
15801
15850
15895
15906
15921
15956
15994
16061
16064
16091
16139
16146
16222
16276
16278
16280
16321
16354
16356
16406
16408
16430
16474
16477
16502
16577
16608
16622
16635
16658
16702
16703
16729
16760
16813
16827
16868
16874
16876
16883
16918
16929
16936
16964
16996
17034
17115
17139
17191
17208
17259
17333
17334
17342
17346
17374
17419
17432
17494
17502
17514
17515
17563
17602
17614
17731
17782
17791
17814
17902
17993
18010
18048
18054
18068
18153
18236
18324
18339
18379
18381
18460
18465
18566
18600
18632
18681
18725
18811
18816
18821
18822
18846
18847
18849
18869
18938
18968
18986
18991
19001
19088
19092
19138
19143
19148
19169
19210
19234
19234
19241
19264
19285
19330
19375
19399
19454
19484
19486
19488
19511
19541
19589
19635
19641
19672
19673
19677
19686
19717
19721
19813
19845
19849
19917
19950
19954
19982
19985
20041
20074
20145
20177
20178
20254
20255
20263
20278
20288
20337
20359
20404
20443
20468
20489
20507
20517
20575
20585
20619
20683
20732
20756
20795
20831
20832
20853
20859
20863
20893
20917
20977
20984
20995
21016
21057
21141
21149
21192
21214
21252
21310
21350
21368
21414
21423
21443
21486
21492
21539
21546
21613
21616
21616
21624
21674
21693
21715
21768
21789
21800
21801
21856
21869
21870
21879
21916
21935
21954
21999
22050
22059
22065
22093
22095
22107
22122
22229
22239
22246
22268
22278
22290
22291
22350
22378
22382
22394
22407
22438
22440
22482
22530
22602
22741
22760
22787
22800
22814
22825
22848
22856
22898
22942
22949
22955
22972
23027
23036
23136
23177
23181
23195
23214
23231
23263
23298
23382
23409
23420
23496
23515
23522
23637
23715
23718
23725
23771
23881
23905
23924
23931
23942
23968
24045
24049
24075
24101
24108
24179
24233
24304
24428
24443
24456
24492
24510
24543
24624
24676
24689
24844
24878
24888
24905
24984
25004
25073
25119
25186
25220
25238
25265
25293
25321
25333
25343
25349
25375
25386
25411
25432
25477
25522
25537
25551
25555
25570
25591
25698
25769
25776
25788
25799
25840
25864
25885
25895
25902
25913
25955
25958
25982
25988
26048
26066
26087
26101
26109
26112
26129
26154
26157
26175
26180
26218
26238
26268
26338
26476
26494
26615
26622
26628
26684
26700
26821
26933
26981
27006
27028
27091
27097
27121
27126
27140
27158
27170
27175
27187
27341
27360
27367
27381
27384
27386
27400
27400
27433
27434
27439
27481
27491
27502
27523
27532
27541
27546
27556
27626
27668
27673
27745
27816
27867
27874
27922
27931
27969
27972
28002
28025
28025
28099
28113
28116
28129
28136
28184
28196
28201
28227
28272
28289
28345
28371
28371
28371
28386
28390
28413
28414
28468
28471
28485
28489
28567
28592
28622
28729
28740
28741
28755
28768
28780
28794
28823
28829
28894
28912
28918
29000
29017
29164
29177
29197
29202
29210
29218
29271
29282
29296
29339
29416
29429
29463
29528
29573
29614
29631
29633
29743
29759
29780
29793
29808
29811
29845
29871
29943
29977
29979
30006
30038
30042
30062
30176
30177
30204
30225
30270
30287
30315
30316
30461
30491
30493
30533
30541
30542
30576
30618
30641
30647
30661
30664
30715
30729
30730
30732
30759
30863
30973
30973
31110
31129
31187
31204
31206
31209
31220
31226
31234
31236
31245
31252
31256
31261
31268
31268
31351
31360
31363
31371
31394
31409
31412
31489
31495
31553
31559
31573
31583
31605
31607
31610
31622
31653
31668
31675
31681
31685
31699
31763
31778
31787
31836
31847
31867
31896
31944
31956
31964
31993
32019
32077
32086
32092
32141
32171
32198
32213
32229
32243
32256
32296
32299
32349
32349
32349
32371
32377
32386
32391
32419
32444
32513
32584
32624
32651
32655
32656
32707
32708
32756
32758
32819
32905
32929
33011
33019
33087
33146
33147
33152
33158
33193
33216
33242
33263
33303
33308
33313
33316
33324
33332
33379
33383
33415
33456
33466
33492
33494
33506
33518
33538
33625
33629
33640
33706
33713
33741
33845
33852
33887
33897
33921
33944
33964
34010
34014
34017
34068
34152
34178
34263
34266
34274
34326
34354
34392
34449
34451
34451
34451
34570
34591
34635
34691
34781
34785
34786
34788
34838
34860
34870
34899
34928
34934
34935
34941
34957
34967
34981
34985
35076
35084
35114
35130
35158
35163
35167
35180
35205
35206
35290
35303
35333
35335
35367
35413
35451
35496
35514
35523
35542
35553
35564
35565
35594
35615
35621
35645
35741
35746
35754
35757
35779
35812
35831
35835
35858
35874
35897
35924
35934
36028
36029
36053
36061
36066
36077
36094
36138
36140
36164
36166
36170
36249
36283
36294
36300
36382
36421
36425
36454
36573
36584
36629
36636
36638
36639
36658
36660
36664
36665
36680
36727
36756
36773
36784
36785
36817
36859
36914
36918
36956
37022
37060
37069
37092
37102
37151
37180
37193
37272
37287
37366
37389
37412
37493
37525
37531
37584
37603
37656
37740
37745
37771
37771
37777
37795
37847
37865
37879
37908
37934
37947
37975
37975
38002
38009
38010
38043
38088
38214
38230
38272
38286
38319
38333
38349
38379
38438
38441
38471
38499
38508
38587
38596
38642
38649
38673
38690
38728
38749
38750
38760
38799
38820
38820
38845
38884
38895
38910
38915
38984
39076
39093
39129
39132
39159
39160
39192
39222
39288
39307
39348
39358
39400
39455
39468
39504
39548
39665
39678
39691
39727
39746
39754
39807
39841
39862
39988
39992
40000
40002
40034
40041
40060
40065
40083
40107
40150
40201
40203
40209
40264
40270
40309
40354
40367
40374
40376
40393
40406
40474
40553
40554
40555
40682
40735
40739
40797
40807
40809
40831
40841
40899
40903
40921
40958
40971
41050
41073
41119
41141
41146
41158
41172
41208
41211
41233
41331
41346
41360
41371
41433
41448
41451
41471
41475
41518
41536
41536
41567
41567
41581
41582
41615
41640
41669
41678
41696
41743
41781
41845
41893
41909
41941
41997
42032
42076
42087
42148
42207
42243
42310
42327
42338
42358
42360
42438
42468
42497
42517
42521
42521
42529
42544
42614
42639
42675
42712
42726
42777
42811
42892
42927
42956
42999
43029
43045
43050
43128
43132
43138
43170
43198
43327
43377
43381
43394
43487
43521
43642
43675
43705
43753
43767
43842
43850
43851
43857
43940
43961
44080
44084
44111
44137
44163
44181
44186
44246
44253
44270
44337
44342
44364
44403
44512
44546
44551
44557
44591
44612
44636
44636
44659
44659
44661
44703
44703
44752
44820
44820
44823
44861
44915
44933
44934
44954
45004
45025
45033
45053
45056
45077
45078
45083
45147
45155
45170
45173
45181
45201
45207
45231
45253
45285
45413
45416
45421
45428
45429
45448
45548
45585
45593
45639
45655
45682
45691
45725
45770
45781
45794
45825
45826
45920
45968
46081
46101
46105
46187
46189
46221
46282
46307
46311
46311
46315
46327
46329
46398
46406
46445
46460
46464
46486
46523
46549
46555
46559
46567
46573
46599
46606
46624
46698
46707
46730
46770
46772
46816
46821
46825
46846
46865
46906
46925
47016
47018
47021
47033
47038
47048
47050
47074
47105
47171
47204
47206
47222
47316
47324
47344
47354
47370
47467
47494
47584
47640
47651
47705
47757
47766
47766
47809
47814
47820
47889
47905
47942
47982
47989
48032
48033
48071
48106
48113
48133
48157
48199
48256
48269
48279
48300
48322
48332
48368
48415
48424
48459
48460
48525
48543
48554
48563
48674
48725
48730
48732
48752
48772
48791
48820
48901
48958
48964
48992
49028
49044
49092
49144
49152
49158
49242
49244
49359
49389
49397
49398
49450
49454
49484
49497
49587
49609
49611
49620
49627
49660
49660
49670
49763
49813
49831
49857
49859
49880
49882
49890
49924
49948
49969
50005
50021
50026
50137
50155
50160
50179
50218
50248
50298
50367
50408
50415
50425
50434
50529
50560
50591
50622
50724
50745
50845
50881
50899
50945
50959
50976
51004
51046
51055
51115
51185
51186
51217
51251
51276
51291
51291
51328
51355
51359
51474
51479
51489
51490
51494
51500
51502
51560
51568
51575
51582
51593
51660
51661
51725
51813
51853
51864
51910
51915
51929
52011
52015
52040
52068
52126
52136
52143
52144
52165
52177
52189
52211
52275
52309
52371
52378
52434
52443
52495
52513
52545
52548
52555
52591
52643
52750
52758
52764
52790
52813
52833
52859
52872
52875
52881
52889
52923
52924
52931
52990
53048
53050
53123
53138
53141
53210
53225
53236
53266
53271
53289
53290
53362
53375
53383
53470
53506
53509
53542
53543
53563
53578
53593
53614
53631
53641
53672
53708
53746
53828
53834
53877
53878
53882
53919
53931
54019
54024
54036
54044
54073
54176
54186
54224
54314
54331
54337
54385
54399
54419
54421
54478
54501
54526
54547
54593
54679
54697
54855
54861
54878
54894
54925
54940
54975
54985
55040
55061
55095
55117
55145
55167
55206
55220
55228
55258
55279
55281
55306
55318
55318
55326
55377
55377
55381
55385
55394
55407
55441
55447
55472
55474
55488
55502
55526
55634
55638
55697
55706
55723
55754
55777
55778
55788
55828
55831
55859
55917
55921
55975
55982
55985
55989
55997
56032
56035
56055
56109
56113
56122
56124
56130
56223
56245
56263
56320
56349
56352
56353
56363
56400
56418
56454
56456
56464
56472
56475
56485
56589
56603
56608
56612
56613
56622
56675
56747
56779
56806
56815
56962
56975
57004
57008
57061
57066
57141
57179
57244
57254
57329
57402
57409
57412
57457
57490
57501
57558
57630
57660
57665
57667
57702
57708
57830
57883
57908
57945
57951
58011
58088
58109
58155
58200
58207
58237
58238
58244
58277
58281
58292
58343
58344
58344
58350
58379
58405
58472
58487
58545
58699
58702
58713
58725
58728
58754
58869
58893
58920
58938
59018
59060
59068
59080
59097
59102
59164
59185
59194
59213
59235
59237
59280
59287
59290
59295
59335
59356
59360
59419
59508
59557
59606
59612
59639
59648
59705
59800
59860
59871
59880
59947
59970
59988
60040
60044
60062
60069
60104
60107
60127
60195
60261
60286
60343
60426
60435
60469
60490
60508
60517
60546
60593
60598
60614
60641
60677
60698
60762
60783
60796
60816
60863
60914
60944
60945
60950
61014
61039
61042
61054
61057
61087
61089
61089
61099
61111
61112
61116
61124
61144
61171
61188
61190
61222
61230
61239
61249
61330
61355
61444
61470
61490
61501
61542
61544
61579
61581
61586
61600
61657
61658
61786
61798
61832
61872
61930
61933
61953
61971
61978
61992
61993
62014
62072
62076
62145
62228
62238
62281
62310
62329
62358
62371
62376
62393
62393
62412
62416
62508
62523
62548
62593
62645
62678
62687
62707
62720
62725
62735
62770
62791
62807
62842
62853
62861
62868
62875
62886
62895
62913
62948
62992
63008
63101
63120
63162
63162
63167
63186
63209
63232
63299
63299
63304
63319
63410
63481
63493
63553
63564
63600
63615
63620
63629
63682
63688
63696
63710
63729
63752
63767
63803
63891
63935
63948
63965
63983
64001
64006
64013
64028
64042
64064
64066
64136
64166
64208
64208
64215
64216
64226
64229
64234
64237
64251
64292
64302
64337
64354
64368
64380
64389
64414
64421
64450
64451
64474
64488
64504
64537
64584
64616
64617
64624
64682
64688
64696
64713
64749
64798
64817
64834
64847
64855
64930
64986
65004
65013
65014
65059
65075
65131
65186
65203
65259
65287
65309
65350
65369
65417
65469
65498
65538
65559
65568
65586
65604
65609
65621
65622
65642
65699
65749
65751
65776
65800
65817
65828
65852
65869
65918
65942
65948
66003
66115
66132
66151
66159
66162
66164
66170
66177
66195
66247
66247
66248
66269
66273
66311
66335
66346
66367
66391
66409
66422
66432
66434
66448
66450
66460
66472
66480
66480
66492
66521
66536
66543
66594
66641
66655
66671
66745
66763
66767
66831
66832
66857
66936
66942
67038
67049
67059
67071
67080
67092
67120
67126
67135
67156
67174
67181
67252
67394
67429
67471
67481
67495
67503
67565
67588
67597
67611
67676
67677
67692
67708
67726
67777
67835
67841
67848
67887
67894
67896
67901
67916
67934
67985
68026
68060
68077
68117
68159
68190
68215
68228
68256
68289
68293
68312
68322
68370
68408
68496
68504
68543
68555
68585
68612
68661
68693
68694
68718
68741
68803
68838
68874
68876
68878
68881
68969
68984
68985
69016
69091
69136
69184
69192
69195
69200
69252
69287
69318
69331
69425
69482
69498
69504
69514
69520
69526
69526
69563
69567
69584
69598
69617
69675
69695
69730
69741
