13
18
34
61
61
62
83
84
85
112
119
120
136
138
163
165
166
167
173
174
177
178
205
212
219
235
249
252
275
286
291
298
299
308
335
345
363
380
384
385
396
404
417
422
447
473
512
528
532
545
549
561
600
603
606
628
651
675
702
727
737
737
742
767
805
806
827
827
853
860
923
925
939
953
960
961
962
981
1010
1015
1017
1028
1030
1033
1041
1046
1049
1054
1074
1080
1123
1135
1151
1163
1174
1187
1200
1204
1205
1216
1217
1254
1257
1282
1308
1318
1327
1327
1332
1335
1369
1372
1385
1416
1418
1427
1432
1452
1468
1468
1470
1500
1520
1541
1543
1553
1555
1615
1625
1632
1654
1689
1698
1727
1764
1765
1772
1782
1783
1783
1791
1805
1861
1863
1872
1882
1882
1883
1899
1907
1921
1953
1965
1988
1999
2008
2019
2021
2022
2048
2050
2073
2093
2094
2105
2126
2153
2170
2176
2176
2179
2190
2200
2213
2223
2236
2263
2275
2282
2289
2294
2300
2316
2317
2333
2374
2382
2399
2413
2499
2515
2517
2536
2543
2548
2571
2581
2601
2612
2672
2674
2677
2692
2695
2701
2749
2751
2767
2783
2788
2791
2793
2798
2798
2818
2827
2845
2857
2890
2895
2895
2897
2922
2932
2935
2948
2950
2976
2978
2978
2979
2979
2984
2987
2998
3025
3029
3041
3042
3055
3074
3079
3081
3083
3113
3117
3122
3139
3146
3151
3165
3181
3183
3222
3242
3266
3271
3278
3281
3330
3338
3340
3347
3347
3374
3379
3393
3394
3396
3405
3438
3449
3452
3475
3478
3500
3562
3565
3580
3603
3616
3627
3632
3636
3676
3682
3709
3718
3738
3759
3774
3776
3778
3832
3834
3846
3881
3893
3902
3930
3987
3993
4000
4013
4030
4032
4047
4074
4089
4102
4106
4110
4137
4152
4157
4157
4166
4166
4193
4202
4208
4223
4229
4250
4254
4255
4260
4285
4292
4293
4331
4339
4342
4354
4358
4377
4386
4388
4451
4468
4486
4490
4510
4514
4532
4545
4552
4584
4649
4650
4679
4691
4701
4702
4708
4718
4771
4814
4828
4864
4892
4894
4916
4919
4920
4929
4964
4971
5021
5032
5033
5035
5040
5044
5055
5077
5108
5115
5118
5124
5125
5126
5142
5154
5159
5215
5230
5244
5258
5284
5291
5304
5311
5321
5322
5364
5399
5413
5425
5432
5441
5449
5451
5464
5513
5531
5539
5555
5555
5558
5560
5560
5565
5568
5570
5596
5667
5673
5675
5693
5695
5704
5708
5717
5729
5732
5738
5775
5798
5798
5806
5808
5817
5830
5846
5850
5880
5894
5911
5941
5960
5961
5968
5975
5993
6002
6018
6022
6043
6064
6092
6096
6123
6128
6151
6151
6156
6160
6166
6182
6184
6186
6197
6203
6220
6233
6257
6286
6312
6334
6334
6370
6370
6375
6386
6402
6411
6420
6437
6438
6445
6477
6478
6483
6509
6522
6554
6560
6606
6617
6652
6670
6749
6755
6759
6782
6792
6811
6843
6848
6893
6904
6914
6935
6936
6942
6955
6956
6980
6981
6982
6995
7041
7045
7048
7105
7114
7127
7132
7181
7189
7204
7212
7214
7250
7256
7276
7279
7284
7313
7323
7382
7391
7393
7406
7408
7462
7483
7508
7510
7523
7525
7525
7532
7537
7537
7545
7547
7566
7573
7579
7587
7606
7618
7637
7641
7660
7665
7673
7677
7682
7702
7728
7735
7768
7781
7796
7802
7803
7826
7828
7882
7886
7892
7917
7918
7924
7928
7939
7945
7951
7954
7956
7959
7960
7984
7996
7997
7999
8001
8030
8032
8041
8061
8083
8095
8122
8138
8144
8152
8160
8162
8166
8182
8184
8201
8211
8214
8224
8229
8259
8273
8284
8289
8319
8330
8332
8335
8342
8353
8355
8360
8379
8389
8436
8437
8442
8446
8461
8466
8468
8481
8481
8482
8486
8502
8517
8525
8541
8545
8551
8565
8568
8572
8578
8584
8585
8585
8593
8600
8615
8627
8644
8650
8657
8687
8716
8720
8753
8759
8766
8778
8780
8783
8798
8824
8871
8884
8885
8891
8916
8938
8942
8962
8963
8969
8980
8990
8998
9007
9009
9011
9012
9079
9090
9092
9103
9103
9114
9118
9124
9139
9141
9143
9148
9153
9199
9208
9222
9225
9244
9272
9274
9296
9329
9335
9339
9340
9350
9353
9355
9374
9378
9381
9398
9405
9406
9409
9434
9448
9461
9472
9473
9479
9492
9495
9495
9506
9511
9527
9568
9576
9614
9627
9634
9680
9687
9688
9690
9690
9720
9724
9728
9780
9801
9803
9809
9820
9830
9832
9876
9890
9900
9905
9923
9926
9927
9927
9936
9943
9981
9984
9999
10005
10012
10029
10038
10044
10052
10063
10099
10121
10123
10159
10170
10173
10178
10191
10229
10242
10244
10257
10264
10322
10347
10349
10353
10358
10363
10377
10381
10388
10395
10412
10428
10431
10450
10462
10466
10468
10472
10475
10486
10495
10535
10548
10575
10588
10625
10648
10655
10663
10684
10692
10739
10766
10780
10781
10784
10843
10851
10870
10883
10884
10889
10906
10918
10928
10933
10949
10958
10969
11003
11004
11044
11057
11067
11078
11092
11124
11126
11156
11162
11164
11184
11214
11224
11227
11229
11253
11258
11262
11265
11279
11311
11318
11337
11343
11363
11383
11413
11428
11459
11468
11489
11500
11554
11593
11605
11618
11634
11644
11654
11660
11668
11674
11677
11679
11741
11764
11774
11783
11803
11809
11815
11824
11837
11838
11851
11860
11881
11885
11896
11931
11942
11943
11944
11947
11954
11954
11959
11974
12019
12073
12075
12116
12124
12130
12133
12149
12160
12179
12228
12255
12262
12263
12275
12280
12286
12317
12342
12348
12370
12370
12398
12401
12402
12409
12410
12434
12445
12457
12464
12475
12519
12532
12553
12553
12585
12598
12601
12603
12605
12605
12607
12612
12618
12628
12641
12647
12657
12673
12673
12742
12754
12755
12768
12769
12781
12803
12815
12820
12849
12872
12889
12890
12910
12924
12937
12957
12966
12981
12997
13013
13024
13032
13059
13072
13102
13119
13122
13135
13167
13178
13218
13237
13244
13247
13254
13256
13282
13297
13299
13316
13317
13362
13364
13369
13383
13400
13406
13416
13434
13459
13469
13472
13473
13514
13514
13517
13539
13575
13578
13602
13602
13604
13618
13621
13624
13648
13649
13651
13668
13670
13672
13700
13743
13759
13777
13778
13799
13805
13822
13835
13846
13852
13856
13859
13865
13875
13876
13898
13913
13955
14001
14015
14020
14035
14056
14074
14080
14080
14081
14098
14099
14113
14136
14146
14150
14154
14155
14161
14163
14175
14180
14219
14239
14244
14302
14313
14333
14341
14344
14362
14369
14381
14407
14409
14409
14435
14443
14460
14461
14466
14489
14527
14560
14575
14578
14583
14587
14600
14627
14629
14636
14663
14666
14678
14703
14722
14735
14745
14756
14763
14783
14810
14860
14866
14913
14929
14929
14966
14989
14990
14998
14999
15023
15053
15057
15084
15084
15096
15151
15166
15169
15169
15177
15186
15228
15250
15282
15290
15298
15316
15337
15364
15369
15384
15384
15410
15411
15419
15444
15462
15494
15581
15582
15591
15602
15611
15613
15620
15620
15621
15629
15630
15638
15670
15682
15690
15711
15746
15755
15768
15772
15789
15876
15881
15889
15899
15914
15943
15947
15947
15961
15985
15999
16007
16009
16029
16055
16076
16082
16085
16104
16133
16152
16176
16184
16201
16204
16204
16204
16209
16237
16246
16285
16294
16298
16300
16306
16309
16318
16349
16398
16525
16538
16584
16592
16594
16604
16606
16615
16622
16626
16649
16675
16689
16689
16691
16693
16694
16703
16717
16726
16731
16732
16738
16761
16805
16856
16903
16908
16915
16942
16958
16963
16983
16985
16997
17004
17004
17013
17013
17017
17069
17070
17097
17100
17108
17109
17110
17110
17123
17149
17160
17170
17175
17194
17195
17197
17202
17207
17236
17242
17243
17262
17315
17315
17342
17343
17382
17392
17396
17399
17452
17472
17474
17484
17498
17510
17511
17512
17531
17541
17557
17558
17568
17587
17612
17634
17636
17661
17663
17688
17693
17706
17710
17713
17714
17719
17725
17734
17735
17763
17770
17783
17802
17810
17837
17843
17862
17866
17866
17870
17875
17875
17891
17917
17933
17939
17948
17998
18000
18006
18053
18062
18083
18086
18099
18102
18145
18151
18160
18165
18167
18168
18180
18181
18202
18207
18221
18222
18226
18227
18233
18245
18265
18267
18288
18299
18315
18318
18340
18348
18348
18362
18373
18373
18386
18405
18406
18412
18422
18442
18458
18462
18479
18481
18503
18534
18607
18613
18647
18650
18651
18653
18679
18679
18691
18703
18707
18725
18727
18728
18741
18765
18777
18785
18796
18806
18806
18813
18817
18819
18819
18875
18897
18902
18956
18958
18961
18972
18985
19011
19013
19036
19045
19079
19128
19142
19150
19172
19186
19193
19239
19250
19259
19279
19280
19343
19349
19379
19414
19419
19429
19446
19449
19454
19478
19543
19556
19563
19581
19583
19584
19593
19606
19631
19666
19668
19675
19675
19676
19737
19755
19786
19803
19810
19816
19821
19826
19841
19843
19848
19852
19853
19854
19886
19902
19904
19938
19951
19962
19979
19979
19982
20001
20001
20008
20013
20020
20026
20049
20057
20062
20068
20093
20093
20116
20123
20131
20134
20135
20151
20152
20154
20156
20180
20197
20198
20207
20217
20250
20256
20296
20328
20337
20348
20348
20359
20454
20471
20485
20497
20499
20513
20534
20538
20545
20547
20547
20583
20602
20614
20621
20630
20632
20645
20650
20653
20661
20696
20710
20713
20718
20725
20731
20741
20769
20769
20770
20781
20785
20790
20810
20825
20833
20872
20882
20885
20900
20901
20902
20905
20917
20935
20938
20945
20970
20984
21007
21024
21028
21038
21038
21054
21058
21080
21084
21113
21121
21129
21132
21163
21172
21183
21207
21212
21220
21224
21273
21282
21296
21300
21324
21326
21327
21328
21336
21343
21346
21353
21365
21400
21417
21426
21440
21441
21450
21482
21489
21522
21525
21528
21528
21532
21545
21556
21557
21562
21577
21581
21602
21620
21627
21651
21652
21688
21706
21720
21746
21772
21775
21792
21793
21801
21810
21811
21866
21893
21900
21908
21930
21930
21933
21945
21959
21974
21986
21990
22015
22015
22031
22036
22064
22122
22124
22133
22154
22157
22161
22181
22194
22197
22216
22217
22230
22234
22235
22237
22254
22279
22280
22295
22314
22342
22350
22389
22394
22400
22405
22416
22454
22459
22472
22484
22488
22500
22502
22504
22509
22525
22525
22526
22529
22540
22562
22592
22594
22624
22630
22673
22677
22694
22709
22733
22788
22789
22802
22844
22869
22918
22922
22927
22932
22945
22950
22966
22977
22981
22982
23015
23021
23024
23041
23042
23084
23086
23088
23102
23132
23133
23135
23152
23183
23188
23194
23205
23206
23216
23248
23257
23257
23311
23321
23323
23344
23345
23363
23367
23370
23381
23383
23397
23399
23418
23428
23441
23487
23489
23490
23496
23518
23539
23539
23546
23551
23554
23562
23584
23588
23601
23624
23638
23653
23662
23677
23724
23747
23754
23757
23772
23791
23804
23817
23837
23844
23846
23853
23869
23909
23918
23926
23929
23972
23980
23980
23980
23985
24027
24033
24034
24089
24108
24120
24144
24160
24180
24194
24201
24217
24237
24242
24248
24250
24262
24266
24278
24281
24290
24310
24318
24338
24355
24373
24373
24388
24402
24412
24415
24420
24434
24435
24524
24529
24545
24547
24574
24575
24592
24596
24597
24606
24615
24617
24619
24623
24626
24634
24636
24651
24654
24664
24681
24704
24706
24711
24720
24722
24725
24731
24733
24743
24752
24755
24756
24762
24765
24770
24822
24835
24850
24852
24863
24871
24876
24877
24878
24885
24898
24913
24940
24941
24942
24948
24981
24983
24986
24999
25003
25030
25034
25053
25054
25055
25055
25068
25072
25081
25088
25091
25102
25104
25115
25119
25152
25196
25236
25246
25258
25260
25261
25265
25290
25302
25318
25320
25322
25332
25332
25339
25341
25343
25350
25367
25407
25420
25422
25423
25424
25431
25460
25486
25487
25493
25520
25578
25580
25582
25610
25619
25622
25629
25639
25640
25644
25676
25680
25682
25683
25688
25689
25690
25708
25708
25715
25720
25723
25736
25753
25792
25803
25803
25825
25853
25874
25880
25887
25889
25905
25925
25926
25926
25930
25960
25964
25970
25975
26002
26009
26035
26035
26036
26061
26087
26087
26087
26139
26143
26154
26158
26180
26223
26238
26251
26277
26301
26311
26322
26328
26335
26344
26388
26395
26413
26414
26416
26417
26418
26423
26443
26487
26488
26515
26516
26533
26543
26561
26572
26574
26575
26575
26593
26607
26626
26649
26677
26693
26703
26706
26719
26730
26785
26798
26813
26834
26834
26836
26840
26845
26863
26868
26877
26887
26916
26935
26940
26964
26973
26979
26981
26981
26996
27012
27023
27039
27045
27051
27053
27054
27066
27088
27094
27101
27103
27104
27105
27106
27127
27148
27181
27194
27201
27214
27219
27229
27251
27259
27259
27266
27271
27277
27304
27321
27343
27354
27363
27395
27410
27411
27417
27426
27438
27444
27445
27449
27454
27521
27533
27535
27535
27547
27574
27590
27601
27620
27636
27647
27651
27651
27688
27697
27703
27708
27726
27733
27742
27743
27764
27775
27776
27786
27817
27846
27855
27861
27869
27875
27876
27902
27906
27909
27916
27921
27923
27932
27979
27985
27998
28022
28026
28065
28065
28081
28092
28103
28119
28140
28193
28195
28225
28229
28241
28248
28280
28292
28330
28356
28363
28374
28381
28385
28397
28414
28420
28427
28449
28453
28509
28510
28514
28542
28547
28558
28566
28575
28587
28589
28610
28624
28625
28632
28683
28695
28707
28709
28713
28744
28778
28794
28802
28807
28813
28833
28850
28855
28876
28886
28912
28925
28948
28962
28976
28984
28986
29006
29016
29024
29029
29091
29094
29096
29104
29106
29107
29112
29166
29180
29208
29221
29227
29237
29255
29298
29298
29326
29333
29339
29347
29361
29364
29414
29437
29445
29504
29531
29534
29544
29565
29583
29586
29597
29599
29601
29605
29606
29607
29640
29665
29665
29673
29675
29688
29736
29738
29744
29748
29753
29757
29761
29767
29786
29803
29824
29836
29842
29876
29897
29941
29954
30004
30008
30011
30014
30032
30034
30047
30048
30058
30072
30075
30087
30095
30099
30106
30108
30118
30118
30149
30156
30164
30165
30169
30170
30171
30177
30179
30181
30186
30209
30209
30218
30224
30228
30230
30231
30242
30248
30253
30257
30261
30278
30283
30298
30302
30310
30323
30324
30331
30360
30376
30378
30395
30401
30408
30410
30443
30449
30451
30469
30470
30480
30490
30497
30516
30554
30564
30607
30647
30651
30665
30669
30675
30677
30697
30706
30714
30725
30734
30735
30758
30783
30790
30797
30885
30911
30912
30933
30967
30972
30985
30999
31004
31004
31033
31052
31059
31063
31066
31071
31093
31098
31105
31124
31129
31140
31167
31215
31220
31227
31228
31271
31271
31276
31281
31300
31389
31413
31414
31448
31448
31482
31496
31503
31536
31549
31557
31576
31576
31581
31589
31632
31653
31655
31661
31690
31692
31703
31706
31707
31707
31718
31724
31750
31756
31761
31832
31850
31860
31864
31903
31904
31904
31912
31917
31925
31946
31952
31969
31971
31985
31992
32017
32028
32038
32052
32058
32062
32098
32099
32116
32119
32122
32131
32141
32150
32157
32163
32174
32186
32189
32192
32204
32215
32229
32233
32234
32269
32283
32285
32302
32321
32325
32327
32334
32368
32404
32453
32482
32526
32529
32535
32551
32558
32561
32569
32575
32580
32602
32615
32640
32643
32648
32654
32655
32658
32682
32692
32695
32696
32698
32700
32732
32784
32791
32804
32817
32824
32834
32848
32854
32902
32931
32933
32958
32960
32960
32965
32975
32991
32991
33000
33007
33007
33022
33040
33045
33064
33087
33109
33142
33158
33159
33168
33175
33178
33184
33220
33231
33244
33249
33270
33275
33283
33318
33321
33325
33346
33348
33353
33409
33449
33474
33476
33501
33509
33517
33528
33528
33544
33548
33565
33576
33583
33584
33588
33621
33636
33655
33684
33694
33725
33731
33813
33823
33847
33871
33875
33876
33876
33885
33909
33919
33923
33937
33989
33991
34020
34022
34043
34045
34052
34074
34099
34106
34110
34125
34139
34148
34158
34167
34188
34197
34222
34227
34228
34274
34295
34300
34300
34326
34332
34357
34375
34397
34429
34435
34482
34487
34492
34502
34504
34519
34524
34531
34536
34537
34557
34571
34592
34632
34634
34653
34671
34677
34685
34701
34714
34742
34751
34753
34756
34783
34783
34802
34840
34842
34852
34865
34868
34881
34890
34893
34901
34907
34907
34912
34916
34916
34923
34948
34951
34967
34981
34986
34993
35025
35026
35028
35031
35044
35048
35071
35073
35077
35088
35091
35093
35103
35116
35123
35236
35263
35318
35338
35375
35401
35403
35405
35415
35424
35424
35425
35425
35430
35433
35451
35496
35523
35535
35539
35539
35549
35551
35560
35560
35572
35585
35611
35621
35626
35634
35649
35650
35659
35686
35706
35715
35736
35738
35752
35764
35790
35802
35831
35862
35876
35911
35927
35945
35948
35978
35995
36017
36046
36055
36057
36059
36066
36070
36087
36090
36098
36098
36100
36132
36148
36149
36158
36175
36199
36201
36224
36225
36232
36245
36293
36301
36309
36325
36329
36365
36376
36377
36380
36391
36405
36443
36446
36465
36469
36473
36475
36503
36527
36545
36546
36550
36569
36585
36587
36588
36605
36626
36637
36638
36654
36665
36669
36675
36685
36686
36696
36710
36712
36720
36743
36767
36795
36799
36799
36823
36829
36836
36843
36884
36893
36896
36913
36956
36959
36973
37009
37009
37042
37045
37058
37060
37076
37098
37119
37157
37158
37172
37176
37231
37250
37264
37270
37274
37280
37315
37333
37349
37362
37401
37418
37422
37445
37464
37472
37488
37496
37505
37505
37509
37524
37558
37577
37592
37595
37597
37603
37624
37626
37635
37639
37640
37642
37681
37682
37722
37750
37782
37793
37840
37843
37860
37868
37879
37879
37894
37903
37913
37936
37941
37964
38016
38026
38061
38074
38100
38145
38147
38169
38198
38202
38212
38214
38216
38228
38238
38248
38283
38298
38300
38303
38306
38315
38365
38370
38388
38405
38466
38467
38482
38517
38527
38527
38538
38549
38575
38581
38584
38601
38606
38626
38641
38648
38648
38655
38677
38723
38730
38735
38737
38740
38744
38757
38765
38766
38776
38790
38793
38801
38812
38846
38858
38862
38866
38899
38908
38935
38953
38975
38987
39016
39027
39028
39029
39041
39058
39069
39076
39090
39106
39130
39139
39168
39170
39191
39192
39194
39219
39264
39282
39283
39284
39286
39292
39292
39349
39377
39381
39382
39390
39392
39396
39397
39438
39454
39463
39474
39475
39490
39494
39507
39530
39538
39572
39577
39605
39623
39625
39639
39648
39669
39671
39675
39699
39701
39707
39718
39725
39733
39733
39770
39806
39809
39849
39853
39860
39861
39871
39873
39882
39882
39891
39927
39944
39960
39972
39988
39992
39994
40021
40055
40057
40083
40090
40100
40118
40121
40121
40131
40145
40165
40188
40198
40199
40234
40237
40240
40241
40244
40254
40258
40268
40272
40276
40293
40295
40302
40321
40329
40348
40352
40356
40364
40392
40399
40447
40452
40462
40470
40471
40473
40486
40494
40511
40535
40544
40551
40564
40573
40598
40608
40631
40639
40641
40664
40668
40672
40686
40696
40704
40706
40709
40722
40727
40729
40741
40744
40747
40758
40775
40835
40845
40850
40856
40887
40900
40902
40903
40907
40916
40925
40928
40948
41026
41073
41108
41133
41142
41155
41166
41169
41177
41196
41200
41215
41232
41257
41258
41261
41280
41286
41325
41329
41332
41335
41354
41358
41405
41405
41407
41458
41505
41507
41517
41519
41521
41527
41536
41584
41594
41612
41620
41621
41636
41649
41674
41677
41682
41684
41690
41701
41729
41741
41747
41751
41766
41771
41776
41817
41820
41835
41845
41851
41872
41880
41890
41894
41898
41910
41946
41963
41980
42002
42010
42061
42069
42072
42083
42106
42111
42125
42126
42151
42165
42166
42191
42204
42216
42248
42251
42251
42272
42273
42279
42290
42312
42325
42332
42332
42337
42339
42346
42357
42363
42374
42375
42394
42396
42397
42426
42429
42442
42457
42458
42461
42462
42476
42493
42530
42537
42573
42582
42588
42589
42601
42606
42614
42622
42643
42644
42645
42646
42673
42676
42677
42683
42690
42700
42728
42732
42741
42749
42750
42765
42785
42803
42805
42810
42862
42866
42873
42883
42898
42917
42983
43002
43003
43056
43058
43090
43093
43115
43123
43127
43133
43156
43156
43156
43228
43238
43250
43258
43268
43280
43285
43286
43317
43336
43346
43347
43363
43379
43397
43422
43467
43480
43482
43488
43500
43524
43536
43545
43548
43568
43592
43595
43598
43625
43626
43635
43645
43656
43673
43682
43686
43690
43695
43700
43709
43748
43751
43794
43818
43828
43843
43882
43885
43897
43914
43914
43927
43946
43957
43960
43970
43981
44016
44016
44022
44037
44055
44095
44097
44116
44120
44125
44137
44169
44193
44210
44230
44230
44231
44242
44254
44257
44287
44313
44320
44331
44335
44346
44384
44385
44405
44431
44437
44440
44448
44461
44487
44496
44505
44527
44530
44543
44623
44649
44668
44698
44700
44715
44753
44781
44792
44796
44799
44812
44818
44848
44855
44855
44861
44861
44873
44912
44927
44948
44972
44995
44999
45008
45035
45040
45042
45043
45044
45069
45093
45117
45124
45139
45141
45174
45176
45179
45191
45234
45272
45273
45275
45289
45320
45321
45328
45338
45363
45369
45428
45430
45451
45454
45456
45462
45463
45467
45482
45502
45545
45562
45563
45580
45614
45631
45641
45658
45674
45677
45689
45690
45694
45700
45714
45731
45742
45743
45751
45774
45780
45804
45805
45807
45808
45812
45843
45854
45862
45873
45886
45916
45919
45925
45951
45961
45964
45985
45999
46000
46004
46013
46016
46021
46102
46105
46126
46134
46139
46156
46167
46168
46190
46192
46237
46258
46294
46295
46300
46303
46364
46369
46377
46395
46409
46409
46426
46431
46450
46456
46472
46489
46507
46508
46521
46525
46528
46554
46560
46564
46568
46581
46581
46614
46643
46660
46665
46670
46680
46694
46706
46718
46722
46729
46754
46764
46820
46822
46835
46872
46874
46878
46883
46893
46919
46928
46938
46945
46947
46956
46976
46983
46986
47008
47024
47024
47039
47055
47076
47090
47092
47117
47118
47118
47121
47129
47132
47134
47139
47187
47209
47214
47218
47238
47293
47295
47298
47344
47387
47389
47393
47404
47410
47416
47434
47442
47444
47456
47465
47498
47526
47529
47540
47545
47551
47558
47565
47577
47582
47584
47598
47621
47623
47632
47643
47646
47661
47668
47669
47683
47738
47768
47777
47802
47803
47818
47859
47868
47891
47925
47928
47972
47974
47993
48011
48019
48047
48050
48074
48108
48111
48113
48122
48124
48126
48126
48139
48143
48145
48162
48167
48196
48197
48202
48213
48216
48223
48229
48234
48241
48265
48293
48310
48321
48322
48326
48334
48358
48363
48372
48392
48409
48423
48437
48450
48471
48503
48511
48534
48535
48542
48550
48559
48562
48566
48578
48589
48610
48623
48627
48638
48645
48648
48653
48656
48690
48699
48699
48731
48749
48751
48774
48786
48789
48808
48825
48871
48886
48913
48937
48955
48969
48984
49036
49083
49105
49114
49123
49136
49144
49146
49174
49183
49188
49193
49196
49226
49236
49249
49254
49274
49336
49356
49358
49384
49387
49400
49404
49422
49432
49457
49542
49546
49547
49572
49601
49602
49609
49609
49647
49656
49658
49659
49681
49690
49700
49713
49718
49733
49739
49752
49761
49763
49766
49771
49811
49813
49816
49822
49840
49844
49858
49861
49877
49881
49890
49909
49916
49917
49933
49955
49955
49970
49973
49994
50025
50029
50046
50050
50085
50092
50094
50124
50131
50134
50138
50145
50156
50166
50219
50222
50227
50239
50248
50262
50266
50277
50282
50303
50361
50365
50378
50390
50392
50393
50398
50420
50421
50438
50444
50450
50457
50497
50507
50507
50523
50542
50557
50569
50570
50581
50593
50600
50625
50642
50669
50684
50687
50691
50719
50724
50759
50791
50816
50850
50880
50892
50912
50953
50956
50982
50985
51015
51017
51017
51042
51044
51056
51059
51063
51092
51094
51111
51114
51129
51141
51149
51154
51158
51177
51203
51206
51281
51285
51325
51334
51347
51361
51379
51386
51404
51414
51445
51461
51477
51485
51499
51573
51593
51628
51638
51647
51652
51655
51657
51671
51672
51684
51693
51693
51697
51711
51711
51746
51756
51778
51786
51794
51816
51816
51833
51834
51835
51846
51851
51854
51857
51863
51863
51871
51878
51883
51886
51892
51896
51905
51905
51909
51913
51952
51957
51959
51961
51981
51985
52011
52016
52016
52067
52069
52070
52070
52077
52090
52106
52106
52107
52122
52138
52152
52170
52170
52172
52208
52230
52234
52239
52244
52256
52259
52282
52284
52285
52336
52338
52344
52351
52354
52377
52380
52393
52393
52406
52425
52431
52432
52432
52436
52438
52445
52488
52493
52508
52518
52525
52532
52534
52547
52579
52592
52642
52661
52662
52663
52667
52698
52703
52708
52723
52747
52767
52801
52812
52820
52837
52860
52870
52908
52919
52945
52948
52962
52963
52965
52971
52974
52976
52981
52994
53005
53007
53016
53019
53025
53051
53066
53071
53072
53073
53104
53108
53124
53125
53138
53161
53164
53197
53229
53234
53240
53240
53278
53287
53318
53331
53344
53369
53372
53380
53388
53403
53413
53426
53445
53447
53475
53484
53510
53510
53513
53513
53519
53524
53540
53545
53547
53593
53596
53612
53622
53630
53632
53648
53658
53659
53660
53669
53738
53746
53756
53758
53760
53761
53774
53785
53787
53813
53823
53859
53886
53889
53913
53919
53975
53985
54005
54016
54021
54027
54050
54059
54063
54075
54086
54101
54102
54110
54123
54163
54188
54194
54213
54238
54246
54265
54278
54280
54285
54313
54316
54326
54337
54354
54383
54396
54412
54430
54448
54451
54459
54461
54480
54515
54531
54544
54575
54616
54616
54637
54679
54679
54686
54686
54700
54701
54712
54772
54773
54790
54805
54813
54819
54819
54825
54851
54854
54873
54883
54900
54905
54914
54918
54918
54921
54944
54961
54984
55011
55022
55032
55054
55055
55111
55111
55117
55127
55142
55143
55192
55193
55202
55208
55213
55236
55238
55271
55307
55312
55313
55328
55339
55346
55361
55366
55367
55368
55402
55406
55407
55437
55458
55486
55486
55518
55518
55571
55571
55629
55642
55685
55687
55698
55713
55720
55721
55733
55745
55753
55777
55779
55807
55818
55830
55857
55861
55862
55882
55884
55916
55957
55957
55961
55963
55965
55983
56000
56075
56082
56087
56093
56096
56105
56114
56117
56132
56132
56138
56139
56148
56153
56176
56183
56183
56208
56213
56229
56250
56253
56285
56304
56354
56357
56364
56376
56379
56380
56384
56389
56391
56421
56435
56439
56456
56461
56469
56474
56478
56523
56528
56528
56529
56542
56546
56552
56558
56562
56577
56579
56598
56601
56603
56605
56628
56642
56649
56649
56671
56745
56773
56780
56808
56814
56832
56837
56841
56859
56876
56877
56879
56881
56895
56913
56915
56937
56938
56955
56974
57011
57016
57018
57032
57075
57078
57078
57082
57103
57105
57105
57162
57167
57178
57192
57210
57216
57225
57232
57255
57265
57265
57266
57268
57270
57280
57338
57347
57350
57353
57371
57426
57444
57448
57465
57473
57475
57495
57495
57501
57507
57508
57509
57511
57523
57528
57534
57535
57542
57543
57557
57559
57588
57596
57625
57631
57658
57673
57691
57691
57693
57696
57713
57742
57755
57773
57814
57826
57838
57864
57888
57894
57897
57908
57971
57993
57999
58005
58026
58027
58030
58035
58039
58095
58117
58165
58176
58205
58214
58215
58224
58228
58232
58244
58259
58291
58293
58313
58318
58325
58330
58331
58335
58336
58350
58355
58358
58383
58397
58401
58447
58448
58449
58450
58451
58455
58463
58478
58498
58506
58552
58555
58566
58594
58608
58625
58629
58631
58648
58670
58675
58680
58684
58690
58706
58709
58712
58714
58715
58716
58721
58745
58800
58867
58882
58893
58907
58907
58927
58930
58937
58938
58957
59006
59014
59016
59021
59030
59031
59032
59037
59040
59045
59084
59104
59112
59114
59153
59158
59170
59200
59241
59247
59255
59258
59269
59300
59307
59310
59313
59347
59360
59360
59360
59366
59367
59383
59394
59409
59415
59415
59416
59416
59418
59444
59467
59469
59478
59484
59491
59515
59565
59568
59576
59583
59608
59613
59614
59638
59649
59656
59656
59687
59736
59753
59759
59762
59769
59796
59812
59850
59860
59871
59882
59926
59930
59931
59946
59973
59978
59992
59992
60000
60007
60030
60055
60061
60063
60069
60092
60097
60104
60139
60151
60162
60164
60164
60166
60168
60170
60177
60191
60196
60237
60275
60282
60317
60327
60346
60350
60380
60384
60385
60404
60417
60423
60426
60460
60465
60471
60528
60570
60574
60584
60600
60604
60613
60616
60622
60645
60654
60657
60657
60677
60677
60681
60686
60691
60732
60769
60771
60774
60785
60801
60806
60826
60846
60848
60849
60850
60878
60881
60912
60921
60938
60951
60953
60971
60973
60976
60977
61016
61017
61028
61031
61044
61048
61055
61063
61071
61092
61101
61128
61140
61152
61211
61221
61229
61243
61243
61249
61284
61296
61298
61323
61352
61361
61382
61386
61402
61406
61416
61427
61459
61478
61484
61493
61497
61503
61505
61515
61522
61537
61547
61554
61555
61581
61612
61614
61619
61620
61621
61636
61638
61655
61666
61685
61705
61725
61726
61765
61766
61779
61795
61799
61804
61833
61855
61857
61860
61869
61871
61883
61887
61897
61906
61919
61921
61922
61955
61969
61974
61977
61977
61982
61993
62010
62020
62041
62058
62058
62076
62079
62105
62143
62181
62191
62227
62229
62233
62245
62318
62319
62335
62337
62346
62357
62357
62382
62387
62426
62433
62449
62449
62522
62539
62549
62563
62598
62612
62615
62638
62658
62683
62694
62702
62709
62713
62750
62753
62786
62792
62803
62803
62804
62827
62836
62836
62844
62850
62860
62929
62953
62964
62979
62997
63000
63008
63018
63045
63053
63070
63072
63092
63098
63108
63117
63141
63145
63147
63164
63198
63199
63230
63235
63286
63295
63297
63299
63310
63319
63328
63341
63343
63372
63383
63406
63415
63417
63428
63451
63452
63453
63463
63478
63508
63518
63522
63525
63529
63547
63562
63575
63578
63583
63585
63595
63604
63629
63630
63631
63635
63679
63682
63692
63711
63712
63736
63759
63769
63798
63798
63809
63818
63826
63855
63904
63910
63954
63973
63979
63992
63997
64004
64006
64009
64047
64060
64095
64099
64113
64129
64138
64143
64180
64207
64220
64225
64285
64312
64313
64335
64338
64402
64404
64433
64461
64465
64474
64479
64491
64491
64495
64503
64505
64507
64512
64543
64550
64553
64575
64603
64650
64668
64690
64697
64708
64717
64720
64728
64759
64772
64775
64788
64798
64812
64813
64850
64862
64869
64909
64916
64923
64928
64928
64933
64933
64934
64940
64976
64978
64992
65011
65027
65042
65139
65149
65191
65203
65272
65288
65293
65308
65309
65309
65314
65317
65322
65326
65326
65331
65360
65380
65391
65402
65409
65413
65439
65441
65452
65476
65483
65511
65516
65523
65534
65576
65593
65617
65621
65656
65661
65706
65714
65720
65726
65745
65750
65759
65778
65789
65817
65828
65829
65830
65843
65861
65877
65879
65890
65906
65956
65958
65960
65960
65980
65982
66005
66009
66023
66061
66069
66084
66088
66091
66137
66156
66165
66188
66199
66203
66205
66249
66260
66266
66270
66277
66279
66288
66309
66326
66342
66356
66383
66391
66392
66423
66426
66439
66442
66462
66463
66463
66468
66487
66589
66617
66632
66665
66669
66681
66691
66693
66713
66721
66724
66729
66743
66753
66766
66767
66804
66817
66833
66835
66836
66843
66864
66872
66880
66893
66919
66928
66934
66972
66990
67004
67032
67039
67042
67044
67054
67057
67069
67080
67100
67106
67119
67121
67127
67156
67218
67232
67246
67270
67271
67283
67295
67300
67306
67318
67331
67346
67350
67369
67426
67450
67468
67477
67491
67497
67501
67523
67535
67549
67555
67569
67572
67611
67620
67623
67634
67638
67643
67651
67651
67656
67666
67690
67693
67696
67701
67708
67718
67724
67724
67724
67735
67772
67788
67802
67810
67814
67817
67837
67847
67849
67874
67879
67892
67896
67905
67912
67918
67919
67924
67947
67956
67965
67996
68019
68019
68020
68022
68028
68035
68045
68047
68132
68132
68155
68165
68175
68177
68186
68192
68193
68206
68228
68242
68245
68247
68251
68253
68261
68263
68269
68269
68283
68299
68300
68330
68334
68355
68356
68356
68357
68373
68375
68384
68388
68406
68409
68450
68460
68463
68463
68478
68490
68565
68584
68585
68585
68586
68605
68605
68609
68616
68630
68635
68640
68643
68663
68665
68671
68702
68731
68768
68776
68791
68792
68814
68822
68829
68841
68889
68936
68946
68973
69012
69033
69046
69048
69063
69070
69073
69074
69092
69098
69108
69113
69116
69125
69161
69164
69174
69181
69200
69204
69211
69245
69250
69272
69285
69287
69304
69310
69318
69340
69350
69357
69359
69365
69374
69387
69394
69395
69411
69412
69417
69418
69439
69440
69451
69452
69468
69481
69482
69483
69520
69553
69566
69592
69604
69608
69609
69609
69609
69611
69635
69642
69645
69671
69702
69710
69720
69730
69730
69734
