14
22
28
41
41
49
60
97
128
129
134
135
135
147
156
159
166
193
216
237
241
253
273
299
303
306
307
330
332
333
351
353
357
370
372
373
390
390
399
413
414
446
463
474
478
484
492
498
511
521
524
526
534
548
548
559
565
567
582
593
631
639
640
649
655
665
667
679
689
694
718
719
732
742
748
748
770
778
796
821
832
841
843
857
885
889
892
893
896
899
911
923
934
935
940
967
983
984
986
999
1005
1008
1012
1013
1015
1023
1030
1041
1043
1044
1046
1048
1054
1055
1059
1067
1068
1079
1080
1092
1103
1123
1147
1152
1157
1167
1182
1184
1208
1224
1225
1227
1245
1246
1246
1249
1252
1256
1258
1264
1275
1277
1284
1286
1302
1312
1327
1337
1349
1350
1353
1354
1356
1359
1360
1368
1369
1370
1372
1383
1386
1397
1402
1413
1423
1427
1428
1429
1431
1441
1445
1453
1454
1460
1466
1473
1474
1488
1490
1493
1510
1512
1532
1536
1538
1544
1548
1549
1556
1574
1574
1575
1588
1593
1604
1615
1621
1624
1637
1643
1650
1650
1666
1667
1672
1677
1710
1716
1727
1735
1736
1752
1755
1765
1766
1766
1776
1802
1810
1818
1819
1819
1830
1837
1847
1853
1858
1867
1874
1881
1904
1909
1921
1934
1942
1946
1952
1956
1957
1961
1967
1968
1990
1995
2006
2009
2013
2047
2054
2056
2059
2060
2062
2063
2073
2076
2077
2099
2102
2104
2106
2115
2118
2120
2121
2131
2133
2141
2142
2148
2154
2157
2157
2168
2182
2185
2192
2200
2211
2214
2230
2232
2263
2279
2287
2288
2289
2300
2306
2310
2312
2320
2329
2331
2333
2350
2350
2358
2364
2364
2383
2388
2405
2413
2413
2423
2428
2437
2443
2479
2480
2487
2489
2494
2501
2505
2505
2505
2510
2521
2525
2532
2533
2543
2543
2546
2572
2573
2605
2607
2610
2619
2624
2626
2634
2639
2644
2649
2652
2659
2659
2665
2669
2691
2708
2708
2739
2749
2750
2757
2767
2767
2770
2783
2792
2797
2800
2801
2811
2813
2813
2831
2832
2841
2856
2873
2878
2890
2894
2906
2912
2914
2919
2921
2925
2933
2935
2939
2940
2945
2947
2964
2970
2982
2984
2984
2987
3002
3002
3003
3010
3014
3021
3023
3024
3034
3055
3060
3063
3066
3066
3070
3072
3073
3078
3081
3081
3087
3087
3096
3096
3101
3105
3108
3114
3119
3123
3125
3138
3147
3154
3157
3159
3161
3176
3190
3195
3205
3212
3221
3236
3242
3244
3249
3254
3259
3262
3265
3265
3277
3288
3288
3314
3325
3332
3335
3340
3343
3344
3358
3360
3372
3377
3390
3392
3396
3396
3400
3405
3407
3408
3432
3449
3459
3460
3467
3473
3490
3496
3496
3500
3503
3503
3506
3508
3510
3517
3518
3539
3558
3562
3567
3572
3583
3595
3597
3597
3606
3613
3632
3637
3645
3654
3668
3700
3716
3723
3732
3756
3758
3773
3776
3782
3784
3784
3793
3804
3818
3833
3834
3843
3864
3870
3871
3874
3882
3904
3907
3937
3953
3954
3954
3961
3969
3977
3982
3987
3993
4007
4013
4015
4019
4033
4048
4051
4064
4075
4077
4078
4078
4080
4082
4091
4092
4093
4095
4100
4105
4144
4150
4160
4162
4163
4177
4177
4188
4194
4199
4211
4220
4223
4231
4233
4254
4264
4309
4313
4313
4313
4318
4321
4333
4335
4348
4375
4389
4397
4404
4413
4431
4434
4437
4445
4454
4462
4473
4474
4474
4475
4484
4488
4488
4494
4506
4517
4521
4526
4530
4544
4595
4615
4617
4622
4628
4638
4672
4674
4681
4685
4687
4687
4694
4702
4707
4707
4709
4720
4731
4732
4735
4780
4795
4811
4830
4832
4833
4840
4855
4887
4892
4906
4915
4928
4959
4961
4970
4976
5002
5004
5011
5028
5031
5048
5052
5061
5063
5066
5066
5085
5096
5103
5105
5121
5132
5133
5135
5149
5151
5152
5164
5168
5189
5196
5223
5224
5225
5238
5244
5262
5267
5268
5273
5294
5299
5299
5301
5308
5330
5332
5346
5366
5389
5396
5397
5400
5401
5409
5411
5421
5447
5463
5469
5471
5472
5472
5481
5483
5485
5489
5505
5525
5537
5542
5552
5554
5568
5584
5589
5592
5606
5609
5612
5617
5621
5651
5654
5682
5705
5715
5715
5718
5724
5744
5754
5758
5768
5769
5806
5810
5815
5847
5854
5854
5863
5870
5875
5882
5886
5895
5897
5901
5906
5908
5914
5920
5930
5950
5975
5997
6004
6005
6006
6009
6009
6035
6037
6044
6051
6073
6079
6081
6085
6091
6102
6105
6107
6116
6118
6122
6123
6124
6128
6129
6136
6136
6153
6182
6188
6189
6195
6210
6213
6213
6239
6249
6249
6250
6251
6252
6260
6270
6270
6279
6281
6292
6308
6312
6318
6340
6349
6354
6355
6365
6366
6373
6384
6391
6412
6429
6432
6438
6439
6443
6444
6446
6449
6461
6475
6479
6480
6486
6488
6495
6498
6509
6513
6515
6518
6522
6526
6528
6528
6529
6533
6543
6553
6556
6564
6567
6575
6576
6578
6581
6589
6629
6631
6632
6651
6662
6664
6671
6672
6676
6692
6695
6695
6698
6698
6703
6712
6714
6716
6725
6731
6734
6748
6756
6770
6781
6802
6812
6820
6851
6855
6860
6872
6884
6890
6904
6923
6925
6933
6941
6954
6963
6981
7003
7025
7033
7049
7055
7056
7056
7056
7057
7072
7095
7098
7118
7132
7133
7134
7135
7142
7144
7149
7165
7169
7177
7210
7211
7215
7215
7218
7220
7220
7229
7231
7260
7262
7286
7288
7295
7331
7339
7341
7344
7350
7356
7360
7361
7366
7370
7379
7397
7400
7407
7412
7417
7421
7450
7472
7476
7483
7485
7488
7489
7500
7518
7525
7555
7561
7562
7586
7635
7653
7654
7661
7669
7683
7712
7721
7724
7725
7727
7752
7756
7757
7758
7760
7762
7771
7774
7778
7779
7791
7800
7803
7825
7827
7832
7838
7853
7855
7862
7864
7864
7866
7868
7874
7898
7900
7910
7920
7925
7937
7940
7940
7958
8010
8016
8019
8061
8069
8070
8071
8075
8076
8078
8094
8097
8104
8110
8120
8122
8132
8140
8143
8158
8161
8166
8178
8191
8191
8196
8199
8201
8216
8221
8236
8252
8253
8254
8271
8272
8284
8296
8303
8310
8314
8317
8326
8327
8332
8348
8371
8375
8376
8379
8380
8390
8390
8400
8407
8434
8438
8464
8466
8473
8476
8486
8498
8499
8509
8516
8524
8530
8540
8547
8574
8574
8580
8603
8610
8623
8627
8639
8640
8646
8654
8668
8670
8672
8673
8675
8692
8692
8697
8720
8721
8728
8739
8742
8748
8753
8754
8758
8770
8778
8788
8790
8799
8803
8816
8830
8836
8837
8853
8855
8857
8859
8862
8867
8873
8886
8891
8902
8909
8909
8912
8918
8924
8925
8930
8931
8949
8950
8959
8989
8990
9007
9021
9029
9031
9064
9073
9094
9096
9103
9112
9128
9140
9142
9148
9160
9166
9170
9185
9191
9191
9194
9198
9199
9209
9214
9217
9230
9245
9254
9276
9278
9285
9288
9295
9295
9301
9311
9332
9338
9340
9345
9347
9351
9351
9363
9366
9376
9381
9387
9391
9394
9400
9401
9406
9431
9435
9443
9445
9451
9455
9456
9458
9460
9463
9463
9464
9470
9471
9474
9491
9492
9493
9504
9526
9529
9530
9559
9574
9575
9582
9585
9629
9633
9664
9665
9667
9669
9676
9687
9690
9703
9707
9714
9716
9720
9732
9733
9745
9747
9751
9763
9779
9781
9784
9787
9789
9803
9807
9815
9820
9821
9832
9839
9843
9845
9865
9866
9873
9904
9906
9907
9933
9937
9938
9939
9942
9962
9962
9965
9972
9973
9984
9995
9999
10028
10102
10110
10111
10112
10115
10120
10137
10141
10141
10154
10157
10170
10171
10193
10214
10214
10218
10228
10235
10258
10269
10297
10315
10334
10337
10347
10351
10355
10357
10361
10363
10365
10380
10394
10407
10430
10436
10446
10455
10456
10467
10470
10494
10502
10516
10526
10535
10536
10564
10577
10612
10612
10619
10620
10637
10650
10652
10656
10656
10666
10671
10681
10689
10698
10702
10704
10707
10717
10741
10745
10761
10764
10771
10787
10794
10797
10801
10803
10807
10810
10811
10813
10822
10824
10827
10843
10852
10853
10854
10868
10868
10899
10900
10902
10922
10930
10933
10945
10950
10965
10981
10983
10984
10985
10985
10989
10998
10998
11002
11008
11017
11024
11025
11031
11048
11053
11056
11056
11064
11064
11073
11074
11077
11086
11096
11104
11109
11115
11115
11120
11122
11125
11128
11129
11133
11145
11150
11157
11164
11173
11182
11184
11212
11235
11252
11262
11275
11278
11280
11280
11309
11318
11323
11328
11367
11368
11378
11385
11387
11388
11393
11400
11402
11406
11417
11425
11426
11429
11433
11442
11476
11488
11497
11499
11506
11518
11518
11521
11527
11539
11545
11550
11551
11552
11558
11568
11577
11580
11582
11592
11611
11613
11635
11640
11647
11657
11667
11696
11699
11702
11708
11708
11731
11737
11758
11766
11767
11768
11770
11775
11778
11782
11800
11803
11804
11830
11831
11833
11845
11848
11851
11862
11880
11934
11947
11948
11953
11954
11966
11967
11971
11976
11980
11989
11993
11998
11999
12006
12009
12014
12014
12027
12030
12038
12046
12050
12057
12061
12069
12069
12078
12087
12089
12094
12118
12119
12139
12149
12150
12162
12163
12165
12166
12169
12175
12179
12191
12208
12212
12220
12222
12229
12246
12250
12256
12263
12265
12265
12284
12290
12299
12301
12301
12305
12308
12309
12316
12339
12352
12367
12373
12379
12387
12388
12397
12404
12410
12412
12420
12423
12425
12426
12427
12442
12452
12452
12459
12467
12467
12469
12475
12478
12484
12489
12490
12492
12501
12505
12506
12512
12530
12534
12540
12551
12552
12562
12567
12574
12578
12586
12589
12594
12596
12614
12617
12623
12624
12632
12634
12634
12642
12657
12667
12690
12699
12701
12704
12708
12715
12716
12720
12731
12733
12735
12735
12736
12757
12763
12766
12778
12783
12783
12786
12787
12801
12811
12813
12814
12815
12819
12820
12843
12845
12849
12851
12857
12862
12870
12872
12875
12876
12877
12884
12903
12907
12922
12945
12945
12953
12954
12960
12965
12973
12974
12975
12990
13002
13003
13016
13044
13047
13048
13055
13060
13062
13083
13095
13110
13124
13127
13129
13147
13156
13174
13175
13177
13188
13189
13189
13198
13207
13231
13239
13239
13256
13271
13274
13281
13285
13294
13306
13316
13325
13338
13347
13351
13353
13354
13362
13372
13376
13379
13380
13382
13382
13382
13400
13402
13406
13409
13451
13481
13493
13500
13500
13516
13519
13531
13534
13555
13571
13573
13574
13592
13593
13609
13621
13639
13652
13657
13658
13660
13661
13690
13708
13714
13733
13740
13757
13760
13764
13765
13772
13779
13791
13801
13810
13818
13820
13820
13824
13837
13838
13882
13882
13883
13896
13907
13910
13911
13916
13927
13934
13935
13953
13970
13972
13982
13992
13998
14011
14013
14015
14020
14021
14028
14028
14054
14054
14058
14073
14075
14090
14104
14110
14116
14119
14119
14122
14131
14134
14139
14160
14175
14179
14184
14185
14185
14201
14221
14234
14240
14246
14252
14264
14267
14268
14299
14305
14310
14311
14313
14315
14318
14319
14332
14347
14363
14364
14364
14365
14380
14384
14407
14432
14435
14436
14447
14452
14458
14462
14471
14475
14484
14490
14490
14497
14498
14510
14514
14539
14546
14560
14568
14573
14579
14579
14595
14595
14607
14611
14618
14634
14645
14666
14678
14694
14695
14702
14703
14707
14714
14726
14731
14732
14737
14759
14759
14760
14767
14779
14799
14799
14799
14832
14833
14834
14834
14839
14852
14853
14854
14858
14868
14869
14869
14875
14884
14895
14903
14909
14909
14922
14949
15009
15020
15025
15026
15042
15042
15054
15059
15068
15092
15095
15097
15101
15121
15144
15167
15171
15173
15175
15186
15190
15190
15205
15209
15216
15217
15227
15230
15247
15264
15283
15294
15294
15295
15310
15313
15324
15325
15332
15335
15340
15342
15346
15348
15363
15365
15373
15388
15397
15407
15411
15412
15412
15413
15427
15427
15445
15451
15463
15477
15495
15497
15500
15503
15505
15507
15514
15524
15538
15551
15561
15566
15584
15607
15613
15614
15616
15619
15621
15624
15627
15643
15650
15664
15665
15672
15673
15678
15692
15708
15709
15718
15719
15732
15736
15736
15739
15753
15755
15756
15769
15776
15779
15796
15817
15819
15822
15838
15845
15847
15860
15874
15880
15881
15898
15902
15902
15961
15972
15987
15992
15995
15997
16002
16003
16005
16019
16022
16029
16033
16041
16045
16045
16049
16058
16064
16088
16089
16089
16091
16094
16109
16111
16114
16118
16121
16122
16136
16137
16142
16162
16169
16185
16193
16196
16197
16199
16210
16232
16240
16248
16250
16251
16255
16263
16270
16288
16288
16303
16310
16320
16343
16346
16349
16354
16369
16370
16380
16390
16396
16396
16441
16452
16458
16463
16477
16479
16481
16496
16496
16503
16508
16512
16526
16530
16540
16553
16562
16564
16568
16578
16586
16608
16612
16617
16634
16639
16642
16653
16659
16660
16662
16662
16678
16685
16697
16702
16704
16725
16725
16731
16744
16746
16747
16772
16806
16814
16822
16832
16836
16842
16848
16852
16870
16871
16907
16924
16928
16930
16932
16937
16951
16952
16962
16978
16979
16981
16994
16995
16995
16999
17005
17006
17016
17026
17026
17027
17037
17052
17054
17056
17063
17070
17104
17109
17112
17118
17127
17128
17142
17146
17149
17172
17176
17177
17195
17201
17222
17235
17238
17243
17263
17271
17272
17275
17284
17304
17309
17309
17317
17319
17320
17330
17338
17340
17341
17349
17377
17385
17398
17428
17429
17432
17433
17443
17451
17458
17467
17484
17496
17499
17501
17503
17503
17504
17510
17512
17517
17524
17531
17545
17549
17565
17567
17568
17573
17587
17589
17591
17598
17602
17606
17614
17616
17625
17627
17633
17653
17658
17660
17674
17675
17681
17685
17695
17700
17700
17704
17704
17709
17719
17721
17745
17774
17807
17813
17834
17838
17839
17841
17844
17846
17846
17855
17868
17878
17887
17914
17927
17933
17940
17951
17952
17955
17962
17969
17972
17981
17985
17990
17994
17994
17994
18003
18008
18011
18021
18025
18049
18051
18053
18055
18055
18066
18072
18073
18076
18076
18087
18092
18095
18098
18101
18105
18111
18112
18119
18120
18121
18129
18144
18159
18176
18187
18188
18193
18196
18197
18203
18232
18240
18242
18248
18251
18255
18260
18273
18292
18294
18298
18311
18315
18315
18315
18337
18342
18342
18355
18371
18372
18377
18392
18393
18393
18398
18399
18426
18435
18437
18439
18440
18443
18448
18449
18466
18470
18475
18498
18509
18511
18520
18521
18523
18545
18553
18560
18561
18566
18580
18585
18586
18589
18592
18622
18633
18634
18648
18670
18704
18721
18726
18738
18747
18753
18760
18769
18772
18772
18783
18797
18800
18803
18806
18818
18839
18848
18854
18861
18861
18865
18868
18879
18881
18883
18914
18960
18990
18996
19000
19001
19008
19009
19040
19070
19078
19097
19099
19105
19113
19114
19114
19125
19133
19137
19137
19156
19159
19160
19164
19169
19178
19204
19243
19255
19256
19260
19261
19262
19292
19301
19324
19341
19353
19354
19365
19369
19394
19408
19441
19446
19451
19455
19457
19469
19483
19485
19491
19505
19508
19508
19511
19513
19513
19514
19515
19522
19554
19555
19556
19562
19572
19578
19580
19584
19585
19635
19637
19638
19661
19664
19673
19675
19680
19684
19686
19692
19698
19719
19738
19745
19760
19785
19793
19812
19816
19816
19820
19828
19829
19832
19837
19859
19871
19882
19895
19905
19906
19942
19942
19945
19947
19951
19960
19979
19995
20014
20028
20063
20063
20076
20087
20088
20110
20111
20114
20118
20122
20123
20149
20169
20179
20183
20183
20184
20198
20204
20216
20230
20231
20238
20241
20241
20246
20246
20250
20254
20258
20262
20263
20266
20284
20298
20299
20300
20302
20316
20329
20329
20336
20349
20350
20352
20354
20357
20358
20375
20378
20389
20396
20398
20399
20411
20414
20421
20471
20490
20498
20500
20508
20516
20531
20542
20544
20548
20548
20554
20555
20559
20563
20572
20574
20574
20577
20582
20593
20593
20621
20642
20648
20657
20668
20674
20681
20694
20694
20703
20716
20732
20741
20755
20757
20762
20763
20767
20767
20775
20775
20781
20797
20811
20817
20823
20830
20834
20840
20854
20876
20877
20882
20885
20898
20905
20910
20918
20924
20926
20954
20987
20990
20999
21007
21019
21033
21034
21034
21045
21053
21058
21061
21066
21076
21076
21078
21081
21082
21084
21085
21109
21113
21123
21132
21139
21142
21150
21152
21168
21168
21176
21192
21203
21206
21209
21214
21220
21247
21249
21252
21268
21272
21281
21287
21300
21303
21308
21318
21320
21338
21347
21348
21371
21374
21376
21392
21397
21405
21405
21425
21442
21453
21484
21484
21485
21505
21505
21507
21513
21525
21532
21540
21541
21547
21554
21555
21558
21560
21562
21582
21590
21597
21606
21617
21621
21635
21637
21655
21657
21676
21692
21697
21699
21700
21718
21719
21722
21724
21727
21738
21766
21770
21772
21778
21792
21806
21831
21836
21838
21845
21851
21851
21864
21874
21898
21900
21901
21910
21910
21919
21937
21946
21949
21955
21965
21979
21991
21992
21993
22011
22011
22012
22013
22014
22017
22022
22042
22053
22060
22079
22082
22085
22092
22096
22102
22109
22109
22113
22116
22117
22133
22133
22147
22148
22162
22169
22171
22183
22190
22194
22212
22216
22219
22224
22253
22257
22265
22273
22277
22281
22286
22287
22297
22306
22349
22366
22372
22379
22392
22393
22406
22416
22423
22443
22449
22489
22495
22507
22511
22512
22520
22521
22524
22526
22532
22541
22556
22563
22582
22618
22619
22620
22625
22628
22632
22640
22659
22673
22673
22685
22688
22700
22701
22702
22707
22720
22726
22755
22755
22759
22768
22786
22790
22792
22797
22799
22800
22802
22810
22811
22821
22825
22828
22841
22842
22846
22853
22856
22859
22878
22892
22931
22947
22958
22959
22962
22974
22975
22977
22980
22983
22988
23005
23023
23039
23045
23049
23053
23057
23071
23086
23090
23115
23129
23131
23139
23144
23155
23156
23196
23198
23200
23200
23208
23209
23223
23223
23228
23252
23253
23259
23276
23279
23306
23308
23310
23320
23330
23336
23347
23348
23350
23360
23362
23368
23369
23388
23391
23401
23402
23402
23423
23433
23439
23451
23455
23463
23470
23471
23478
23482
23486
23489
23489
23490
23491
23502
23507
23527
23540
23550
23553
23563
23565
23587
23590
23601
23607
23652
23655
23666
23674
23674
23675
23678
23703
23707
23718
23718
23742
23753
23764
23770
23813
23815
23840
23847
23855
23865
23885
23905
23916
23921
23924
23952
23954
23966
23970
23981
23982
23996
24009
24009
24012
24025
24032
24040
24052
24063
24064
24074
24076
24087
24101
24104
24132
24140
24141
24142
24144
24144
24168
24177
24200
24217
24218
24232
24240
24248
24267
24275
24279
24284
24294
24297
24300
24301
24320
24324
24327
24327
24354
24355
24356
24371
24372
24374
24400
24402
24408
24411
24414
24420
24423
24425
24427
24430
24430
24431
24440
24440
24452
24459
24467
24469
24470
24480
24483
24489
24491
24499
24518
24557
24557
24566
24570
24586
24587
24604
24607
24614
24617
24621
24624
24627
24628
24631
24641
24641
24645
24654
24670
24674
24678
24682
24697
24703
24704
24718
24732
24745
24748
24759
24765
24768
24768
24771
24781
24793
24804
24815
24818
24829
24833
24866
24868
24871
24873
24888
24891
24893
24893
24911
24912
24912
24913
24913
24914
24916
24916
24923
24945
24947
24953
24954
24963
24963
24967
24973
24982
24984
24984
25008
25023
25031
25045
25050
25054
25065
25076
25082
25089
25092
25100
25101
25106
25109
25112
25124
25129
25145
25146
25147
25157
25160
25164
25174
25174
25181
25200
25203
25219
25221
25228
25228
25228
25239
25247
25249
25251
25255
25262
25262
25262
25268
25281
25283
25283
25283
25295
25300
25306
25310
25320
25326
25336
25346
25347
25351
25353
25366
25383
25400
25408
25411
25413
25424
25426
25436
25437
25445
25464
25485
25488
25493
25506
25517
25518
25525
25533
25554
25564
25586
25589
25598
25601
25613
25614
25617
25621
25633
25643
25646
25646
25650
25654
25672
25674
25687
25721
25722
25724
25737
25753
25753
25757
25763
25771
25800
25804
25808
25808
25809
25811
25815
25866
25869
25875
25879
25884
25887
25919
25930
25946
25948
25949
25955
25955
25969
25977
25978
26005
26024
26032
26033
26050
26050
26059
26066
26070
26071
26075
26087
26090
26101
26118
26132
26140
26165
26176
26178
26179
26192
26194
26199
26209
26212
26213
26214
26215
26221
26226
26227
26229
26234
26241
26251
26267
26288
26288
26289
26290
26303
26310
26311
26318
26319
26319
26322
26350
26364
26364
26367
26377
26378
26386
26397
26399
26403
26412
26449
26472
26472
26473
26503
26505
26506
26515
26534
26536
26543
26544
26545
26552
26553
26560
26565
26572
26575
26587
26602
26609
26609
26612
26631
26641
26645
26688
26689
26697
26699
26702
26714
26723
26725
26726
26727
26734
26741
26744
26755
26759
26761
26771
26779
26785
26795
26817
26823
26829
26846
26846
26850
26858
26873
26873
26874
26877
26879
26882
26921
26922
26938
26939
26945
26976
26976
26989
26990
26994
26996
26999
27000
27003
27010
27016
27020
27034
27046
27052
27062
27064
27082
27092
27100
27112
27120
27141
27146
27147
27150
27150
27151
27165
27174
27187
27187
27202
27207
27214
27223
27223
27233
27273
27274
27276
27279
27280
27281
27283
27285
27287
27293
27298
27303
27304
27308
27321
27324
27325
27338
27350
27351
27376
27391
27400
27400
27402
27410
27411
27412
27413
27415
27419
27438
27444
27455
27464
27468
27474
27500
27508
27514
27521
27535
27536
27563
27575
27581
27589
27601
27608
27621
27621
27627
27632
27647
27654
27672
27673
27677
27682
27689
27705
27707
27711
27713
27716
27721
27724
27724
27735
27753
27769
27788
27806
27811
27828
27837
27841
27844
27849
27871
27886
27888
27917
27918
27918
27930
27943
27946
27956
27978
27997
28011
28030
28043
28057
28058
28070
28076
28076
28080
28091
28098
28111
28112
28115
28121
28153
28186
28196
28201
28203
28211
28216
28224
28225
28225
28228
28230
28230
28242
28252
28265
28270
28272
28274
28291
28293
28306
28312
28332
28341
28348
28354
28361
28368
28397
28399
28405
28411
28416
28418
28423
28425
28442
28454
28462
28466
28468
28473
28483
28494
28494
28511
28514
28520
28535
28552
28572
28575
28584
28590
28605
28617
28625
28631
28632
28642
28649
28667
28676
28676
28688
28691
28694
28711
28725
28730
28739
28745
28752
28753
28758
28767
28771
28777
28786
28810
28817
28819
28821
28824
28830
28842
28856
28862
28863
28871
28898
28901
28920
28923
28924
28925
28946
28946
28963
28978
28981
28986
28987
28996
29008
29014
29049
29052
29093
29098
29110
29115
29119
29123
29167
29168
29174
29180
29193
29199
29210
29221
29232
29244
29260
29266
29268
29272
29274
29274
29290
29290
29295
29296
29299
29309
29324
29325
29330
29332
29334
29344
29375
29378
29391
29401
29420
29423
29430
29431
29435
29448
29474
29493
29498
29516
29527
29544
29563
29567
29572
29579
29584
29592
29596
29601
29606
29615
29625
29627
29628
29662
29665
29667
29668
29676
29677
29682
29685
29697
29701
29715
29716
29720
29721
29749
29750
29752
29761
29766
29769
29778
29788
29791
29817
29822
29827
29829
29839
29878
29881
29886
29887
29890
29908
29921
29942
29942
29944
29946
29948
29950
29958
29978
29982
29995
30016
30024
30025
30043
30065
30071
30075
30077
30079
30098
30121
30129
30133
30138
30144
30147
30158
30173
30190
30192
30192
30194
30195
30197
30203
30204
30219
30245
30263
30263
30296
30302
30311
30316
30339
30345
30347
30358
30358
30363
30366
30372
30372
30377
30381
30382
30384
30390
30400
30407
30416
30418
30418
30459
30460
30465
30471
30475
30485
30488
30491
30492
30494
30498
30518
30518
30526
30528
30550
30552
30566
30567
30576
30582
30603
30618
30625
30645
30646
30657
30671
30673
30675
30676
30677
30677
30687
30687
30694
30711
30712
30720
30728
30737
30738
30753
30760
30782
30783
30792
30803
30804
30818
30820
30826
30829
30831
30849
30866
30883
30898
30902
30913
30919
30927
30927
30928
30936
30941
30943
30949
30958
30960
30960
30963
30968
30969
30977
30978
30978
30979
30980
30981
30985
30998
31003
31025
31026
31030
31030
31052
31066
31070
31072
31088
31101
31103
31114
31131
31135
31163
31173
31189
31191
31193
31198
31203
31208
31226
31226
31243
31253
31255
31267
31273
31276
31276
31277
31286
31315
31320
31343
31344
31357
31362
31364
31369
31371
31376
31380
31402
31406
31411
31439
31451
31453
31463
31464
31480
31486
31510
31517
31521
31523
31535
31552
31552
31553
31568
31589
31596
31603
31630
31666
31675
31682
31691
31693
31712
31714
31716
31717
31727
31743
31745
31748
31761
31763
31790
31791
31798
31802
31804
31805
31807
31811
31822
31825
31826
31832
31848
31870
31887
31922
31928
31930
31930
31936
31957
31963
31980
31999
32001
32002
32005
32006
32007
32014
32014
32015
32023
32041
32041
32059
32065
32065
32069
32071
32078
32079
32102
32130
32153
32174
32185
32185
32190
32201
32209
32229
32231
32247
32248
32263
32269
32288
32292
32298
32300
32319
32344
32351
32388
32390
32403
32405
32407
32416
32417
32422
32425
32429
32471
32476
32478
32481
32493
32500
32507
32509
32510
32520
32521
32530
32542
32542
32562
32571
32578
32584
32587
32591
32636
32637
32639
32657
32666
32672
32674
32689
32695
32706
32710
32729
32732
32733
32746
32760
32773
32777
32786
32795
32803
32814
32824
32841
32851
32870
32870
32886
32904
32921
32938
32963
32965
32971
32974
32979
32981
32993
32993
33007
33016
33032
33035
33066
33071
33072
33073
33082
33084
33087
33125
33133
33135
33138
33141
33147
33154
33156
33174
33186
33186
33212
33215
33225
33236
33243
33252
33272
33279
33285
33287
33288
33296
33321
33331
33339
33346
33376
33424
33430
33435
33437
33446
33456
33461
33465
33471
33482
33486
33496
33520
33556
33568
33572
33572
33573
33596
33603
33604
33605
33609
33616
33624
33644
33645
33658
33658
33664
33683
33696
33705
33711
33712
33716
33718
33721
33740
33760
33806
33807
33817
33825
33833
33852
33854
33854
33871
33877
33891
33894
33897
33905
33912
33912
33914
33917
33921
33928
33931
33935
33937
33942
33944
33954
33956
33974
33978
33980
34025
34039
34040
34042
34048
34049
34050
34050
34064
34068
34075
34079
34091
34091
34100
34101
34132
34135
34140
34149
34155
34155
34162
34176
34178
34188
34194
34201
34238
34297
34312
34322
34336
34354
34356
34368
34377
34397
34402
34407
34416
34422
34428
34462
34486
34499
34508
34513
34516
34522
34522
34524
34531
34533
34555
34561
34565
34586
34589
34621
34625
34644
34660
34668
34672
34688
34688
34694
34701
34712
34728
34741
34749
34756
34758
34760
34768
34781
34825
34830
34854
34878
34878
34884
34890
34898
34903
34903
34911
34918
34942
34943
34945
34963
34964
34971
34979
34980
34988
35021
35030
35031
35045
35046
35057
35066
35066
35076
35083
35094
35110
35119
35136
35144
35177
35202
35206
35214
35222
35223
35228
35237
35260
35263
35282
35287
35296
35301
35305
35314
35328
35330
35338
35340
35354
35373
35385
35388
35397
35398
35401
35409
35414
35423
35431
35433
35439
35461
35506
35512
35515
35519
35541
35564
35585
35588
35592
35594
35594
35594
35598
35600
35616
35619
35622
35622
35634
35658
35679
35702
35712
35723
35728
35755
35756
35775
35780
35781
35800
35812
35820
35826
35826
35861
35877
35880
35881
35882
35893
35893
35914
35917
35938
35941
35941
35954
35990
35994
35997
36008
36030
36051
36053
36057
36066
36068
36072
36078
36080
36080
36085
36089
36109
36109
36110
36115
36116
36124
36127
36131
36132
36135
36135
36142
36146
36149
36150
36156
36162
36168
36184
36204
36215
36220
36225
36272
36274
36331
36343
36344
36352
36352
36355
36364
36383
36412
36416
36425
36466
36467
36470
36475
36481
36482
36487
36496
36506
36508
36527
36534
36535
36564
36578
36584
36587
36592
36604
36609
36616
36619
36620
36624
36627
36635
36639
36650
36654
36664
36676
36679
36713
36722
36728
36738
36742
36742
36744
36750
36753
36759
36767
36780
36781
36784
36792
36797
36812
36827
36828
36829
36841
36842
36844
36886
36891
36896
36903
36917
36924
36934
36935
36943
36949
36952
36955
36963
36972
36978
37011
37014
37029
37036
37047
37050
37056
37087
37090
37093
37117
37117
37118
37146
37149
37163
37166
37168
37176
37181
37202
37204
37208
37221
37229
37241
37241
37252
37256
37258
37259
37259
37264
37297
37326
37334
37340
37365
37371
37386
37399
37409
37409
37427
37430
37432
37433
37438
37443
37446
37446
37447
37450
37475
37487
37488
37490
37494
37511
37516
37528
37532
37534
37536
37543
37546
37547
37569
37571
37572
37575
37583
37587
37589
37596
37598
37609
37615
37620
37621
37623
37624
37645
37648
37649
37662
37669
37683
37698
37704
37713
37721
37732
37736
37736
37749
37766
37770
37771
37777
37797
37798
37800
37805
37807
37813
37842
37860
37864
37866
37870
37883
37887
37888
37897
37922
37924
37924
37926
37931
37935
37955
37955
37966
37997
38012
38021
38028
38034
38036
38045
38054
38057
38071
38087
38097
38105
38117
38123
38125
38125
38127
38129
38149
38156
38163
38169
38173
38176
38194
38195
38205
38208
38208
38209
38228
38236
38239
38250
38250
38263
38272
38283
38287
38289
38296
38310
38320
38337
38341
38346
38355
38356
38368
38373
38375
38377
38381
38384
38385
38397
38406
38418
38420
38425
38427
38433
38435
38457
38463
38476
38483
38495
38505
38508
38509
38510
38518
38522
38527
38531
38531
38540
38554
38565
38586
38587
38593
38603
38609
38629
38629
38639
38641
38655
38660
38671
38678
38682
38696
38710
38711
38716
38740
38746
38768
38772
38778
38779
38783
38799
38809
38813
38818
38823
38834
38834
38835
38851
38858
38867
38873
38878
38898
38900
38912
38918
38923
38923
38924
38929
38930
38946
38956
38962
38990
39001
39005
39009
39014
39018
39037
39046
39050
39063
39079
39080
39084
39090
39092
39098
39099
39112
39120
39125
39134
39137
39137
39150
39152
39162
39173
39184
39187
39193
39209
39217
39217
39218
39220
39238
39244
39247
39255
39263
39263
39267
39270
39278
39282
39284
39300
39309
39318
39326
39330
39332
39335
39336
39347
39352
39357
39372
39383
39400
39443
39446
39453
39454
39467
39476
39480
39496
39502
39520
39540
39546
39548
39550
39558
39559
39563
39564
39569
39575
39587
39603
39606
39612
39621
39623
39627
39639
39639
39657
39665
39680
39690
39691
39693
39699
39707
39709
39719
39720
39726
39735
39737
39743
39757
39770
39774
39775
39777
39815
39815
39820
39821
39824
39824
39828
39836
39843
39843
39850
39874
39878
39878
39880
39880
39881
39901
39910
39920
39927
39940
39969
39986
39986
39989
39996
39998
39998
40000
40001
40011
40044
40045
40049
40061
40076
40084
40092
40096
40097
40111
40121
40122
40128
40129
40129
40134
40154
40155
40159
40159
40194
40200
40208
40216
40218
40219
40221
40223
40224
40246
40252
40264
40270
40278
40291
40296
40297
40301
40307
40310
40311
40314
40321
40330
40341
40346
40357
40381
40383
40387
40395
40395
40406
40412
40417
40435
40441
40448
40459
40468
40468
40471
40475
40482
40487
40492
40493
40495
40495
40499
40505
40516
40521
40524
40525
40527
40536
40550
40551
40553
40553
40554
40559
40561
40567
40569
40603
40606
40606
40608
40608
40617
40622
40642
40648
40649
40650
40657
40661
40681
40699
40702
40705
40729
40732
40737
40737
40738
40740
40743
40755
40756
40775
40783
40794
40805
40807
40810
40815
40826
40831
40845
40863
40886
40893
40898
40901
40905
40908
40910
40913
40918
40923
40926
40927
40960
40962
40969
40971
40995
41001
41003
41006
41006
41011
41018
41019
41023
41029
41034
41046
41049
41073
41078
41089
41090
41091
41099
41103
41111
41125
41128
41131
41137
41138
41139
41144
41156
41162
41165
41167
41183
41190
41196
41199
41200
41210
41214
41217
41222
41224
41225
41227
41229
41232
41239
41241
41257
41298
41318
41326
41327
41330
41337
41338
41350
41368
41369
41373
41380
41384
41392
41432
41433
41434
41438
41438
41444
41452
41456
41463
41463
41485
41490
41494
41500
41504
41517
41525
41525
41526
41535
41537
41541
41541
41546
41550
41554
41568
41577
41586
41588
41614
41620
41623
41624
41627
41630
41634
41636
41650
41653
41654
41658
41667
41669
41673
41679
41683
41685
41695
41701
41704
41707
41708
41713
41745
41761
41769
41783
41790
41791
41794
41795
41801
41819
41825
41831
41846
41857
41865
41865
41877
41892
41906
41924
41927
41932
41938
41944
41956
41965
41965
41981
41994
42009
42009
42028
42036
42037
42042
42047
42048
42056
42067
42075
42080
42082
42084
42086
42121
42128
42130
42146
42154
42162
42188
42190
42194
42201
42210
42219
42225
42227
42227
42228
42247
42269
42276
42284
42285
42292
42300
42302
42305
42308
42311
42311
42330
42334
42339
42341
42357
42361
42387
42401
42404
42417
42423
42437
42439
42451
42454
42472
42473
42485
42488
42498
42509
42514
42530
42531
42533
42560
42570
42589
42620
42628
42649
42652
42668
42672
42673
42674
42684
42685
42686
42688
42694
42697
42699
42701
42723
42731
42732
42734
42747
42748
42752
42762
42787
42790
42792
42797
42803
42847
42855
42855
42855
42864
42879
42883
42885
42887
42892
42894
42902
42906
42915
42917
42923
42925
42927
42935
42941
42944
42949
42978
42992
43044
43046
43064
43067
43069
43090
43095
43107
43113
43126
43133
43135
43137
43141
43176
43195
43198
43218
43227
43227
43232
43235
43236
43249
43259
43265
43283
43294
43307
43313
43314
43314
43335
43335
43343
43347
43366
43367
43379
43407
43416
43428
43438
43441
43452
43458
43459
43466
43469
43479
43479
43483
43494
43494
43507
43536
43552
43564
43568
43570
43574
43578
43582
43600
43606
43609
43611
43612
43614
43615
43619
43628
43628
43630
43630
43633
43636
43655
43663
43671
43698
43700
43700
43702
43706
43716
43723
43740
43752
43780
43795
43807
43823
43824
43826
43827
43829
43831
43831
43835
43838
43846
43848
43849
43857
43868
43873
43903
43916
43922
43924
43933
43933
43939
43941
43942
43963
43972
43994
43995
43999
44007
44010
44019
44051
44051
44059
44060
44066
44074
44078
44084
44084
44096
44099
44101
44102
44115
44121
44138
44142
44142
44160
44184
44196
44209
44224
44226
44237
44240
44241
44257
44262
44264
44267
44276
44294
44297
44301
44303
44312
44313
44318
44323
44328
44329
44333
44334
44380
44384
44395
44397
44404
44407
44417
44473
44478
44495
44507
44509
44535
44536
44545
44547
44554
44564
44572
44586
44588
44592
44599
44600
44629
44635
44655
44669
44679
44683
44683
44695
44697
44711
44713
44723
44727
44751
44768
44771
44781
44788
44791
44799
44803
44810
44830
44833
44857
44859
44891
44898
44909
44929
44938
44943
44946
44954
44955
44964
44969
44970
44972
44999
45011
45012
45014
45028
45029
45031
45040
45047
45056
45067
45072
45077
45078
45109
45117
45120
45125
45127
45132
45137
45143
45164
45175
45179
45187
45188
45192
45199
45204
45208
45209
45224
45230
45257
45258
45259
45260
45283
45288
45289
45293
45308
45317
45324
45326
45330
45331
45341
45345
45355
45361
45368
45373
45375
45376
45379
45389
45391
45404
45405
45412
45427
45435
45447
45453
45466
45468
45473
45476
45478
45481
45494
45525
45526
45530
45539
45548
45554
45555
45584
45584
45594
45595
45620
45636
45640
45642
45644
45653
45660
45670
45688
45696
45699
45701
45705
45706
45707
45719
45720
45727
45733
45748
45774
45780
45790
45791
45803
45805
45846
45864
45875
45902
45911
45926
45926
45932
45942
45944
45950
45956
45960
45967
45973
45973
45977
45980
45982
45997
46004
46008
46012
46021
46031
46035
46043
46054
46076
46077
46085
46090
46091
46095
46111
46144
46146
46195
46200
46207
46207
46234
46237
46240
46248
46255
46256
46262
46262
46263
46264
46296
46297
46301
46307
46316
46325
46326
46349
46350
46359
46359
46365
46380
46388
46410
46420
46423
46430
46431
46433
46440
46442
46472
46477
46480
46485
46498
46499
46506
46524
46527
46528
46537
46537
46544
46552
46554
46555
46565
46568
46569
46575
46576
46578
46597
46613
46616
46623
46638
46651
46652
46681
46683
46714
46718
46749
46754
46758
46762
46777
46779
46791
46802
46803
46823
46838
46853
46854
46855
46865
46888
46895
46899
46900
46914
46916
46926
46935
46940
46945
46953
46953
46954
46960
46960
46964
46971
46985
47001
47002
47011
47012
47028
47039
47041
47042
47043
47047
47048
47050
47059
47067
47116
47123
47127
47142
47147
47159
47181
47183
47186
47189
47193
47196
47198
47199
47212
47226
47229
47249
47250
47250
47250
47251
47269
47275
47276
47282
47286
47290
47293
47293
47296
47308
47308
47312
47315
47322
47322
47325
47326
47328
47357
47389
47418
47420
47422
47442
47449
47459
47468
47473
47480
47482
47491
47502
47517
47517
47524
47531
47552
47566
47569
47570
47573
47583
47589
47603
47608
47620
47630
47637
47640
47645
47658
47664
47667
47670
47689
47695
47697
47697
47697
47699
47700
47705
47711
47726
47729
47732
47734
47742
47743
47746
47746
47748
47750
47750
47755
47787
47788
47803
47805
47809
47812
47814
47820
47825
47831
47852
47861
47869
47890
47896
47900
47902
47910
47930
47949
47950
47973
47988
47993
48011
48035
48045
48061
48064
48068
48071
48075
48083
48097
48097
48111
48119
48123
48129
48130
48139
48140
48155
48155
48158
48171
48176
48177
48181
48197
48200
48211
48213
48216
48236
48237
48240
48240
48241
48256
48267
48270
48274
48299
48303
48306
48309
48315
48316
48322
48329
48330
48356
48367
48369
48374
48403
48405
48409
48411
48419
48420
48424
48429
48430
48437
48448
48449
48465
48486
48488
48489
48493
48494
48505
48525
48539
48539
48549
48554
48554
48560
48565
48567
48569
48609
48613
48642
48644
48644
48649
48656
48657
48665
48669
48671
48707
48708
48731
48738
48738
48762
48764
48767
48771
48773
48778
48782
48782
48803
48809
48823
48825
48840
48841
48842
48849
48856
48856
48861
48878
48880
48887
48891
48898
48898
48904
48935
48935
48936
48944
48959
48970
48973
49026
49036
49049
49060
49061
49064
49071
49081
49081
49099
49117
49118
49142
49152
49153
49161
49168
49171
49173
49174
49188
49232
49234
49244
49248
49255
49263
49277
49282
49284
49288
49288
49342
49348
49355
49370
49380
49384
49390
49404
49407
49420
49427
49431
49444
49445
49446
49457
49464
49479
49490
49494
49497
49504
49523
49529
49531
49531
49537
49540
49542
49544
49550
49557
49560
49561
49575
49588
49589
49591
49592
49603
49617
49643
49644
49649
49653
49659
49661
49677
49702
49711
49714
49716
49738
49755
49763
49766
49771
49779
49788
49788
49819
49822
49856
49860
49862
49877
49889
49896
49902
49903
49907
49908
49913
49926
49935
49937
49952
49969
49993
50006
50007
50018
50029
50032
50036
50052
50056
50066
50068
50074
50081
50097
50113
50117
50121
50132
50137
50154
50157
50165
50167
50176
50190
50192
50212
50213
50220
50225
50235
50237
50252
50254
50255
50267
50280
50283
50286
50296
50300
50306
50315
50324
50327
50329
50345
50350
50357
50359
50361
50361
50366
50373
50395
50400
50441
50441
50448
50452
50472
50482
50490
50502
50504
50517
50524
50530
50534
50541
50542
50551
50561
50569
50598
50622
50629
50636
50650
50692
50697
50701
50703
50706
50712
50718
50728
50731
50741
50741
50744
50765
50774
50787
50788
50791
50815
50817
50841
50847
50849
50851
50857
50870
50876
50896
50898
50899
50904
50919
50930
50931
50941
50942
50954
50958
50961
50968
50994
51000
51001
51003
51005
51008
51018
51023
51032
51033
51060
51075
51076
51080
51080
51091
51105
51111
51113
51116
51127
51131
51131
51131
51136
51162
51172
51172
51173
51176
51207
51216
51226
51233
51237
51237
51238
51257
51279
51290
51304
51318
51322
51323
51342
51350
51356
51366
51390
51393
51416
51421
51423
51433
51436
51441
51442
51443
51444
51446
51448
51452
51452
51461
51470
51473
51477
51493
51493
51508
51526
51535
51537
51557
51571
51575
51578
51582
51593
51596
51602
51606
51610
51615
51616
51619
51624
51627
51630
51630
51633
51649
51657
51673
51686
51687
51710
51720
51729
51730
51732
51733
51737
51747
51754
51760
51770
51777
51789
51790
51793
51795
51803
51808
51818
51822
51824
51835
51838
51840
51845
51848
51859
51870
51880
51885
51888
51897
51899
51906
51907
51914
51918
51931
51935
51940
51965
51973
51977
51978
51984
51988
51991
51991
51996
51999
52004
52006
52017
52033
52050
52055
52057
52079
52086
52088
52089
52125
52127
52129
52154
52165
52171
52171
52174
52174
52186
52186
52189
52194
52198
52207
52208
52210
52215
52219
52220
52221
52229
52229
52236
52236
52237
52239
52251
52255
52258
52261
52262
52269
52269
52280
52285
52310
52315
52316
52334
52340
52351
52358
52382
52391
52393
52394
52406
52406
52408
52414
52417
52417
52425
52431
52440
52441
52448
52452
52462
52473
52483
52483
52488
52496
52501
52512
52514
52516
52528
52545
52546
52548
52553
52555
52571
52575
52586
52595
52616
52620
52637
52640
52659
52659
52663
52677
52702
52708
52709
52730
52733
52754
52757
52761
52766
52770
52782
52784
52793
52802
52809
52822
52824
52840
52843
52843
52847
52875
52876
52885
52887
52913
52914
52918
52926
52927
52928
52932
52937
52937
52940
52960
52965
52975
52987
52996
53013
53027
53030
53037
53045
53045
53059
53068
53073
53078
53091
53094
53105
53116
53141
53145
53157
53157
53166
53168
53172
53191
53206
53207
53211
53234
53236
53242
53261
53263
53273
53280
53283
53290
53297
53311
53314
53356
53360
53384
53384
53395
53404
53411
53428
53449
53474
53474
53488
53493
53501
53501
53507
53514
53519
53537
53543
53550
53570
53572
53577
53586
53625
53642
53657
53662
53700
53709
53712
53726
53727
53729
53737
53739
53752
53771
53781
53788
53791
53796
53805
53805
53812
53815
53830
53838
53838
53843
53845
53851
53855
53861
53864
53883
53884
53897
53904
53911
53919
53927
53933
53956
53970
53970
53990
53991
54002
54002
54020
54031
54046
54047
54050
54055
54060
54062
54068
54074
54080
54081
54088
54090
54096
54101
54105
54114
54115
54119
54123
54124
54134
54152
54155
54166
54167
54169
54182
54193
54221
54225
54231
54233
54238
54242
54251
54252
54263
54266
54268
54285
54289
54298
54298
54304
54308
54325
54341
54357
54360
54379
54381
54386
54394
54401
54403
54406
54442
54447
54461
54464
54467
54493
54504
54508
54510
54512
54518
54518
54524
54529
54530
54547
54553
54570
54571
54572
54574
54574
54579
54591
54595
54597
54608
54612
54620
54629
54634
54653
54655
54660
54669
54681
54686
54689
54714
54715
54719
54727
54736
54742
54747
54747
54749
54762
54769
54771
54772
54789
54808
54810
54810
54811
54815
54820
54822
54823
54840
54856
54859
54860
54864
54867
54868
54872
54874
54880
54881
54901
54909
54914
54915
54923
54925
54927
54938
54947
54959
54968
54973
54981
54994
55012
55015
55022
55028
55030
55049
55060
55064
55073
55077
55078
55085
55087
55089
55093
55108
55115
55119
55138
55140
55140
55141
55171
55210
55219
55227
55232
55240
55252
55254
55258
55260
55260
55261
55268
55280
55285
55301
55305
55308
55315
55336
55337
55339
55339
55340
55346
55350
55353
55366
55372
55382
55415
55419
55433
55441
55461
55469
55470
55503
55505
55507
55512
55537
55556
55559
55573
55582
55582
55595
55604
55606
55623
55636
55641
55656
55669
55682
55701
55702
55705
55712
55722
55727
55733
55747
55758
55761
55792
55808
55826
55830
55831
55837
55837
55844
55852
55860
55868
55874
55879
55879
55882
55889
55892
55896
55899
55925
55939
55946
55946
55958
55965
55982
56003
56007
56016
56021
56032
56037
56042
56051
56054
56060
56103
56106
56116
56131
56132
56139
56141
56166
56167
56183
56189
56191
56193
56202
56206
56209
56209
56223
56224
56226
56227
56232
56243
56245
56247
56251
56264
56264
56275
56276
56276
56281
56290
56292
56298
56301
56315
56330
56336
56344
56355
56372
56374
56402
56417
56417
56420
56423
56432
56437
56441
56442
56444
56444
56464
56466
56472
56474
56478
56491
56495
56503
56504
56509
56523
56534
56552
56556
56562
56570
56578
56589
56603
56608
56609
56610
56648
56668
56681
56705
56726
56732
56737
56743
56743
56746
56749
56760
56763
56783
56786
56792
56793
56801
56801
56803
56825
56831
56842
56852
56861
56909
56911
56916
56947
56957
56959
56969
56973
56976
56989
56997
57003
57015
57017
57020
57021
57023
57025
57045
57052
57068
57074
57078
57095
57097
57101
57103
57104
57114
57115
57116
57120
57124
57127
57131
57132
57139
57164
57176
57190
57190
57193
57194
57198
57209
57217
57221
57229
57246
57247
57247
57260
57269
57269
57284
57300
57311
57321
57322
57330
57347
57372
57373
57378
57385
57392
57392
57393
57412
57416
57420
57421
57435
57471
57506
57515
57528
57538
57559
57562
57562
57562
57571
57591
57594
57596
57621
57621
57625
57628
57631
57637
57639
57640
57645
57646
57651
57657
57662
57664
57673
57682
57685
57698
57702
57704
57709
57713
57723
57738
57756
57766
57786
57794
57796
57801
57805
57805
57820
57824
57825
57866
57871
57874
57883
57888
57891
57896
57898
57911
57919
57927
57931
57932
57937
57939
57940
57941
57953
57973
57985
57985
57989
57989
57991
57994
58019
58031
58063
58071
58080
58086
58091
58097
58098
58102
58139
58142
58145
58156
58166
58175
58184
58185
58203
58205
58212
58215
58218
58223
58227
58230
58234
58235
58243
58245
58247
58250
58254
58261
58269
58269
58270
58273
58274
58281
58289
58290
58291
58307
58318
58329
58338
58351
58376
58407
58408
58414
58421
58422
58462
58471
58478
58502
58506
58534
58540
58540
58541
58552
58557
58595
58598
58600
58625
58628
58639
58649
58651
58667
58668
58670
58682
58689
58695
58696
58724
58733
58744
58745
58747
58748
58749
58753
58753
58759
58788
58809
58819
58831
58838
58843
58845
58845
58846
58861
58866
58871
58871
58875
58898
58903
58908
58917
58930
58936
58946
58946
58948
58950
58958
58966
58975
58976
58994
59007
59007
59024
59025
59033
59033
59034
59049
59063
59065
59067
59067
59073
59077
59081
59082
59095
59098
59113
59117
59132
59134
59143
59155
59156
59160
59162
59179
59188
59197
59199
59205
59224
59227
59228
59242
59245
59265
59271
59272
59275
59278
59280
59288
59290
59291
59293
59297
59310
59334
59342
59348
59358
59366
59370
59382
59387
59405
59405
59439
59457
59464
59486
59487
59488
59499
59501
59501
59518
59520
59521
59523
59527
59532
59544
59548
59550
59555
59567
59573
59599
59604
59605
59607
59630
59632
59652
59656
59684
59715
59725
59735
59742
59745
59746
59764
59765
59768
59777
59783
59791
59796
59808
59811
59815
59821
59832
59835
59840
59850
59854
59854
59860
59881
59884
59887
59889
59891
59895
59896
59925
59931
59947
59953
59958
59961
59976
59995
59997
59999
60006
60015
60020
60034
60037
60044
60057
60095
60103
60104
60105
60116
60120
60131
60138
60139
60146
60147
60154
60156
60169
60170
60189
60192
60197
60201
60204
60208
60209
60211
60215
60232
60240
60247
60273
60279
60291
60294
60301
60322
60323
60336
60342
60347
60365
60383
60387
60421
60437
60438
60443
60455
60473
60480
60487
60491
60511
60540
60560
60562
60572
60581
60594
60595
60596
60597
60600
60600
60606
60610
60612
60623
60632
60648
60656
60658
60661
60672
60672
60687
60688
60708
60708
60749
60752
60758
60761
60766
60769
60771
60778
60800
60804
60813
60831
60848
60854
60862
60868
60881
60889
60894
60900
60904
60932
60935
60943
60947
60967
60970
60979
60992
60997
61031
61052
61056
61070
61082
61082
61092
61108
61119
61123
61125
61128
61145
61151
61158
61163
61171
61194
61197
61213
61213
61215
61223
61224
61232
61241
61269
61284
61287
61293
61301
61305
61310
61311
61311
61313
61321
61328
61329
61329
61345
61382
61386
61398
61414
61418
61419
61426
61428
61441
61443
61446
61447
61457
61467
61477
61486
61487
61488
61490
61490
61495
61497
61501
61511
61522
61531
61542
61544
61546
61551
61561
61564
61575
61581
61586
61587
61590
61594
61600
61603
61626
61627
61631
61639
61652
61658
61668
61679
61691
61696
61698
61704
61725
61726
61726
61729
61733
61742
61749
61756
61764
61789
61801
61807
61809
61810
61812
61823
61839
61850
61861
61867
61871
61879
61901
61904
61905
61905
61919
61930
61932
61932
61953
61957
61958
61967
61968
61972
61975
61987
61992
61995
61996
62015
62018
62027
62031
62034
62035
62053
62054
62054
62057
62100
62102
62111
62116
62142
62162
62168
62174
62176
62190
62191
62199
62205
62208
62229
62232
62235
62253
62263
62265
62271
62279
62280
62280
62281
62282
62285
62297
62298
62302
62317
62333
62334
62342
62356
62358
62368
62368
62372
62375
62377
62383
62384
62403
62415
62429
62450
62478
62496
62502
62506
62507
62521
62524
62528
62535
62537
62551
62566
62571
62572
62583
62593
62598
62600
62600
62611
62619
62623
62627
62662
62664
62672
62678
62679
62687
62700
62704
62704
62710
62720
62737
62759
62768
62789
62800
62810
62821
62829
62831
62836
62852
62874
62887
62894
62908
62916
62926
62932
62935
62936
62946
62947
62948
62958
62960
62966
62967
62967
62968
62975
62980
62988
62988
62998
63003
63006
63017
63027
63028
63039
63041
63045
63057
63066
63088
63120
63140
63154
63188
63208
63208
63211
63220
63234
63234
63237
63238
63256
63268
63272
63285
63286
63313
63322
63337
63342
63343
63353
63353
63359
63376
63378
63388
63398
63401
63410
63431
63436
63437
63439
63441
63442
63462
63463
63466
63466
63472
63486
63492
63494
63497
63503
63503
63510
63518
63523
63530
63536
63539
63548
63553
63556
63572
63575
63588
63593
63597
63599
63616
63619
63624
63654
63660
63667
63691
63691
63693
63715
63724
63725
63727
63731
63732
63739
63743
63745
63756
63762
63779
63789
63790
63791
63818
63824
63832
63839
63849
63855
63856
63865
63873
63889
63890
63896
63899
63904
63942
63946
63970
63976
64003
64007
64016
64030
64037
64042
64048
64054
64062
64069
64070
64073
64091
64093
64095
64099
64105
64116
64135
64144
64164
64164
64167
64187
64187
64191
64194
64197
64201
64203
64205
64208
64210
64220
64231
64237
64239
64244
64250
64264
64285
64297
64329
64335
64338
64345
64351
64360
64361
64367
64380
64385
64407
64417
64418
64422
64437
64438
64444
64459
64460
64464
64470
64474
64476
64483
64500
64507
64519
64526
64532
64542
64542
64545
64553
64555
64561
64582
64587
64594
64597
64604
64609
64619
64626
64627
64631
64646
64648
64668
64669
64675
64679
64685
64696
64697
64697
64724
64746
64750
64758
64764
64768
64772
64797
64800
64811
64830
64841
64842
64846
64854
64864
64865
64870
64873
64878
64883
64928
64932
64934
64949
64963
64970
64975
64989
64989
64996
65013
65013
65026
65028
65042
65051
65054
65057
65069
65087
65092
65095
65114
65117
65125
65129
65139
65160
65174
65189
65222
65228
65252
65256
65257
65261
65262
65277
65299
65305
65310
65311
65312
65341
65344
65353
65369
65373
65391
65402
65410
65418
65440
65443
65448
65455
65463
65463
65469
65475
65480
65484
65504
65508
65517
65518
65519
65524
65528
65528
65538
65539
65539
65547
65555
65559
65559
65560
65572
65584
65585
65597
65598
65598
65599
65600
65601
65629
65637
65641
65646
65660
65662
65664
65682
65682
65690
65704
65723
65732
65734
65746
65752
65752
65753
65765
65765
65766
65767
65799
65808
65811
65820
65823
65836
65837
65852
65864
65865
65869
65885
65885
65887
65890
65898
65910
65915
65948
65951
65966
65968
65977
65988
65988
65989
66010
66019
66020
66035
66038
66051
66053
66054
66077
66083
66085
66090
66090
66093
66107
66114
66115
66120
66121
66126
66132
66147
66151
66172
66176
66179
66186
66192
66201
66206
66209
66215
66217
66219
66232
66239
66252
66256
66270
66282
66291
66293
66294
66296
66296
66297
66314
66326
66343
66349
66355
66360
66375
66398
66403
66423
66449
66451
66456
66459
66470
66486
66496
66501
66511
66527
66528
66530
66533
66538
66541
66542
66548
66555
66559
66565
66566
66568
66569
66574
66577
66587
66588
66594
66603
66617
66620
66627
66628
66641
66641
66643
66643
66655
66660
66664
66672
66698
66708
66712
66713
66713
66729
66740
66749
66753
66764
66767
66768
66778
66792
66804
66808
66821
66823
66828
66837
66841
66844
66848
66869
66889
66900
66910
66918
66930
66952
66982
67000
67010
67014
67019
67027
67039
67046
67047
67048
67049
67051
67054
67073
67078
67106
67114
67142
67156
67166
67167
67169
67191
67192
67206
67208
67225
67229
67235
67238
67239
67258
67269
67272
67274
67284
67287
67294
67299
67310
67315
67319
67321
67333
67341
67351
67351
67352
67354
67360
67363
67374
67384
67392
67394
67406
67422
67426
67429
67442
67445
67451
67481
67482
67486
67493
67512
67532
67551
67553
67558
67560
67564
67567
67569
67588
67589
67589
67622
67625
67627
67635
67654
67658
67666
67674
67685
67688
67699
67719
67735
67738
67748
67756
67763
67779
67784
67795
67797
67803
67808
67814
67838
67841
67852
67883
67889
67897
67905
67925
67929
67930
67945
67954
67960
67967
67975
68015
68016
68018
68020
68023
68037
68065
68070
68078
68086
68086
68093
68096
68104
68109
68123
68126
68128
68146
68162
68172
68175
68178
68186
68195
68197
68201
68214
68216
68245
68257
68257
68259
68261
68261
68263
68271
68274
68286
68306
68309
68329
68333
68335
68343
68352
68358
68396
68401
68412
68412
68418
68419
68420
68423
68442
68454
68456
68456
68463
68481
68482
68489
68492
68499
68509
68512
68514
68523
68535
68536
68538
68544
68545
68547
68553
68567
68575
68576
68595
68628
68628
68631
68631
68640
68673
68674
68674
68689
68693
68698
68726
68730
68731
68733
68733
68745
68749
68765
68785
68803
68806
68811
68812
68825
68825
68835
68838
68841
68855
68877
68879
68883
68890
68894
68898
68908
68910
68914
68952
68959
68963
68967
68971
68973
68977
68985
68998
68999
69011
69021
69027
69030
69036
69048
69082
69087
69093
69095
69101
69102
69104
69113
69115
69132
69134
69158
69166
69168
69168
69175
69183
69184
69209
69224
69232
69286
69294
69294
69305
69309
69316
69321
69321
69343
69366
69371
69386
69398
69400
69413
69414
69427
69439
69442
69443
69455
69457
69457
69465
69468
69468
69469
69481
69482
69515
69523
69533
69548
69551
69564
69574
69585
69588
69589
69590
69591
69615
69615
69624
69626
69642
69652
69659
69662
69673
69698
69705
69710
69723
69744
69745
