16
41
66
81
101
128
171
195
215
218
256
282
330
342
403
404
444
466
473
476
491
546
555
590
591
592
631
635
648
661
665
672
684
686
692
705
707
721
726
736
744
754
817
857
869
877
888
933
965
998
1036
1099
1121
1142
1194
1198
1199
1211
1271
1321
1334
1350
1362
1371
1374
1378
1393
1421
1476
1542
1543
1571
1571
1572
1587
1598
1605
1616
1616
1616
1665
1684
1701
1740
1741
1806
1811
1854
1872
1889
1904
1925
1931
1935
1979
1984
2018
2024
2024
2025
2061
2090
2109
2110
2111
2115
2128
2155
2156
2176
2208
2261
2318
2397
2409
2470
2519
2585
2601
2675
2691
2730
2752
2836
2849
2882
2946
3035
3040
3044
3062
3108
3125
3156
3185
3209
3233
3268
3348
3380
3394
3410
3415
3433
3434
3468
3468
3477
3500
3525
3555
3558
3602
3616
3620
3624
3625
3641
3660
3696
3702
3767
3772
3791
3791
3818
3829
3841
3884
3884
3899
3911
3917
3956
3963
3983
4003
4033
4038
4052
4052
4074
4089
4112
4151
4195
4230
4292
4331
4343
4356
4378
4392
4401
4405
4421
4425
4468
4482
4486
4499
4518
4520
4526
4557
4564
4576
4578
4590
4609
4644
4657
4691
4692
4694
4721
4724
4775
4804
4829
4833
4838
4865
4879
4899
4903
4919
4925
4958
4988
5031
5033
5061
5084
5100
5137
5182
5190
5195
5205
5256
5263
5284
5306
5325
5348
5366
5368
5385
5401
5402
5412
5416
5432
5459
5463
5540
5598
5610
5668
5678
5739
5740
5765
5779
5797
5807
5819
5825
5857
5863
5872
5886
5894
5906
5911
5928
5976
6005
6008
6008
6019
6038
6064
6145
6153
6153
6163
6196
6211
6220
6223
6230
6268
6337
6344
6380
6449
6458
6460
6473
6476
6478
6516
6518
6533
6539
6550
6559
6567
6611
6657
6692
6712
6779
6782
6803
6892
6894
6905
6911
6925
6947
6955
6956
7009
7036
7075
7079
7098
7103
7121
7130
7151
7185
7222
7360
7361
7365
7392
7416
7433
7436
7480
7503
7521
7524
7546
7586
7619
7641
7648
7658
7701
7711
7713
7727
7732
7779
7794
7876
7881
7881
7909
7963
7966
7974
7977
7983
7994
8017
8018
8051
8059
8079
8089
8112
8113
8140
8175
8192
8216
8238
8246
8251
8275
8281
8303
8335
8392
8460
8501
8512
8520
8606
8614
8618
8631
8659
8675
8717
8719
8755
8819
8840
8883
8904
8906
8912
8931
8946
8947
8950
8977
9020
9030
9072
9085
9088
9093
9112
9115
9139
9139
9147
9156
9194
9267
9319
9331
9342
9394
9457
9468
9474
9536
9551
9610
9630
9633
9648
9649
9678
9694
9713
9747
9750
9758
9774
9796
9818
9822
9858
9863
9910
9941
9958
10005
10010
10021
10076
10088
10116
10151
10175
10247
10272
10273
10296
10332
10388
10439
10441
10466
10480
10516
10526
10540
10571
10598
10621
10631
10666
10699
10839
10847
10888
10909
10919
10982
10985
11036
11036
11078
11081
11093
11150
11162
11248
11272
11317
11351
11351
11354
11376
11409
11448
11489
11499
11546
11598
11608
11618
11626
11674
11680
11717
11744
11759
11824
11846
11857
11870
11879
11891
11900
11936
11941
11950
11951
11965
11970
11997
12000
12035
12066
12082
12086
12110
12116
12161
12185
12210
12228
12248
12257
12271
12284
12315
12318
12353
12358
12361
12412
12422
12480
12482
12483
12507
12538
12560
12578
12599
12614
12616
12647
12657
12722
12748
12791
12818
12827
12828
12839
12859
12878
12886
12945
12977
12987
13017
13032
13113
13113
13119
13130
13130
13168
13209
13241
13269
13274
13278
13312
13328
13347
13373
13414
13420
13426
13439
13442
13503
13524
13525
13553
13561
13594
13595
13620
13654
13672
13673
13680
13696
13696
13790
13823
13870
13888
14033
14116
14178
14181
14300
14313
14322
14327
14331
14344
14352
14406
14410
14434
14435
14444
14458
14493
14507
14519
14559
14568
14570
14641
14683
14687
14744
14759
14789
14865
14866
14921
14956
14986
15003
15006
15016
15019
15020
15048
15076
15124
15130
15130
15140
15179
15221
15230
15241
15252
15269
15301
15303
15322
15390
15433
15469
15470
15472
15491
15499
15511
15535
15563
15585
15590
15600
15603
15615
15650
15677
15679
15718
15739
15783
15815
15822
15843
15864
15902
15927
15971
16001
16005
16012
16039
16045
16056
16126
16149
16178
16271
16292
16302
16354
16371
16378
16390
16444
16468
16473
16549
16581
16603
16665
16680
16707
16742
16790
16838
16846
16872
16928
16937
16940
16951
16965
17047
17048
17104
17143
17173
17209
17267
17274
17276
17346
17390
17441
17505
17544
17550
17561
17613
17623
17788
17817
17826
17826
17847
17852
17904
17927
17969
17975
18016
18046
18065
18100
18162
18186
18220
18377
18391
18415
18505
18522
18543
18552
18602
18605
18608
18615
18633
18666
18674
18735
18742
18770
18807
18811
18818
18822
18844
18845
18856
18875
18956
19154
19173
19264
19314
19323
19331
19414
19444
19451
19464
19500
19547
19606
19614
19615
19620
19636
19647
19675
19709
19735
19748
19756
19799
19815
19822
19900
19903
19943
19958
19999
20014
20019
20022
20042
20054
20066
20214
20245
20260
20295
20351
20355
20363
20428
20431
20491
20521
20528
20594
20655
20658
20679
20751
20800
20802
20823
20858
20863
20901
20925
20960
21030
21057
21068
21091
21121
21149
21165
21189
21199
21213
21217
21255
21283
21295
21300
21314
21373
21386
21443
21451
21485
21524
21527
21543
21557
21562
21607
21612
21636
21651
21700
21710
21733
21738
21744
21760
21778
21819
21879
21889
21895
21901
21917
21931
21938
21982
22024
22061
22101
22149
22166
22179
22195
22293
22311
22319
22325
22345
22417
22419
22492
22496
22507
22516
22547
22551
22566
22629
22641
22657
22673
22676
22690
22720
22753
22778
22783
22794
22806
22812
22820
22828
22836
22841
22857
22864
22871
22901
22924
22993
23013
23056
23160
23166
23207
23226
23345
23367
23372
23376
23378
23380
23487
23503
23504
23562
23575
23593
23605
23605
23609
23623
23690
23763
23766
23777
23781
23795
23903
23938
23975
24006
24040
24060
24093
24113
24134
24169
24170
24180
24209
24226
24244
24282
24313
24321
24333
24383
24384
24388
24419
24434
24449
24484
24520
24540
24563
24565
24586
24595
24609
24632
24641
24682
24703
24704
24725
24734
24857
24871
24882
24885
24922
24937
24962
24971
24976
24996
25009
25009
25017
25021
25031
25063
25126
25164
25182
25190
25206
25229
25255
25256
25291
25311
25317
25327
25402
25448
25463
25467
25468
25513
25522
25541
25591
25612
25663
25691
25710
25766
25805
25819
25877
25907
25926
25933
25946
25961
25976
25997
26016
26021
26040
26066
26107
26128
26133
26135
26144
26145
26151
26153
26156
26160
26194
26197
26244
26269
26286
26290
26320
26320
26330
26349
26361
26369
26387
26451
26481
26488
26506
26510
26527
26558
26559
26578
26579
26589
26607
26617
26625
26627
26639
26674
26677
26682
26712
26778
26779
26818
26832
26832
26843
26856
26861
26863
26897
26900
26910
26998
27054
27055
27089
27093
27113
27113
27145
27154
27169
27206
27209
27216
27275
27342
27353
27377
27416
27494
27522
27534
27568
27594
27601
27640
27675
27677
27691
27700
27709
27742
27745
27748
27771
27779
27840
27926
27939
27998
28029
28075
28086
28140
28155
28172
28173
28195
28246
28281
28378
28381
28423
28426
28442
28470
28509
28557
28558
28621
28627
28648
28653
28671
28677
28685
28688
28725
28742
28749
28819
28826
28861
28868
28869
28900
28917
28961
28988
29003
29013
29018
29036
29067
29102
29155
29161
29175
29204
29220
29294
29351
29355
29385
29398
29415
29422
29471
29476
29487
29495
29496
29531
29534
29539
29542
29568
29601
29609
29634
29638
29667
29670
29703
29747
29776
29776
29782
29798
29802
29870
29878
29928
29971
29979
29982
29998
30035
30038
30072
30103
30104
30148
30170
30178
30178
30195
30211
30214
30216
30222
30254
30313
30321
30337
30370
30387
30401
30403
30470
30474
30489
30496
30498
30506
30518
30521
30545
30558
30574
30575
30605
30633
30661
30674
30722
30752
30770
30771
30773
30785
30791
30809
30829
30829
30840
30847
30864
30887
30913
30921
31011
31027
31132
31173
31184
31200
31216
31235
31253
31312
31316
31325
31351
31356
31360
31376
31382
31409
31481
31486
31495
31499
31570
31573
31590
31592
31598
31608
31610
31612
31616
31639
31656
31661
31665
31682
31714
31738
31771
31800
31896
31909
31914
31920
31939
31955
32004
32111
32135
32179
32226
32236
32240
32302
32312
32338
32342
32348
32371
32412
32482
32488
32526
32551
32564
32592
32594
32630
32664
32677
32681
32694
32696
32699
32702
32708
32709
32727
32762
32768
32833
32838
32864
32877
32889
32900
32905
32907
32953
32978
32996
33018
33019
33032
33034
33128
33157
33159
33214
33288
33354
33360
33372
33405
33449
33463
33513
33537
33565
33599
33612
33659
33698
33719
33723
33734
33764
33771
33779
33889
33893
33923
33931
33945
33949
33951
34000
34011
34064
34079
34093
34119
34155
34177
34195
34207
34317
34361
34399
34401
34406
34437
34479
34491
34491
34493
34536
34548
34562
34578
34585
34623
34678
34681
34696
34757
34759
34787
34880
34923
34966
34978
35012
35024
35025
35034
35060
35061
35069
35113
35133
35160
35184
35186
35318
35338
35361
35365
35405
35507
35508
35543
35579
35590
35668
35696
35698
35704
35718
35718
35729
35733
35798
35900
35902
35911
35922
35928
35951
35988
36027
36044
36054
36057
36071
36081
36109
36120
36151
36192
36192
36222
36255
36299
36339
36347
36373
36390
36422
36424
36426
36473
36510
36539
36546
36572
36674
36734
36761
36775
36799
36815
36838
36845
36859
36896
36913
36930
36943
36983
37009
37060
37061
37072
37114
37131
37143
37153
37186
37200
37230
37241
37255
37260
37264
37291
37370
37389
37390
37424
37428
37476
37483
37507
37534
37545
37561
37599
37614
37618
37630
37634
37690
37700
37722
37731
37747
37761
37792
37809
37840
37859
37874
37892
37897
37919
37945
37958
37960
37964
38005
38019
38022
38023
38087
38091
38092
38093
38115
38118
38134
38157
38166
38167
38169
38181
38185
38203
38225
38254
38282
38283
38290
38334
38341
38345
38352
38394
38408
38410
38412
38424
38446
38453
38465
38481
38519
38527
38528
38544
38586
38598
38605
38624
38630
38637
38707
38724
38728
38738
38752
38797
38802
38805
38827
38846
38846
38853
38859
38861
38876
38908
38997
39046
39074
39087
39125
39152
39200
39201
39272
39276
39282
39307
39337
39368
39383
39384
39411
39473
39494
39532
39538
39550
39566
39596
39607
39638
39650
39660
39697
39729
39752
39789
39809
39841
39880
39889
39890
39936
39982
39999
40007
40038
40045
40056
40057
40092
40160
40163
40208
40212
40217
40227
40300
40326
40348
40394
40412
40421
40421
40431
40451
40470
40481
40500
40527
40575
40603
40609
40632
40667
40667
40700
40750
40840
40862
40889
40895
40898
40900
40932
41003
41021
41023
41040
41062
41125
41138
41146
41148
41154
41187
41192
41202
41242
41271
41287
41319
41353
41391
41440
41444
41450
41460
41461
41489
41506
41516
41626
41709
41726
41745
41787
41819
41843
41862
41884
41928
41930
41940
41980
42009
42030
42052
42056
42127
42209
42256
42281
42322
42333
42360
42399
42436
42455
42479
42493
42555
42574
42591
42649
42651
42652
42661
42725
42726
42735
42741
42800
42807
42826
42831
42836
42842
42856
42885
42909
42910
42921
42945
42946
42953
42972
42977
42978
43010
43025
43046
43051
43068
43086
43103
43123
43124
43127
43128
43129
43137
43140
43146
43174
43182
43202
43209
43214
43261
43282
43313
43314
43315
43383
43401
43432
43447
43449
43459
43466
43479
43480
43508
43537
43540
43590
43591
43600
43604
43607
43608
43627
43729
43752
43769
43776
43816
43834
43847
43899
43901
43906
43976
43976
44002
44006
44049
44084
44084
44087
44093
44114
44136
44140
44154
44203
44206
44237
44250
44260
44261
44265
44270
44276
44301
44302
44314
44318
44370
44370
44410
44458
44477
44489
44516
44520
44531
44605
44617
44623
44687
44694
44760
44813
44857
44871
44888
44901
44911
44925
44926
44935
45019
45068
45076
45088
45130
45161
45213
45220
45244
45245
45303
45324
45412
45427
45440
45464
45475
45480
45481
45514
45519
45532
45546
45553
45603
45623
45647
45650
45658
45698
45704
45708
45733
45759
45767
45777
45782
45797
45821
45829
45908
45935
45935
45965
45995
45997
46003
46015
46023
46060
46106
46115
46179
46182
46196
46205
46241
46242
46242
46243
46247
46256
46282
46306
46311
46325
46332
46369
46404
46409
46476
46480
46521
46536
46645
46651
46654
46678
46702
46718
46725
46764
46777
46786
46793
46800
46803
46805
46845
46880
46893
46928
46941
47003
47022
47088
47133
47137
47146
47168
47171
47205
47210
47247
47264
47286
47309
47324
47403
47426
47438
47447
47482
47485
47491
47506
47546
47566
47586
47631
47639
47639
47653
47749
47817
47836
47847
47858
47859
47878
47931
47956
47959
47996
48001
48020
48042
48044
48067
48102
48102
48195
48199
48203
48216
48298
48339
48354
48356
48356
48441
48448
48495
48529
48538
48548
48570
48574
48632
48638
48728
48741
48761
48782
48785
48814
48855
48874
48878
48881
48895
48906
48925
48930
48976
49003
49004
49006
49093
49129
49152
49157
49161
49167
49198
49200
49205
49212
49236
49240
49248
49252
49256
49271
49271
49275
49289
49380
49434
49445
49461
49462
49530
49578
49594
49647
49651
49706
49709
49727
49791
49817
49824
49900
49906
49910
49919
49945
50002
50006
50006
50009
50013
50028
50050
50067
50092
50114
50161
50220
50260
50288
50329
50349
50362
50385
50410
50420
50461
50498
50526
50564
50565
50571
50589
50604
50620
50628
50628
50633
50675
50681
50685
50694
50731
50809
50820
50855
50871
50899
50901
50918
50986
50998
51020
51069
51074
51079
51080
51105
51113
51139
51141
51154
51156
51171
51175
51217
51227
51254
51342
51344
51366
51378
51402
51404
51429
51438
51448
51476
51481
51490
51502
51514
51556
51558
51561
51566
51577
51597
51694
51708
51735
51741
51765
51806
51811
51819
51833
51851
51852
51866
51869
51902
51920
51932
51936
51953
51959
51985
52001
52011
52018
52024
52055
52074
52084
52096
52105
52107
52130
52176
52182
52186
52223
52245
52255
52277
52386
52486
52488
52496
52496
52541
52593
52624
52635
52642
52668
52671
52676
52679
52695
52705
52733
52750
52781
52823
52847
52895
52901
52917
52968
53071
53090
53110
53158
53168
53175
53221
53229
53238
53276
53294
53300
53311
53354
53358
53372
53385
53397
53504
53522
53555
53566
53567
53569
53631
53670
53699
53740
53742
53748
53750
53778
53795
53813
53836
53849
53874
53875
53879
53897
53908
53935
53998
54016
54044
54047
54062
54067
54109
54199
54207
54328
54331
54340
54379
54384
54456
54475
54483
54489
54498
54501
54543
54600
54606
54630
54634
54669
54690
54709
54725
54756
54762
54786
54788
54804
54849
54861
54876
54891
54909
54911
54921
54924
54941
54943
54953
54962
54971
54978
54996
55015
55035
55047
55048
55071
55072
55080
55116
55145
55145
55166
55205
55219
55254
55258
55272
55298
55304
55310
55318
55341
55348
55365
55386
55405
55412
55441
55444
55475
55478
55493
55517
55532
55546
55551
55553
55612
55622
55649
55724
55767
55781
55784
55842
55870
55876
55936
55961
55999
56025
56055
56066
56070
56085
56099
56108
56173
56181
56183
56193
56206
56208
56233
56295
56298
56311
56313
56317
56354
56362
56380
56384
56387
56419
56456
56529
56550
56550
56604
56609
56645
56659
56703
56717
56751
56789
56828
56875
56911
56912
56917
56939
57013
57022
57023
57024
57077
57097
57134
57134
57137
57171
57188
57245
57252
57255
57283
57291
57309
57325
57365
57415
57427
57465
57482
57482
57567
57572
57624
57632
57726
57741
57759
57824
57830
57834
57843
57852
57865
57880
57926
57932
57949
57967
57995
58002
58080
58099
58134
58138
58140
58143
58182
58208
58224
58225
58267
58283
58299
58321
58339
58349
58358
58362
58402
58435
58437
58454
58462
58528
58646
58668
58680
58682
58698
58718
58721
58731
58755
58784
58908
58935
58958
58972
58979
59005
59029
59054
59054
59057
59076
59136
59144
59144
59145
59165
59168
59171
59189
59232
59284
59310
59317
59342
59343
59353
59406
59407
59412
59420
59430
59448
59459
59481
59488
59559
59572
59573
59613
59618
59693
59701
59725
59739
59781
59786
59836
59865
59869
59899
59926
59933
59935
59939
59943
59960
59962
59984
59989
59991
59993
60006
60021
60034
60065
60083
60087
60158
60191
60226
60266
60276
60282
60315
60371
60393
60393
60408
60412
60480
60482
60528
60529
60542
60551
60576
60621
60636
60665
60676
60707
60709
60730
60792
60797
60898
60913
60919
60939
60955
60970
61007
61067
61081
61090
61092
61129
61180
61181
61212
61213
61248
61265
61267
61272
61382
61436
61437
61447
61516
61559
61563
61591
61600
61602
61642
61678
61684
61688
61730
61748
61755
61772
61791
61795
61799
61800
61817
61834
61835
61861
61893
61904
61909
61921
61928
61941
61948
61955
61974
61987
61999
62012
62014
62036
62142
62156
62161
62163
62198
62256
62278
62322
62330
62350
62403
62409
62410
62444
62476
62544
62568
62585
62591
62658
62692
62747
62776
62779
62779
62807
62812
62837
62853
62863
62865
62959
62967
62967
62971
63015
63038
63068
63075
63117
63119
63233
63241
63247
63248
63254
63258
63265
63265
63280
63310
63326
63344
63354
63391
63394
63395
63398
63411
63452
63494
63508
63673
63717
63748
63771
63814
63844
63880
63907
63956
63956
63965
63974
63988
64016
64022
64059
64081
64097
64153
64196
64197
64202
64205
64228
64251
64260
64292
64292
64320
64347
64365
64379
64415
64419
64428
64491
64492
64498
64535
64541
64568
64579
64589
64612
64694
64700
64727
64808
64842
64862
64905
64938
64939
64954
64970
64973
64974
64986
65019
65052
65054
65069
65113
65124
65148
65200
65214
65296
65313
65335
65350
65371
65375
65418
65424
65446
65498
65534
65540
65548
65589
65595
65602
65625
65626
65677
65683
65710
65740
65744
65780
65788
65826
65845
65881
65883
65887
65898
65905
65911
65917
65929
65972
65999
66003
66023
66099
66110
66126
66145
66147
66204
66249
66255
66266
66274
66307
66321
66336
66384
66407
66441
66442
66444
66568
66572
66588
66603
66611
66629
66683
66683
66697
66710
66719
66826
66874
66883
66893
66915
66921
66927
66950
66976
66985
67023
67047
67117
67153
67181
67183
67185
67215
67264
67297
67298
67306
67322
67329
67379
67409
67419
67431
67433
67456
67473
67475
67495
67533
67540
67552
67557
67568
67593
67614
67619
67630
67631
67654
67685
67696
67702
67762
67789
67790
67790
67803
67906
67928
67929
67987
68004
68011
68011
68022
68035
68057
68061
68093
68105
68108
68155
68168
68187
68197
68226
68235
68256
68294
68294
68307
68308
68318
68368
68413
68438
68447
68488
68544
68597
68598
68600
68755
68819
68860
68916
68974
69027
69048
69118
69167
69192
69194
69209
69230
69233
69235
69271
69305
69332
69361
69380
69393
69401
69413
69484
69519
69538
69559
69565
69573
69606
69609
69629
69666
69691
69700
69733
