0
15
30
35
35
35
38
41
43
46
67
69
78
81
85
92
107
117
126
131
132
139
140
147
153
167
173
189
194
202
208
210
217
218
221
224
225
228
238
239
247
250
257
263
279
279
282
290
308
331
332
334
342
348
360
368
383
384
389
392
408
411
418
426
427
431
441
449
451
452
454
457
462
467
471
472
472
481
500
528
529
540
551
557
560
572
579
582
588
599
599
604
607
635
651
652
664
671
674
679
679
687
690
700
705
718
720
731
748
765
766
784
801
805
806
817
818
824
825
834
839
858
862
863
864
865
868
873
883
898
910
915
919
919
925
943
950
960
975
991
1007
1008
1040
1048
1055
1056
1057
1059
1063
1069
1071
1073
1074
1074
1076
1079
1097
1129
1130
1133
1135
1137
1145
1156
1166
1169
1177
1201
1213
1222
1224
1227
1228
1232
1238
1239
1243
1263
1266
1294
1300
1301
1317
1321
1328
1338
1341
1354
1354
1355
1356
1364
1366
1371
1387
1391
1394
1409
1427
1428
1438
1465
1469
1470
1477
1478
1478
1492
1504
1507
1515
1516
1520
1528
1528
1530
1533
1543
1544
1572
1578
1590
1599
1603
1612
1626
1627
1629
1630
1659
1664
1669
1672
1673
1673
1673
1675
1676
1681
1707
1712
1716
1730
1750
1752
1759
1767
1772
1774
1778
1785
1793
1794
1800
1808
1812
1817
1821
1831
1831
1831
1845
1848
1856
1856
1874
1878
1881
1894
1907
1909
1910
1914
1934
1935
1956
1960
1960
1965
1977
1987
1989
1992
2008
2010
2012
2022
2023
2032
2045
2057
2087
2104
2105
2107
2121
2129
2132
2136
2156
2163
2181
2182
2188
2205
2212
2226
2231
2233
2238
2244
2251
2252
2260
2264
2266
2277
2277
2282
2304
2310
2334
2337
2346
2353
2361
2367
2369
2377
2388
2402
2404
2410
2413
2413
2421
2427
2428
2432
2451
2459
2474
2481
2487
2489
2495
2504
2508
2516
2540
2540
2581
2597
2600
2604
2615
2622
2622
2624
2628
2628
2630
2650
2670
2672
2675
2685
2686
2687
2702
2704
2706
2714
2716
2722
2727
2731
2731
2756
2757
2789
2790
2796
2808
2819
2824
2828
2829
2837
2855
2857
2865
2874
2879
2897
2919
2919
2930
2933
2935
2939
2940
2945
2946
2949
2955
2957
2960
2967
2984
2988
3003
3005
3008
3009
3036
3037
3043
3046
3056
3061
3070
3072
3077
3091
3094
3096
3096
3117
3119
3121
3131
3133
3139
3146
3152
3155
3159
3161
3179
3188
3192
3199
3200
3201
3212
3219
3224
3227
3243
3249
3252
3253
3263
3271
3277
3281
3285
3286
3294
3299
3301
3309
3318
3318
3321
3321
3325
3348
3351
3351
3365
3365
3374
3379
3387
3399
3402
3402
3404
3407
3425
3429
3463
3467
3477
3478
3478
3479
3495
3511
3521
3533
3537
3548
3550
3555
3566
3572
3591
3605
3614
3617
3623
3627
3627
3628
3630
3641
3649
3660
3660
3663
3663
3678
3683
3689
3689
3696
3700
3700
3709
3713
3716
3733
3743
3751
3757
3762
3765
3775
3781
3782
3801
3804
3814
3839
3845
3848
3856
3866
3881
3885
3885
3889
3890
3897
3921
3923
3925
3930
3930
3938
3954
3972
3974
3985
4003
4011
4014
4019
4021
4029
4032
4033
4040
4060
4065
4069
4074
4084
4087
4102
4104
4107
4112
4127
4129
4139
4140
4143
4145
4147
4153
4154
4165
4169
4171
4177
4178
4179
4183
4190
4193
4199
4200
4212
4225
4237
4251
4255
4262
4266
4275
4277
4278
4278
4280
4297
4302
4307
4317
4318
4323
4324
4325
4331
4331
4340
4342
4349
4370
4393
4403
4406
4407
4408
4411
4419
4441
4442
4444
4451
4453
4461
4477
4480
4490
4492
4495
4495
4508
4522
4537
4540
4540
4541
4541
4541
4558
4564
4572
4576
4585
4592
4592
4598
4600
4601
4606
4612
4640
4644
4658
4669
4679
4688
4705
4709
4710
4712
4724
4738
4747
4751
4755
4756
4757
4760
4760
4766
4766
4769
4791
4806
4806
4807
4808
4812
4818
4826
4833
4841
4848
4850
4856
4859
4870
4870
4872
4879
4886
4889
4892
4893
4899
4900
4906
4913
4913
4915
4918
4921
4924
4947
4948
5003
5029
5035
5040
5052
5053
5064
5064
5066
5071
5084
5093
5107
5140
5145
5150
5160
5179
5182
5191
5204
5217
5228
5239
5242
5251
5257
5260
5261
5265
5284
5292
5299
5320
5321
5321
5330
5331
5337
5337
5338
5342
5343
5350
5352
5364
5366
5369
5378
5379
5383
5393
5393
5396
5399
5404
5411
5425
5439
5444
5448
5450
5453
5456
5458
5483
5484
5497
5501
5502
5513
5517
5522
5530
5531
5533
5534
5544
5546
5550
5571
5572
5581
5590
5592
5610
5612
5614
5620
5622
5637
5637
5639
5645
5657
5658
5662
5665
5674
5687
5690
5691
5698
5700
5724
5736
5738
5742
5749
5749
5752
5753
5767
5775
5775
5783
5784
5791
5809
5813
5817
5817
5827
5843
5844
5846
5848
5850
5850
5851
5852
5853
5862
5864
5867
5877
5885
5927
5942
5947
5948
5949
5951
5963
5966
5968
5972
5974
5995
5996
6002
6006
6014
6016
6018
6038
6050
6050
6052
6059
6076
6077
6080
6098
6105
6113
6123
6131
6147
6154
6155
6165
6173
6182
6187
6196
6202
6206
6207
6208
6215
6217
6223
6246
6260
6283
6290
6303
6304
6310
6311
6315
6320
6326
6336
6341
6342
6350
6355
6358
6359
6360
6386
6389
6395
6395
6397
6406
6416
6421
6430
6439
6443
6445
6446
6447
6462
6462
6476
6477
6503
6508
6525
6527
6531
6533
6551
6552
6552
6580
6598
6601
6604
6615
6615
6616
6624
6628
6630
6633
6641
6647
6652
6656
6661
6670
6675
6681
6691
6694
6695
6696
6701
6704
6729
6737
6739
6758
6766
6767
6767
6783
6804
6806
6808
6809
6814
6822
6826
6833
6833
6834
6845
6847
6855
6868
6870
6881
6885
6887
6891
6924
6928
6937
6938
6954
6965
6966
6990
6999
7007
7014
7028
7028
7031
7034
7042
7042
7043
7092
7123
7132
7134
7140
7146
7151
7151
7153
7157
7158
7163
7171
7185
7196
7197
7202
7208
7210
7222
7228
7236
7244
7251
7255
7259
7268
7270
7274
7284
7288
7309
7311
7312
7315
7315
7318
7339
7343
7356
7365
7372
7376
7386
7388
7403
7404
7412
7422
7430
7433
7443
7445
7447
7453
7466
7466
7472
7475
7482
7489
7495
7511
7531
7539
7549
7551
7568
7573
7574
7586
7587
7587
7589
7589
7594
7597
7599
7602
7611
7612
7617
7618
7622
7626
7649
7662
7670
7672
7673
7682
7682
7682
7684
7695
7699
7710
7711
7715
7724
7728
7729
7734
7746
7750
7762
7775
7776
7776
7777
7794
7798
7809
7810
7827
7836
7847
7851
7852
7853
7864
7873
7885
7891
7893
7893
7902
7905
7906
7916
7935
7941
7943
7969
7978
7980
7982
7990
7999
8000
8010
8018
8031
8036
8045
8048
8056
8064
8072
8076
8080
8081
8082
8082
8085
8100
8100
8113
8115
8122
8126
8130
8144
8148
8151
8179
8182
8187
8192
8201
8201
8206
8214
8217
8230
8237
8240
8241
8253
8253
8261
8265
8285
8310
8313
8315
8326
8332
8334
8342
8376
8382
8386
8395
8399
8400
8414
8419
8433
8438
8438
8444
8452
8455
8465
8466
8467
8474
8476
8483
8490
8492
8494
8495
8496
8504
8508
8513
8517
8526
8532
8552
8555
8560
8567
8581
8582
8583
8591
8596
8600
8610
8616
8620
8635
8651
8655
8663
8666
8668
8678
8678
8682
8682
8693
8697
8709
8711
8726
8726
8730
8738
8742
8745
8750
8753
8759
8764
8772
8772
8780
8780
8782
8785
8802
8811
8826
8833
8839
8840
8845
8850
8859
8861
8866
8868
8886
8886
8887
8892
8898
8902
8905
8912
8919
8932
8932
8934
8940
8942
8950
8951
8953
8959
8961
8966
8968
8976
8981
8998
8999
9000
9007
9015
9025
9028
9040
9044
9062
9063
9075
9091
9093
9099
9101
9129
9156
9181
9195
9212
9221
9229
9244
9261
9270
9286
9290
9295
9299
9300
9301
9307
9352
9364
9369
9378
9379
9380
9406
9410
9419
9421
9428
9432
9444
9454
9465
9477
9488
9497
9500
9502
9506
9510
9514
9527
9539
9561
9563
9578
9579
9581
9608
9613
9622
9632
9632
9647
9656
9665
9666
9677
9679
9679
9680
9683
9684
9699
9707
9713
9714
9724
9733
9744
9748
9749
9764
9765
9768
9770
9771
9775
9778
9792
9792
9799
9802
9805
9807
9807
9809
9814
9829
9859
9861
9871
9874
9887
9899
9900
9902
9923
9927
9950
9955
9958
9965
9966
9976
9992
10012
10013
10025
10028
10031
10040
10043
10049
10055
10056
10079
10080
10081
10103
10105
10112
10113
10116
10117
10130
10140
10144
10147
10168
10182
10183
10185
10194
10195
10204
10205
10235
10235
10238
10245
10247
10251
10260
10264
10270
10272
10291
10295
10319
10320
10324
10326
10327
10339
10341
10350
10373
10381
10382
10384
10384
10391
10399
10403
10407
10420
10424
10425
10434
10436
10442
10445
10452
10454
10475
10476
10490
10491
10492
10494
10497
10508
10522
10523
10524
10527
10534
10573
10582
10583
10610
10616
10617
10626
10632
10639
10640
10658
10661
10673
10674
10680
10702
10703
10703
10704
10714
10729
10745
10754
10755
10757
10769
10776
10789
10792
10811
10822
10837
10851
10868
10873
10878
10883
10885
10886
10886
10891
10892
10907
10911
10961
10966
10984
10988
10988
11001
11009
11016
11020
11025
11031
11066
11071
11079
11095
11097
11099
11107
11109
11114
11122
11130
11131
11139
11144
11147
11150
11152
11153
11163
11166
11191
11192
11199
11205
11208
11211
11217
11231
11237
11241
11249
11281
11299
11312
11315
11316
11319
11331
11334
11342
11343
11355
11369
11376
11383
11388
11397
11412
11424
11424
11427
11437
11441
11441
11447
11449
11450
11469
11477
11486
11493
11498
11505
11528
11544
11545
11551
11561
11570
11579
11587
11597
11599
11609
11618
11627
11639
11652
11659
11663
11671
11680
11682
11706
11707
11708
11717
11720
11723
11754
11754
11755
11761
11777
11778
11779
11795
11797
11802
11813
11825
11830
11862
11866
11868
11873
11875
11880
11885
11941
11947
11965
11968
11970
11983
11997
12004
12011
12023
12025
12030
12048
12074
12076
12083
12102
12111
12114
12125
12126
12138
12142
12154
12155
12161
12167
12176
12185
12194
12194
12203
12207
12207
12218
12227
12227
12230
12233
12237
12241
12247
12263
12267
12273
12278
12278
12279
12281
12290
12297
12303
12307
12311
12311
12338
12349
12356
12364
12366
12368
12379
12385
12385
12390
12395
12398
12404
12412
12415
12425
12428
12435
12437
12447
12453
12461
12479
12483
12488
12490
12494
12495
12519
12527
12536
12544
12545
12556
12586
12599
12602
12602
12613
12615
12617
12641
12642
12644
12644
12645
12651
12653
12664
12666
12666
12690
12693
12693
12697
12705
12714
12732
12749
12757
12768
12770
12779
12779
12781
12799
12800
12802
12806
12813
12816
12821
12822
12830
12832
12852
12863
12873
12875
12882
12886
12896
12903
12907
12908
12920
12928
12931
12933
12937
12941
12943
12948
12961
12963
12977
12980
12989
12993
13000
13002
13019
13027
13027
13033
13040
13041
13045
13052
13054
13055
13062
13063
13080
13081
13082
13084
13115
13116
13118
13120
13120
13129
13135
13138
13153
13163
13176
13181
13183
13184
13188
13193
13195
13207
13211
13215
13222
13241
13260
13262
13263
13267
13272
13274
13283
13313
13339
13346
13353
13366
13373
13376
13396
13397
13402
13408
13416
13420
13423
13445
13463
13467
13475
13476
13476
13497
13520
13521
13538
13545
13547
13552
13572
13578
13578
13584
13597
13598
13600
13603
13604
13610
13616
13621
13638
13641
13646
13648
13663
13668
13669
13672
13677
13684
13687
13701
13707
13718
13718
13729
13730
13738
13738
13739
13747
13751
13760
13763
13764
13769
13782
13783
13792
13796
13802
13811
13818
13834
13835
13858
13859
13875
13876
13876
13877
13877
13883
13888
13888
13889
13891
13893
13901
13911
13922
13923
13953
13966
13970
13972
13981
13982
13988
13989
13991
13997
13997
14005
14012
14013
14022
14025
14033
14034
14046
14065
14074
14079
14081
14096
14101
14111
14115
14118
14119
14142
14142
14161
14167
14174
14180
14190
14196
14198
14204
14220
14245
14250
14257
14261
14264
14268
14283
14290
14296
14298
14299
14300
14301
14304
14305
14321
14332
14332
14334
14345
14349
14372
14382
14398
14403
14420
14431
14439
14449
14449
14457
14481
14505
14520
14523
14533
14537
14548
14549
14553
14555
14558
14568
14575
14579
14585
14585
14605
14607
14624
14640
14656
14656
14673
14682
14698
14706
14720
14722
14727
14739
14757
14764
14764
14773
14777
14781
14786
14790
14795
14797
14800
14803
14810
14835
14838
14848
14854
14873
14874
14875
14877
14880
14891
14895
14899
14905
14912
14915
14921
14926
14930
14939
14941
14945
14946
14955
14967
14968
14984
14985
14989
14990
15009
15017
15018
15028
15048
15051
15051
15063
15084
15088
15089
15095
15097
15097
15107
15111
15111
15112
15115
15120
15121
15127
15128
15154
15156
15156
15170
15199
15205
15210
15219
15220
15223
15233
15254
15263
15269
15284
15293
15303
15311
15321
15331
15336
15338
15343
15349
15353
15353
15367
15371
15371
15386
15392
15397
15403
15409
15426
15432
15443
15445
15456
15465
15467
15480
15481
15491
15507
15515
15517
15527
15534
15550
15558
15567
15577
15585
15601
15610
15612
15613
15613
15634
15643
15652
15659
15664
15667
15672
15698
15703
15707
15726
15733
15734
15734
15739
15745
15748
15758
15767
15779
15786
15801
15816
15822
15823
15828
15852
15854
15858
15859
15861
15862
15865
15866
15882
15882
15895
15895
15899
15903
15904
15908
15909
15910
15918
15919
15923
15923
15928
15928
15930
15941
15959
15964
15979
15999
16005
16009
16018
16020
16024
16029
16031
16039
16045
16054
16054
16090
16093
16098
16105
16106
16109
16122
16126
16127
16131
16136
16138
16139
16149
16164
16166
16169
16198
16205
16208
16214
16228
16242
16259
16262
16270
16278
16285
16287
16313
16344
16373
16374
16375
16384
16395
16399
16403
16407
16408
16412
16414
16417
16419
16424
16429
16436
16436
16438
16450
16453
16458
16484
16488
16490
16494
16498
16500
16539
16545
16552
16552
16562
16571
16583
16589
16604
16616
16625
16633
16634
16635
16636
16651
16659
16666
16682
16685
16691
16696
16721
16725
16732
16733
16739
16751
16753
16756
16765
16767
16783
16784
16785
16790
16805
16806
16806
16813
16816
16818
16823
16824
16840
16843
16852
16863
16871
16871
16874
16877
16882
16882
16884
16889
16894
16900
16900
16908
16910
16911
16920
16938
16940
16940
16946
16948
16948
16954
16963
16964
16973
16973
16980
16982
16982
16987
16988
17002
17014
17017
17018
17020
17021
17022
17024
17025
17026
17027
17040
17059
17062
17063
17067
17069
17069
17073
17081
17094
17114
17118
17121
17124
17132
17133
17133
17136
17137
17139
17139
17171
17184
17195
17203
17214
17227
17228
17250
17253
17268
17270
17284
17294
17311
17335
17343
17373
17387
17387
17392
17404
17404
17408
17409
17424
17425
17428
17449
17454
17471
17498
17503
17506
17528
17531
17537
17544
17546
17548
17552
17552
17558
17575
17581
17584
17586
17587
17602
17605
17615
17620
17648
17656
17668
17677
17678
17686
17705
17710
17771
17784
17792
17798
17798
17809
17813
17818
17821
17831
17832
17839
17839
17841
17852
17856
17865
17865
17870
17872
17876
17877
17887
17898
17903
17908
17912
17912
17917
17917
17933
17934
17935
17937
17942
17951
17969
17971
17974
17992
18004
18008
18009
18009
18013
18021
18022
18037
18041
18050
18050
18051
18066
18066
18066
18075
18078
18088
18089
18094
18109
18124
18126
18129
18131
18131
18131
18139
18142
18172
18173
18178
18179
18183
18192
18200
18207
18211
18215
18215
18218
18219
18221
18226
18228
18245
18249
18252
18260
18268
18273
18277
18277
18287
18299
18325
18325
18334
18355
18358
18361
18365
18393
18394
18395
18410
18411
18418
18428
18429
18440
18449
18454
18459
18478
18488
18495
18524
18533
18537
18540
18542
18548
18550
18557
18563
18564
18565
18567
18569
18570
18578
18587
18590
18595
18598
18602
18611
18611
18630
18638
18656
18658
18665
18667
18676
18691
18694
18696
18716
18717
18722
18735
18744
18753
18811
18814
18837
18847
18856
18864
18901
18920
18923
18926
18927
18953
18956
18962
18976
18978
18985
18994
18995
19013
19014
19026
19036
19046
19056
19065
19067
19068
19090
19094
19096
19098
19099
19102
19117
19121
19131
19149
19157
19164
19169
19170
19173
19206
19209
19210
19213
19214
19218
19226
19226
19232
19235
19243
19249
19250
19254
19265
19266
19268
19276
19286
19306
19316
19326
19339
19343
19347
19350
19352
19362
19366
19371
19375
19380
19383
19386
19394
19396
19402
19410
19413
19417
19417
19420
19434
19435
19449
19452
19460
19478
19489
19502
19515
19526
19538
19544
19546
19551
19560
19560
19570
19574
19588
19595
19612
19619
19631
19636
19644
19648
19660
19668
19668
19673
19688
19702
19707
19719
19720
19729
19732
19735
19739
19742
19749
19754
19766
19769
19772
19776
19783
19785
19789
19795
19810
19810
19816
19818
19822
19829
19837
19845
19848
19851
19854
19862
19868
19871
19876
19884
19909
19911
19914
19917
19922
19927
19944
19945
19945
19948
19949
19950
19963
19973
19990
19995
19996
20003
20004
20009
20011
20022
20023
20031
20031
20047
20057
20064
20068
20068
20077
20077
20081
20086
20087
20099
20102
20104
20106
20109
20122
20123
20124
20127
20137
20146
20148
20153
20164
20165
20169
20171
20172
20177
20185
20186
20196
20203
20204
20217
20221
20227
20239
20267
20275
20288
20291
20292
20294
20307
20321
20322
20333
20334
20340
20341
20342
20345
20356
20356
20370
20375
20382
20408
20416
20427
20447
20451
20467
20469
20478
20485
20490
20499
20502
20506
20509
20518
20521
20525
20533
20535
20542
20544
20560
20560
20583
20591
20593
20595
20606
20610
20612
20618
20649
20650
20650
20653
20654
20662
20668
20671
20672
20674
20678
20681
20686
20693
20693
20693
20696
20707
20716
20719
20723
20725
20736
20740
20740
20745
20746
20751
20751
20783
20808
20812
20827
20829
20834
20859
20860
20865
20872
20889
20905
20907
20909
20941
20944
20947
20952
20961
20976
20985
20997
20998
20998
21017
21019
21020
21023
21023
21024
21028
21032
21033
21041
21049
21062
21065
21066
21079
21080
21082
21091
21093
21103
21114
21140
21141
21150
21169
21180
21191
21198
21202
21213
21220
21223
21229
21249
21253
21262
21267
21274
21293
21303
21309
21352
21352
21353
21368
21370
21373
21378
21385
21388
21394
21406
21410
21418
21430
21439
21439
21440
21440
21448
21459
21463
21465
21470
21502
21515
21515
21520
21527
21530
21533
21534
21546
21547
21553
21563
21565
21579
21581
21585
21593
21598
21622
21625
21634
21637
21639
21652
21653
21659
21663
21678
21689
21702
21710
21713
21715
21721
21737
21742
21748
21754
21759
21765
21767
21767
21767
21769
21786
21787
21821
21831
21832
21842
21854
21854
21861
21869
21883
21894
21906
21907
21927
21935
21937
21941
21958
21970
21972
21979
21999
22011
22022
22026
22034
22035
22035
22075
22079
22086
22120
22125
22128
22130
22148
22158
22163
22165
22166
22187
22191
22192
22193
22196
22200
22203
22211
22211
22222
22228
22231
22236
22237
22248
22263
22277
22278
22287
22289
22290
22297
22299
22299
22310
22318
22319
22321
22322
22337
22338
22341
22345
22349
22364
22370
22372
22373
22380
22383
22387
22398
22400
22406
22407
22418
22419
22425
22427
22442
22457
22461
22462
22462
22470
22471
22477
22479
22488
22489
22493
22494
22505
22511
22520
22523
22530
22537
22547
22549
22554
22571
22574
22574
22578
22581
22604
22619
22630
22634
22636
22644
22644
22663
22672
22675
22681
22682
22685
22689
22690
22697
22697
22707
22716
22741
22745
22748
22749
22752
22759
22764
22771
22781
22786
22792
22800
22802
22803
22815
22822
22826
22828
22828
22836
22849
22851
22851
22861
22873
22890
22890
22902
22913
22927
22929
22929
22932
22936
22938
22954
22954
22956
23000
23006
23011
23011
23034
23036
23039
23041
23058
23075
23075
23078
23087
23095
23096
23108
23111
23130
23138
23139
23170
23171
23174
23177
23182
23184
23200
23210
23216
23216
23230
23244
23252
23285
23287
23287
23291
23322
23324
23340
23347
23392
23394
23398
23415
23418
23424
23430
23431
23434
23435
23436
23438
23458
23458
23461
23462
23463
23465
23472
23474
23474
23484
23498
23502
23507
23508
23512
23516
23518
23518
23521
23533
23538
23539
23540
23555
23564
23578
23582
23582
23590
23607
23624
23628
23636
23643
23644
23645
23659
23659
23668
23680
23685
23690
23699
23729
23737
23740
23754
23757
23767
23769
23771
23772
23773
23773
23774
23779
23782
23789
23797
23802
23805
23813
23818
23828
23833
23844
23848
23851
23874
23885
23932
23941
23952
23958
23974
23983
23989
24017
24023
24032
24034
24043
24045
24056
24058
24071
24079
24099
24113
24113
24117
24122
24137
24141
24142
24149
24150
24151
24161
24165
24173
24187
24210
24222
24229
24245
24249
24259
24264
24269
24284
24309
24310
24312
24315
24320
24321
24323
24325
24361
24370
24386
24405
24415
24430
24435
24452
24453
24459
24461
24475
24488
24493
24495
24498
24499
24523
24543
24545
24546
24564
24568
24571
24576
24583
24587
24593
24596
24599
24607
24608
24608
24609
24630
24639
24642
24648
24649
24657
24659
24662
24662
24676
24684
24693
24696
24701
24706
24709
24711
24714
24718
24721
24729
24732
24743
24749
24751
24753
24759
24764
24774
24788
24793
24797
24803
24804
24808
24812
24813
24820
24831
24838
24841
24848
24848
24852
24853
24854
24863
24877
24900
24945
24957
24963
24977
24978
24988
24988
24989
24998
24999
25001
25002
25015
25017
25020
25020
25021
25022
25028
25034
25045
25047
25047
25051
25070
25071
25075
25083
25084
25095
25096
25096
25110
25139
25154
25156
25159
25161
25164
25165
25168
25168
25171
25171
25176
25179
25180
25194
25199
25202
25202
25207
25207
25213
25217
25233
25240
25241
25259
25272
25300
25317
25319
25322
25323
25325
25343
25378
25386
25390
25391
25392
25396
25421
25437
25443
25448
25461
25465
25468
25478
25478
25492
25497
25499
25500
25504
25512
25513
25516
25527
25536
25546
25557
25562
25564
25570
25576
25576
25580
25591
25600
25613
25614
25614
25615
25615
25619
25623
25626
25627
25638
25645
25650
25676
25677
25692
25695
25713
25720
25721
25734
25748
25754
25756
25768
25774
25784
25792
25810
25811
25819
25831
25833
25834
25842
25842
25858
25863
25865
25868
25870
25870
25875
25880
25885
25888
25888
25889
25898
25903
25903
25908
25909
25915
25920
25933
25938
25942
25948
25952
25959
25973
25975
25975
25978
25982
25983
25985
25985
25995
26004
26021
26038
26042
26077
26088
26096
26104
26113
26121
26123
26133
26136
26140
26141
26141
26160
26161
26162
26182
26191
26224
26224
26233
26235
26237
26240
26247
26249
26251
26253
26261
26269
26273
26283
26283
26287
26289
26297
26298
26302
26314
26316
26329
26340
26355
26369
26372
26383
26385
26388
26393
26405
26410
26428
26446
26448
26453
26464
26475
26500
26500
26548
26551
26563
26564
26570
26573
26578
26579
26590
26595
26601
26619
26632
26637
26644
26649
26659
26663
26670
26682
26684
26688
26724
26747
26748
26749
26750
26764
26767
26770
26774
26777
26778
26788
26790
26790
26797
26802
26807
26808
26812
26815
26849
26851
26854
26867
26876
26877
26878
26883
26884
26885
26887
26892
26895
26899
26903
26907
26913
26924
26929
26937
26953
26956
26957
27000
27000
27013
27014
27015
27020
27022
27035
27037
27037
27053
27054
27055
27057
27062
27063
27091
27095
27110
27138
27141
27153
27164
27166
27173
27186
27187
27201
27207
27209
27213
27214
27222
27225
27231
27234
27248
27250
27255
27260
27261
27275
27282
27286
27299
27299
27304
27309
27315
27322
27330
27339
27369
27379
27381
27384
27390
27395
27410
27413
27418
27428
27432
27436
27440
27455
27462
27476
27480
27496
27505
27508
27510
27524
27541
27543
27559
27580
27589
27592
27593
27605
27607
27611
27623
27626
27634
27641
27642
27652
27672
27686
27694
27696
27700
27729
27732
27737
27782
27789
27791
27796
27806
27813
27830
27842
27843
27846
27850
27881
27890
27894
27903
27914
27925
27950
27965
27987
27990
28000
28022
28025
28033
28034
28041
28043
28049
28052
28053
28058
28077
28085
28092
28095
28095
28098
28105
28114
28119
28121
28125
28128
28130
28133
28148
28174
28203
28218
28218
28221
28231
28238
28253
28287
28296
28310
28314
28315
28326
28332
28336
28345
28367
28367
28371
28376
28394
28396
28401
28407
28410
28415
28421
28426
28427
28437
28459
28459
28462
28490
28495
28498
28502
28506
28507
28509
28514
28514
28515
28516
28519
28525
28541
28544
28549
28549
28551
28552
28560
28563
28566
28568
28577
28593
28593
28594
28598
28608
28630
28631
28636
28642
28642
28649
28654
28660
28665
28671
28672
28681
28683
28684
28685
28693
28699
28700
28701
28721
28721
28727
28727
28734
28747
28751
28761
28763
28772
28783
28785
28817
28820
28829
28841
28861
28866
28869
28874
28882
28888
28892
28895
28906
28911
28930
28932
28940
28944
28956
28963
29000
29014
29015
29021
29025
29042
29044
29064
29080
29081
29081
29086
29088
29092
29105
29108
29116
29121
29130
29135
29139
29142
29149
29157
29163
29164
29170
29171
29172
29174
29176
29182
29186
29189
29190
29201
29203
29206
29217
29217
29219
29228
29235
29237
29255
29257
29263
29274
29276
29282
29284
29302
29309
29311
29315
29316
29321
29321
29322
29329
29347
29354
29356
29357
29364
29365
29384
29393
29401
29406
29422
29424
29431
29435
29436
29448
29457
29460
29462
29464
29472
29475
29486
29495
29512
29523
29549
29552
29555
29556
29566
29584
29594
29596
29603
29611
29621
29640
29647
29647
29649
29659
29661
29662
29671
29671
29673
29675
29678
29692
29694
29696
29708
29710
29712
29715
29719
29723
29733
29738
29742
29749
29761
29777
29783
29787
29787
29790
29798
29805
29809
29813
29822
29822
29830
29832
29837
29852
29869
29873
29874
29875
29882
29889
29893
29897
29905
29928
29931
29935
29936
29946
29962
29969
29978
29979
29990
29997
30002
30009
30017
30020
30025
30027
30031
30032
30042
30047
30050
30061
30073
30084
30085
30096
30102
30110
30127
30136
30144
30150
30155
30164
30168
30174
30174
30179
30203
30212
30221
30226
30228
30235
30241
30245
30253
30259
30261
30264
30264
30268
30271
30273
30276
30282
30288
30290
30294
30296
30298
30302
30306
30315
30323
30326
30327
30340
30344
30352
30353
30356
30371
30373
30375
30383
30404
30408
30410
30411
30417
30417
30417
30424
30427
30433
30434
30434
30439
30440
30449
30470
30473
30480
30483
30491
30505
30509
30513
30514
30523
30528
30531
30536
30546
30567
30569
30572
30589
30590
30631
30638
30660
30661
30676
30677
30705
30713
30716
30733
30739
30741
30747
30768
30772
30778
30802
30808
30815
30855
30863
30869
30874
30876
30883
30894
30897
30898
30902
30906
30907
30907
30922
30929
30932
30939
30941
30960
30966
30970
30973
30975
30976
30977
30981
30987
30987
31003
31011
31012
31020
31035
31039
31047
31052
31054
31058
31062
31077
31109
31118
31127
31129
31138
31143
31147
31149
31160
31161
31164
31165
31170
31177
31187
31204
31206
31207
31212
31217
31234
31238
31249
31251
31254
31267
31268
31269
31275
31277
31279
31283
31288
31288
31293
31294
31304
31307
31335
31342
31343
31347
31348
31354
31374
31382
31386
31390
31396
31404
31410
31416
31420
31422
31423
31436
31437
31445
31445
31450
31458
31464
31469
31470
31486
31487
31491
31492
31494
31494
31499
31499
31506
31519
31536
31540
31558
31563
31567
31570
31581
31599
31623
31647
31659
31661
31662
31680
31683
31685
31689
31691
31697
31704
31707
31714
31720
31721
31744
31748
31777
31778
31779
31784
31787
31797
31806
31809
31811
31821
31823
31833
31852
31858
31861
31861
31862
31869
31884
31889
31892
31894
31896
31899
31899
31903
31903
31912
31913
31921
31924
31937
31949
31961
31986
31987
31987
31989
31992
32001
32003
32006
32007
32008
32008
32012
32013
32024
32034
32047
32053
32066
32069
32070
32085
32120
32122
32138
32140
32147
32148
32149
32169
32170
32177
32187
32198
32203
32206
32224
32249
32257
32258
32260
32271
32274
32287
32295
32298
32299
32310
32329
32334
32377
32377
32381
32383
32392
32398
32416
32422
32426
32427
32437
32439
32455
32455
32457
32460
32468
32469
32484
32505
32508
32516
32521
32529
32533
32534
32550
32552
32563
32566
32582
32591
32596
32600
32602
32605
32617
32621
32624
32630
32648
32651
32656
32657
32658
32660
32661
32677
32678
32689
32698
32699
32707
32711
32714
32724
32728
32730
32736
32736
32740
32744
32750
32753
32759
32764
32777
32784
32785
32791
32804
32806
32810
32815
32819
32836
32839
32845
32845
32852
32854
32856
32859
32860
32869
32872
32888
32892
32894
32897
32905
32923
32930
32935
32936
32940
32952
32962
32964
32965
32966
32967
32967
32989
33005
33008
33010
33021
33021
33033
33046
33047
33050
33053
33077
33082
33099
33099
33104
33110
33114
33114
33121
33121
33130
33133
33133
33138
33143
33143
33157
33166
33168
33184
33199
33203
33236
33239
33244
33249
33250
33268
33276
33283
33285
33285
33286
33292
33293
33295
33296
33299
33305
33316
33320
33326
33329
33333
33359
33360
33363
33387
33391
33394
33399
33404
33408
33422
33429
33429
33440
33441
33458
33458
33463
33474
33477
33485
33507
33514
33536
33548
33550
33568
33582
33591
33592
33605
33640
33640
33652
33656
33657
33660
33666
33668
33673
33676
33688
33697
33736
33737
33740
33748
33749
33766
33773
33778
33780
33780
33791
33806
33817
33826
33835
33856
33865
33873
33882
33889
33894
33895
33904
33906
33907
33928
33932
33940
33947
33954
33956
33961
33963
33969
33973
33975
33986
33990
33992
34006
34011
34021
34022
34025
34037
34039
34050
34052
34057
34080
34087
34091
34093
34105
34128
34128
34128
34136
34141
34146
34163
34167
34183
34190
34191
34193
34212
34216
34228
34228
34246
34257
34274
34287
34299
34299
34301
34318
34336
34338
34340
34345
34347
34349
34352
34354
34363
34382
34383
34385
34394
34395
34395
34406
34413
34414
34418
34423
34424
34443
34454
34455
34459
34460
34479
34483
34486
34486
34498
34503
34507
34509
34526
34531
34537
34552
34557
34587
34593
34595
34601
34622
34633
34634
34639
34646
34650
34652
34659
34661
34670
34675
34677
34684
34696
34704
34704
34705
34711
34722
34727
34737
34751
34751
34752
34758
34762
34770
34775
34794
34808
34811
34819
34837
34856
34865
34866
34879
34889
34899
34913
34918
34918
34919
34921
34922
34924
34929
34930
34932
34935
34935
34946
34963
34964
34975
34981
34984
34984
35013
35028
35032
35034
35046
35062
35083
35093
35093
35095
35111
35118
35125
35126
35130
35133
35135
35147
35151
35159
35160
35167
35183
35190
35190
35194
35203
35204
35204
35206
35208
35209
35219
35230
35236
35238
35240
35246
35246
35246
35254
35271
35283
35292
35297
35305
35314
35324
35327
35333
35335
35338
35339
35341
35358
35359
35360
35364
35368
35369
35370
35373
35376
35378
35379
35431
35432
35432
35434
35443
35449
35466
35471
35475
35482
35488
35517
35531
35531
35540
35549
35566
35576
35581
35589
35597
35598
35609
35610
35618
35626
35629
35654
35656
35668
35679
35683
35694
35720
35734
35739
35752
35755
35794
35810
35824
35832
35834
35853
35853
35865
35881
35892
35894
35897
35898
35903
35909
35913
35917
35921
35923
35926
35930
35933
35940
35946
35952
35955
35958
35970
35973
35990
36008
36036
36037
36038
36039
36044
36054
36061
36076
36077
36079
36089
36097
36099
36106
36130
36138
36144
36162
36163
36170
36176
36178
36181
36186
36219
36222
36245
36248
36256
36258
36278
36284
36284
36285
36286
36298
36300
36315
36316
36318
36319
36319
36320
36325
36330
36332
36335
36337
36339
36360
36361
36384
36384
36387
36399
36400
36406
36407
36411
36415
36422
36422
36431
36432
36435
36476
36480
36500
36518
36522
36523
36523
36526
36527
36532
36540
36540
36542
36543
36555
36560
36574
36577
36582
36583
36613
36625
36629
36631
36634
36637
36650
36660
36665
36674
36684
36694
36695
36707
36719
36726
36739
36751
36752
36753
36755
36755
36761
36764
36766
36774
36812
36813
36821
36824
36827
36834
36834
36838
36840
36845
36851
36869
36879
36889
36892
36896
36898
36899
36910
36917
36920
36921
36925
36938
36939
36940
36951
36951
36957
36962
36965
36968
37011
37033
37044
37062
37065
37066
37069
37071
37075
37079
37082
37096
37099
37103
37104
37104
37104
37108
37118
37133
37137
37140
37140
37156
37158
37169
37174
37187
37192
37201
37205
37245
37246
37248
37249
37249
37252
37265
37274
37312
37315
37315
37318
37321
37324
37324
37325
37326
37327
37330
37338
37348
37363
37377
37382
37389
37412
37415
37423
37424
37426
37440
37440
37453
37468
37470
37478
37483
37489
37505
37507
37513
37517
37518
37537
37547
37563
37573
37577
37579
37603
37603
37606
37606
37619
37620
37635
37644
37645
37649
37655
37661
37687
37711
37739
37747
37761
37761
37783
37808
37820
37822
37833
37854
37858
37861
37863
37863
37865
37873
37878
37879
37896
37911
37919
37929
37930
37936
37941
37946
37950
37954
37958
37959
37969
37969
37976
37981
37982
37982
37995
37999
38034
38039
38044
38046
38056
38060
38080
38082
38088
38100
38103
38104
38108
38148
38150
38155
38161
38191
38201
38202
38202
38203
38219
38220
38227
38230
38240
38240
38243
38243
38255
38257
38264
38269
38274
38282
38319
38330
38331
38333
38335
38343
38348
38350
38351
38361
38366
38378
38388
38389
38422
38434
38437
38443
38443
38448
38454
38458
38462
38475
38477
38480
38487
38489
38492
38495
38502
38506
38513
38516
38525
38526
38538
38541
38545
38557
38561
38565
38581
38582
38613
38630
38652
38731
38733
38742
38746
38748
38750
38750
38750
38751
38753
38778
38779
38805
38811
38813
38823
38823
38826
38826
38831
38836
38847
38854
38854
38864
38869
38879
38880
38881
38882
38900
38905
38912
38914
38923
38929
38945
38947
38949
38954
38955
38961
38961
38977
38977
39015
39025
39027
39031
39041
39047
39047
39055
39065
39083
39096
39105
39105
39107
39112
39120
39125
39138
39143
39153
39161
39166
39190
39191
39195
39212
39214
39222
39223
39231
39244
39248
39250
39252
39253
39256
39258
39263
39275
39286
39303
39313
39321
39324
39328
39333
39334
39356
39362
39365
39373
39379
39380
39383
39389
39401
39402
39402
39405
39408
39419
39425
39427
39437
39441
39453
39457
39458
39458
39470
39483
39485
39485
39493
39499
39503
39505
39526
39528
39537
39539
39550
39556
39566
39575
39580
39592
39595
39601
39601
39608
39613
39625
39626
39627
39638
39651
39651
39662
39662
39669
39684
39689
39693
39704
39706
39720
39722
39723
39723
39731
39738
39755
39765
39767
39768
39773
39797
39807
39823
39831
39845
39852
39852
39853
39863
39868
39882
39898
39915
39919
39932
39934
39938
39938
39957
39958
39961
39965
39970
39974
39987
39990
39990
39999
40012
40035
40043
40051
40056
40058
40076
40086
40100
40108
40110
40115
40127
40127
40130
40139
40151
40151
40159
40165
40173
40181
40181
40192
40193
40199
40208
40228
40230
40248
40250
40251
40253
40254
40256
40273
40274
40277
40281
40297
40299
40299
40312
40322
40327
40339
40340
40357
40361
40363
40367
40382
40386
40393
40413
40425
40432
40443
40451
40458
40460
40469
40479
40487
40489
40490
40499
40504
40512
40534
40535
40538
40557
40559
40567
40567
40570
40575
40589
40589
40601
40605
40612
40635
40641
40653
40679
40680
40690
40693
40693
40697
40727
40732
40749
40749
40753
40756
40756
40756
40756
40761
40763
40778
40797
40798
40798
40805
40807
40812
40816
40819
40834
40839
40843
40846
40863
40871
40886
40894
40896
40900
40904
40915
40924
40926
40928
40932
40962
40963
40968
40980
40985
40993
40993
40998
41005
41005
41011
41011
41028
41030
41040
41045
41049
41064
41073
41074
41110
41111
41120
41126
41130
41134
41163
41166
41181
41181
41191
41197
41225
41230
41233
41237
41240
41245
41250
41256
41271
41272
41273
41275
41279
41281
41282
41285
41298
41308
41311
41315
41323
41344
41356
41362
41369
41370
41372
41373
41379
41382
41385
41391
41394
41397
41401
41413
41421
41423
41438
41440
41449
41459
41469
41488
41506
41508
41510
41517
41517
41532
41539
41540
41541
41545
41546
41551
41552
41558
41560
41579
41601
41618
41625
41634
41636
41653
41654
41655
41673
41675
41675
41680
41699
41703
41703
41704
41704
41707
41707
41712
41726
41733
41747
41756
41757
41760
41768
41777
41782
41785
41792
41804
41805
41806
41807
41814
41819
41822
41833
41841
41844
41847
41848
41852
41853
41856
41863
41869
41876
41876
41884
41911
41914
41915
41919
41929
41935
41938
41938
41946
41949
41953
41962
41967
41975
41979
41979
41982
41985
41998
41998
42008
42012
42018
42019
42028
42034
42047
42048
42059
42068
42070
42078
42082
42086
42097
42112
42116
42133
42137
42142
42142
42157
42159
42177
42180
42185
42204
42215
42229
42230
42234
42240
42250
42255
42264
42279
42280
42290
42300
42317
42324
42334
42340
42342
42353
42373
42378
42388
42389
42392
42397
42400
42402
42420
42429
42435
42444
42448
42469
42469
42472
42502
42535
42571
42573
42575
42577
42577
42580
42587
42597
42599
42613
42613
42613
42615
42633
42647
42650
42652
42655
42660
42673
42698
42699
42703
42710
42713
42715
42717
42729
42736
42742
42752
42757
42770
42789
42801
42833
42848
42849
42855
42899
42903
42908
42913
42920
42921
42938
42945
42953
42955
42956
42958
42959
42970
42971
42976
42986
42990
43004
43006
43015
43023
43035
43044
43045
43045
43057
43061
43065
43075
43075
43078
43083
43085
43094
43097
43102
43108
43109
43125
43136
43136
43152
43153
43153
43167
43170
43182
43188
43198
43198
43211
43216
43223
43223
43224
43226
43236
43261
43263
43265
43265
43274
43287
43298
43311
43348
43357
43366
43373
43378
43378
43383
43392
43394
43400
43415
43416
43417
43439
43464
43478
43481
43484
43494
43501
43501
43502
43506
43520
43522
43533
43536
43543
43543
43556
43566
43571
43581
43591
43593
43634
43651
43665
43667
43672
43676
43677
43678
43689
43693
43694
43694
43697
43699
43718
43728
43734
43739
43740
43755
43757
43767
43774
43791
43801
43806
43821
43822
43827
43832
43841
43845
43854
43864
43868
43872
43886
43895
43906
43913
43916
43918
43945
43945
43945
43947
43954
43965
43972
43991
43995
43995
44003
44004
44006
44008
44014
44017
44018
44046
44056
44059
44062
44062
44076
44082
44086
44109
44112
44121
44122
44123
44135
44140
44142
44149
44151
44167
44167
44185
44188
44193
44218
44237
44249
44252
44256
44257
44264
44266
44267
44285
44292
44294
44308
44309
44315
44325
44335
44341
44357
44364
44381
44386
44387
44392
44395
44402
44404
44406
44406
44415
44420
44423
44432
44434
44448
44457
44462
44472
44498
44500
44503
44504
44518
44524
44542
44545
44548
44557
44568
44572
44577
44577
44578
44594
44596
44599
44603
44608
44610
44626
44628
44635
44649
44659
44665
44671
44674
44675
44695
44707
44730
44733
44737
44739
44747
44751
44800
44810
44811
44814
44822
44833
44843
44853
44864
44864
44870
44871
44873
44881
44882
44906
44906
44915
44926
44937
44938
44945
44952
44958
44963
44963
44968
44974
44974
44996
45006
45006
45014
45023
45031
45041
45056
45059
45064
45065
45065
45075
45076
45087
45099
45102
45102
45107
45114
45114
45121
45122
45123
45125
45126
45139
45144
45151
45161
45165
45170
45185
45203
45208
45212
45227
45231
45233
45239
45242
45250
45256
45266
45290
45291
45296
45305
45307
45308
45309
45309
45313
45340
45342
45353
45356
45357
45364
45375
45378
45382
45382
45385
45399
45404
45405
45412
45416
45417
45421
45428
45430
45431
45434
45447
45464
45468
45471
45519
45520
45523
45535
45542
45544
45547
45563
45578
45582
45584
45586
45595
45614
45615
45617
45623
45640
45641
45657
45663
45665
45666
45668
45670
45695
45700
45701
45715
45715
45736
45741
45743
45744
45767
45767
45769
45780
45787
45795
45811
45818
45819
45819
45827
45833
45833
45833
45836
45836
45843
45852
45853
45856
45859
45863
45868
45873
45876
45881
45901
45904
45907
45908
45926
45934
45939
45941
45943
45945
45946
45954
45958
45965
45968
45969
45985
45994
45996
45999
46002
46003
46047
46051
46056
46059
46060
46069
46072
46078
46089
46110
46120
46125
46131
46138
46139
46140
46148
46150
46151
46157
46165
46171
46181
46182
46183
46183
46184
46196
46208
46211
46214
46219
46224
46229
46229
46238
46242
46252
46257
46276
46291
46293
46298
46325
46329
46333
46347
46358
46360
46369
46369
46370
46388
46391
46397
46403
46409
46413
46417
46424
46442
46454
46467
46467
46470
46470
46488
46496
46509
46512
46522
46529
46537
46547
46551
46557
46564
46577
46584
46587
46595
46602
46611
46615
46617
46619
46620
46628
46642
46649
46650
46662
46667
46671
46676
46677
46678
46682
46683
46684
46691
46698
46701
46711
46714
46728
46736
46746
46750
46775
46786
46789
46795
46796
46807
46810
46827
46830
46833
46839
46858
46887
46888
46910
46912
46912
46913
46928
46935
46936
46942
46949
46952
46962
46997
47003
47010
47015
47017
47020
47029
47029
47030
47064
47068
47079
47090
47094
47101
47167
47171
47176
47179
47180
47188
47197
47209
47222
47233
47234
47236
47239
47246
47273
47273
47280
47285
47293
47296
47297
47302
47303
47310
47316
47319
47329
47336
47346
47355
47356
47370
47398
47400
47414
47415
47417
47425
47429
47442
47444
47451
47461
47474
47497
47504
47505
47510
47527
47527
47528
47547
47567
47567
47578
47587
47588
47593
47606
47609
47618
47620
47626
47633
47641
47642
47647
47652
47665
47668
47669
47677
47682
47689
47691
47692
47692
47694
47707
47731
47738
47742
47749
47762
47765
47773
47801
47804
47816
47820
47831
47832
47844
47857
47863
47867
47874
47898
47898
47902
47925
47934
47934
47936
47937
47950
47951
47966
47991
48002
48003
48012
48015
48018
48024
48032
48051
48069
48081
48089
48099
48102
48106
48117
48128
48140
48147
48155
48168
48168
48170
48188
48191
48200
48209
48234
48245
48246
48247
48256
48279
48289
48290
48291
48293
48293
48306
48318
48322
48324
48330
48344
48354
48354
48358
48380
48382
48386
48396
48397
48399
48412
48418
48419
48419
48427
48429
48434
48442
48452
48461
48470
48484
48487
48491
48491
48511
48514
48519
48524
48535
48537
48541
48547
48554
48576
48580
48582
48590
48602
48605
48619
48635
48637
48647
48659
48663
48665
48670
48673
48683
48688
48690
48690
48691
48702
48705
48712
48721
48725
48730
48750
48756
48759
48759
48768
48769
48782
48783
48797
48806
48814
48830
48840
48846
48850
48855
48856
48860
48863
48866
48874
48876
48883
48887
48904
48931
48934
48937
48942
48942
48943
48943
48957
48964
49009
49010
49013
49027
49028
49041
49045
49054
49079
49094
49100
49102
49103
49107
49108
49127
49137
49138
49158
49160
49160
49168
49177
49195
49198
49219
49221
49241
49244
49246
49249
49252
49253
49264
49276
49281
49282
49283
49292
49298
49308
49311
49324
49326
49327
49344
49351
49351
49353
49355
49358
49369
49386
49399
49415
49419
49429
49433
49435
49440
49448
49453
49470
49471
49494
49494
49495
49503
49511
49526
49533
49537
49554
49563
49567
49568
49568
49577
49624
49625
49633
49658
49660
49666
49667
49682
49684
49686
49696
49712
49718
49719
49727
49736
49747
49748
49765
49777
49781
49781
49812
49818
49825
49831
49837
49840
49846
49850
49851
49851
49855
49864
49872
49878
49879
49881
49888
49898
49902
49904
49905
49907
49907
49914
49916
49924
49947
49955
49956
49962
49969
49970
49976
49978
49981
49983
49985
49988
49997
50007
50008
50018
50021
50027
50029
50049
50052
50070
50098
50124
50131
50139
50141
50145
50145
50152
50154
50158
50168
50170
50172
50173
50197
50206
50218
50240
50248
50249
50266
50284
50286
50305
50306
50307
50335
50339
50356
50366
50370
50370
50372
50387
50399
50417
50422
50430
50431
50452
50462
50481
50483
50486
50495
50510
50511
50514
50526
50530
50535
50538
50538
50552
50552
50556
50559
50560
50565
50568
50576
50578
50583
50585
50589
50602
50603
50604
50635
50652
50659
50660
50665
50679
50680
50696
50698
50699
50701
50715
50726
50735
50741
50752
50756
50756
50768
50769
50771
50775
50792
50803
50811
50812
50817
50846
50847
50856
50868
50876
50881
50889
50893
50905
50912
50920
50922
50927
50961
50965
50968
50975
50989
51000
51007
51023
51024
51029
51047
51061
51064
51073
51079
51080
51083
51086
51094
51098
51113
51117
51120
51123
51124
51138
51138
51147
51162
51163
51176
51188
51191
51202
51228
51228
51240
51250
51252
51257
51278
51287
51297
51298
51310
51319
51325
51328
51340
51342
51347
51353
51354
51363
51376
51380
51392
51395
51415
51424
51438
51439
51447
51464
51466
51473
51476
51477
51492
51494
51496
51498
51502
51512
51521
51529
51532
51538
51553
51566
51567
51569
51577
51584
51585
51610
51634
51642
51650
51655
51660
51660
51665
51672
51672
51684
51684
51686
51698
51699
51701
51702
51703
51706
51708
51709
51710
51716
51730
51736
51737
51742
51743
51745
51765
51766
51782
51783
51792
51820
51822
51822
51832
51834
51839
51844
51846
51850
51862
51868
51870
51881
51893
51897
51906
51912
51915
51916
51921
51929
51930
51931
51931
51933
51941
51943
51943
51947
51951
51959
51963
51969
51981
51983
51985
51989
51996
51997
52010
52013
52018
52019
52031
52037
52041
52052
52058
52066
52069
52074
52080
52099
52128
52132
52132
52137
52138
52139
52140
52144
52147
52152
52159
52179
52183
52184
52185
52186
52191
52192
52221
52236
52253
52278
52279
52284
52286
52309
52310
52322
52330
52332
52333
52344
52350
52353
52362
52373
52383
52392
52396
52431
52434
52445
52445
52451
52452
52453
52459
52462
52465
52478
52480
52480
52484
52485
52503
52503
52507
52507
52511
52521
52526
52529
52534
52540
52556
52563
52566
52578
52583
52587
52588
52592
52592
52593
52596
52618
52625
52627
52629
52646
52650
52658
52665
52669
52678
52679
52690
52694
52696
52697
52719
52730
52741
52755
52758
52762
52766
52767
52767
52768
52772
52784
52796
52798
52798
52805
52808
52810
52815
52824
52829
52838
52849
52849
52850
52868
52869
52870
52876
52878
52893
52897
52914
52915
52921
52935
52939
52949
52963
52965
52976
53001
53007
53009
53011
53015
53023
53027
53030
53039
53065
53066
53076
53076
53077
53087
53088
53096
53104
53113
53128
53131
53139
53154
53157
53167
53187
53203
53209
53212
53213
53217
53225
53227
53230
53232
53234
53240
53243
53249
53255
53262
53266
53267
53268
53268
53270
53270
53282
53288
53295
53298
53305
53309
53309
53311
53313
53321
53332
53339
53342
53344
53348
53349
53359
53367
53376
53403
53408
53415
53415
53421
53422
53453
53454
53461
53478
53481
53484
53491
53496
53512
53518
53522
53524
53524
53529
53532
53536
53536
53538
53541
53547
53551
53559
53561
53564
53570
53570
53584
53590
53603
53616
53624
53631
53632
53635
53643
53645
53652
53653
53653
53662
53667
53670
53670
53682
53683
53684
53691
53692
53695
53701
53708
53722
53733
53757
53763
53765
53771
53772
53773
53774
53779
53788
53794
53797
53802
53811
53817
53820
53825
53831
53838
53856
53858
53872
53879
53900
53903
53906
53913
53925
53955
53961
53991
53992
53998
53999
54018
54021
54026
54027
54033
54043
54049
54060
54061
54064
54065
54068
54085
54109
54111
54127
54141
54146
54148
54154
54160
54174
54185
54188
54192
54196
54199
54202
54210
54211
54213
54255
54268
54276
54278
54286
54293
54295
54311
54314
54330
54333
54348
54366
54367
54374
54381
54386
54392
54394
54423
54428
54430
54436
54441
54462
54473
54482
54484
54487
54493
54493
54500
54504
54532
54532
54536
54539
54545
54549
54553
54561
54562
54566
54573
54585
54590
54591
54594
54618
54621
54628
54656
54657
54662
54663
54670
54672
54676
54682
54690
54704
54704
54717
54723
54734
54737
54768
54769
54775
54780
54789
54793
54801
54804
54823
54851
54858
54864
54869
54884
54888
54901
54906
54907
54909
54912
54912
54925
54929
54934
54943
54943
54950
54974
54978
54988
54997
54999
55010
55013
55016
55019
55020
55022
55033
55037
55038
55039
55064
55071
55071
55075
55076
55080
55082
55094
55106
55125
55126
55126
55128
55130
55139
55149
55163
55180
55184
55190
55199
55220
55226
55229
55229
55241
55242
55263
55265
55269
55270
55274
55297
55310
55311
55322
55328
55346
55348
55354
55359
55360
55365
55366
55391
55392
55400
55408
55412
55415
55416
55422
55433
55446
55447
55450
55452
55467
55470
55479
55484
55484
55502
55504
55508
55533
55539
55541
55565
55574
55577
55580
55586
55589
55596
55634
55639
55647
55650
55651
55655
55664
55665
55669
55691
55696
55703
55704
55720
55721
55723
55728
55737
55757
55765
55770
55776
55778
55782
55786
55800
55801
55804
55807
55812
55823
55826
55831
55836
55849
55853
55856
55858
55860
55874
55874
55880
55909
55910
55911
55926
55931
55940
55958
55966
55967
55967
55969
55969
55979
55994
56003
56011
56011
56014
56017
56030
56036
56064
56076
56089
56094
56098
56108
56121
56127
56131
56147
56151
56166
56168
56180
56182
56185
56188
56190
56194
56198
56201
56206
56212
56219
56231
56243
56243
56254
56271
56275
56284
56300
56302
56304
56305
56309
56310
56332
56338
56360
56365
56369
56375
56393
56395
56401
56405
56409
56409
56412
56424
56427
56428
56433
56437
56472
56476
56477
56485
56505
56505
56520
56525
56529
56529
56541
56543
56548
56551
56563
56591
56593
56598
56605
56622
56625
56627
56632
56642
56643
56645
56654
56654
56661
56667
56671
56673
56677
56684
56687
56690
56703
56710
56716
56731
56739
56740
56742
56743
56748
56755
56756
56761
56764
56772
56785
56786
56786
56788
56793
56796
56798
56808
56811
56815
56819
56822
56824
56843
56844
56848
56854
56864
56881
56885
56888
56888
56891
56894
56905
56914
56926
56934
56937
56948
56950
56953
56964
56972
56987
56988
56989
56991
56995
57011
57016
57018
57028
57031
57037
57049
57051
57060
57066
57077
57078
57081
57107
57115
57125
57127
57128
57147
57158
57169
57186
57197
57206
57215
57218
57219
57237
57240
57258
57261
57263
57264
57265
57269
57284
57285
57297
57304
57309
57316
57322
57333
57334
57339
57347
57348
57354
57361
57363
57364
57368
57381
57385
57400
57404
57405
57414
57420
57431
57439
57442
57451
57472
57472
57473
57481
57487
57488
57490
57494
57497
57529
57533
57534
57541
57545
57547
57556
57563
57570
57576
57586
57588
57593
57621
57629
57633
57634
57634
57649
57651
57662
57670
57671
57686
57687
57694
57696
57700
57716
57717
57723
57725
57732
57734
57746
57759
57786
57786
57791
57792
57806
57817
57824
57825
57827
57832
57832
57834
57835
57849
57868
57881
57882
57893
57896
57907
57917
57920
57922
57923
57924
57925
57925
57935
57940
57948
57952
57955
57957
57964
57965
57976
57991
58002
58013
58016
58021
58030
58038
58053
58059
58063
58063
58064
58071
58072
58081
58085
58098
58100
58101
58106
58123
58138
58143
58150
58154
58168
58178
58185
58202
58228
58230
58238
58245
58247
58255
58275
58296
58299
58301
58310
58315
58350
58369
58416
58424
58428
58429
58454
58494
58507
58509
58527
58528
58530
58538
58549
58551
58556
58565
58578
58592
58599
58601
58607
58615
58635
58642
58651
58670
58672
58675
58676
58679
58685
58692
58700
58710
58718
58722
58726
58726
58728
58743
58749
58752
58755
58759
58769
58776
58807
58825
58832
58846
58848
58858
58870
58874
58879
58884
58890
58896
58905
58908
58910
58915
58918
58924
58925
58938
58952
58957
58963
58975
58981
58990
58990
58990
59012
59012
59015
59019
59023
59043
59063
59074
59081
59085
59088
59089
59090
59101
59101
59121
59123
59148
59149
59175
59177
59193
59193
59196
59196
59196
59198
59198
59208
59211
59252
59265
59271
59277
59299
59299
59301
59308
59314
59328
59329
59335
59344
59346
59365
59365
59381
59381
59382
59393
59399
59406
59411
59422
59434
59444
59449
59453
59462
59464
59479
59483
59502
59517
59518
59525
59530
59533
59534
59541
59544
59560
59584
59614
59619
59626
59633
59639
59660
59673
59689
59696
59697
59704
59705
59708
59708
59709
59713
59727
59730
59740
59743
59749
59778
59791
59793
59794
59802
59804
59820
59825
59829
59831
59838
59838
59840
59848
59848
59851
59865
59877
59890
59890
59894
59901
59907
59907
59920
59920
59925
59964
59965
59968
59983
59997
60008
60020
60025
60033
60033
60045
60093
60097
60099
60102
60102
60108
60108
60109
60116
60118
60118
60128
60129
60135
60196
60203
60205
60212
60213
60215
60215
60218
60219
60225
60226
60229
60234
60234
60246
60248
60248
60268
60280
60286
60291
60296
60300
60300
60301
60303
60310
60315
60326
60330
60333
60343
60348
60351
60362
60371
60382
60386
60391
60401
60420
60423
60423
60432
60440
60445
60464
60465
60469
60471
60478
60479
60493
60499
60513
60515
60518
60526
60528
60535
60537
60549
60555
60555
60557
60572
60579
60582
60582
60597
60612
60622
60625
60639
60647
60650
60666
60679
60684
60687
60701
60704
60719
60726
60740
60749
60750
60763
60766
60768
60771
60794
60807
60809
60809
60810
60811
60813
60819
60828
60838
60842
60852
60852
60864
60867
60872
60885
60886
60888
60888
60892
60892
60892
60900
60903
60905
60910
60918
60921
60926
60936
60938
60963
60977
60982
60991
61003
61003
61006
61015
61021
61023
61029
61032
61052
61058
61058
61060
61061
61065
61076
61085
61087
61094
61100
61101
61126
61131
61137
61139
61151
61151
61157
61162
61166
61184
61184
61189
61195
61195
61196
61202
61203
61204
61212
61213
61237
61239
61263
61268
61271
61282
61289
61298
61300
61304
61313
61318
61348
61349
61355
61359
61360
61369
61388
61391
61394
61398
61411
61418
61421
61422
61424
61431
61432
61436
61441
61446
61447
61456
61477
61480
61480
61488
61492
61501
61510
61516
61523
61543
61550
61551
61557
61559
61560
61568
61578
61586
61596
61610
61620
61622
61623
61623
61632
61652
61662
61664
61665
61695
61696
61708
61737
61750
61753
61759
61759
61761
61764
61767
61769
61770
61785
61786
61790
61808
61816
61818
61821
61838
61844
61855
61861
61862
61869
61880
61883
61886
61893
61898
61919
61922
61929
61930
61935
61935
61937
61943
61951
61952
61960
61976
61985
61986
61988
61991
61991
61997
62000
62002
62017
62020
62022
62034
62035
62038
62043
62044
62044
62047
62067
62079
62089
62092
62101
62105
62115
62117
62122
62134
62141
62147
62149
62153
62173
62176
62183
62184
62190
62206
62207
62208
62212
62221
62222
62225
62242
62261
62267
62281
62291
62292
62315
62327
62339
62360
62363
62363
62381
62383
62394
62396
62400
62405
62415
62421
62424
62439
62458
62464
62468
62480
62482
62495
62503
62520
62524
62528
62532
62533
62544
62549
62556
62570
62578
62579
62580
62585
62592
62599
62602
62602
62608
62617
62623
62624
62627
62627
62643
62649
62652
62657
62657
62662
62668
62684
62700
62706
62716
62718
62741
62743
62747
62754
62767
62773
62779
62780
62785
62809
62813
62815
62816
62824
62834
62838
62841
62856
62864
62866
62879
62880
62891
62894
62899
62902
62905
62916
62923
62936
62962
62964
62973
62976
62980
62988
62997
63013
63015
63018
63024
63031
63034
63046
63065
63066
63069
63071
63078
63089
63089
63090
63104
63105
63116
63117
63123
63125
63127
63129
63133
63137
63144
63156
63159
63167
63167
63168
63170
63171
63180
63190
63216
63223
63226
63228
63232
63236
63241
63246
63248
63256
63257
63297
63300
63304
63304
63318
63336
63341
63365
63368
63369
63379
63392
63393
63404
63408
63414
63416
63416
63442
63444
63461
63462
63484
63494
63497
63504
63519
63526
63533
63547
63549
63563
63567
63568
63578
63591
63592
63596
63601
63606
63621
63622
63622
63623
63633
63635
63637
63642
63643
63644
63650
63661
63669
63682
63694
63697
63702
63702
63706
63711
63717
63746
63747
63753
63761
63762
63779
63779
63784
63787
63815
63828
63841
63846
63853
63873
63873
63874
63886
63887
63896
63902
63903
63931
63931
63935
63938
63940
63957
63962
63966
63970
63979
63981
63985
63990
63990
63997
64002
64003
64004
64010
64012
64016
64027
64033
64038
64047
64063
64071
64115
64120
64131
64138
64154
64163
64166
64172
64173
64180
64189
64197
64209
64215
64216
64220
64220
64229
64245
64246
64250
64252
64254
64257
64262
64269
64274
64282
64295
64300
64309
64311
64321
64327
64328
64340
64351
64352
64360
64362
64363
64364
64365
64371
64377
64394
64402
64406
64407
64408
64415
64423
64433
64438
64439
64441
64444
64461
64474
64476
64476
64479
64488
64493
64501
64512
64514
64520
64525
64531
64535
64537
64540
64546
64547
64550
64555
64561
64564
64579
64587
64589
64597
64614
64641
64655
64658
64672
64688
64693
64713
64718
64729
64732
64734
64746
64752
64753
64755
64772
64776
64782
64787
64813
64815
64816
64816
64822
64823
64824
64827
64835
64840
64841
64843
64860
64861
64871
64878
64889
64896
64898
64913
64928
64940
64943
64951
64959
64975
64982
64987
64987
64987
64990
65002
65004
65018
65020
65028
65036
65042
65050
65050
65051
65056
65061
65072
65091
65102
65105
65109
65111
65125
65141
65141
65148
65155
65162
65171
65173
65197
65211
65214
65218
65221
65222
65240
65241
65248
65265
65281
65286
65295
65301
65301
65301
65307
65311
65311
65312
65323
65339
65345
65346
65352
65354
65374
65380
65381
65392
65397
65399
65401
65402
65407
65412
65413
65428
65429
65434
65450
65454
65458
65461
65468
65471
65473
65501
65507
65509
65554
65563
65573
65575
65582
65590
65605
65608
65631
65633
65640
65640
65640
65655
65658
65677
65683
65690
65694
65698
65705
65707
65736
65740
65742
65754
65761
65776
65776
65790
65794
65795
65830
65839
65847
65864
65876
65878
65881
65892
65892
65893
65897
65902
65906
65912
65936
65938
65945
65953
65965
65968
65977
65985
65995
66001
66002
66015
66022
66024
66032
66033
66042
66056
66058
66077
66080
66090
66111
66124
66135
66138
66142
66150
66151
66161
66173
66176
66189
66192
66202
66221
66235
66261
66261
66279
66291
66299
66300
66302
66305
66307
66307
66312
66313
66323
66340
66342
66346
66349
66354
66381
66387
66393
66420
66425
66443
66449
66455
66465
66471
66482
66493
66503
66510
66518
66519
66519
66530
66533
66539
66560
66563
66567
66572
66588
66591
66594
66596
66600
66611
66614
66631
66639
66649
66670
66672
66684
66701
66715
66718
66719
66722
66723
66727
66728
66731
66732
66733
66733
66749
66749
66751
66752
66759
66764
66777
66777
66785
66789
66789
66801
66825
66846
66846
66863
66867
66872
66881
66904
66906
66909
66909
66920
66920
66921
66923
66935
66945
66957
66959
66963
66981
66995
66999
67000
67005
67017
67018
67018
67039
67041
67042
67055
67056
67058
67061
67061
67071
67071
67072
67077
67078
67082
67088
67089
67096
67104
67111
67150
67157
67165
67166
67177
67178
67179
67186
67211
67217
67220
67234
67236
67236
67237
67255
67256
67267
67268
67273
67290
67302
67314
67321
67324
67368
67369
67369
67373
67376
67381
67386
67390
67398
67401
67404
67422
67429
67460
67470
67483
67486
67490
67497
67504
67508
67509
67515
67522
67546
67550
67552
67559
67595
67603
67611
67638
67662
67683
67689
67692
67697
67705
67719
67719
67720
67722
67730
67745
67745
67752
67757
67764
67770
67776
67779
67779
67781
67783
67789
67789
67795
67797
67799
67808
67811
67815
67817
67818
67819
67825
67827
67827
67842
67843
67848
67870
67881
67883
67883
67893
67916
67916
67933
67937
67949
67956
67956
67958
67966
67971
67979
67980
67983
67988
68013
68014
68026
68032
68036
68040
68041
68043
68045
68048
68051
68074
68082
68101
68101
68108
68108
68125
68131
68131
68137
68171
68174
68176
68187
68196
68203
68206
68210
68215
68220
68226
68230
68232
68235
68235
68271
68273
68275
68285
68286
68295
68302
68309
68314
68316
68317
68324
68344
68346
68365
68371
68379
68382
68402
68405
68407
68422
68424
68425
68428
68438
68440
68443
68446
68453
68464
68466
68468
68472
68477
68481
68491
68500
68521
68524
68526
68535
68556
68560
68564
68567
68568
68570
68573
68575
68582
68587
68592
68593
68595
68602
68620
68621
68625
68629
68630
68630
68631
68632
68634
68640
68648
68653
68662
68667
68668
68687
68712
68726
68736
68737
68745
68760
68776
68786
68788
68796
68800
68803
68813
68815
68831
68835
68836
68837
68838
68840
68848
68849
68866
68868
68871
68878
68884
68885
68901
68908
68914
68918
68918
68919
68927
68929
68933
68935
68945
68948
68965
68977
68988
68997
68999
69000
69007
69012
69017
69021
69028
69032
69035
69044
69046
69046
69056
69078
69092
69115
69130
69131
69138
69141
69175
69187
69187
69191
69207
69209
69209
69226
69227
69228
69233
69236
69239
69239
69249
69254
69254
69283
69286
69289
69325
69329
69331
69338
69339
69346
69359
69376
69376
69383
69389
69399
69408
69411
69414
69414
69424
69431
69438
69441
69443
69446
69454
69461
69462
69466
69472
69485
69506
69509
69528
69532
69544
69551
69558
69570
69571
69589
69596
69597
69598
69599
69609
69609
69613
69632
69634
69637
69652
69690
69694
69704
69705
69706
69708
69712
69712
69726
69730
69743
