1
45
147
283
442
753
979
1004
1144
1150
1238
1328
1330
1602
1782
1817
1984
2084
2139
2401
2571
2595
2831
3107
3217
3383
3471
3667
3684
3742
4025
4409
4498
4535
4609
4938
5535
5887
5903
6108
6265
6467
6577
6858
6900
7240
7481
7502
7547
7558
7608
7743
7753
8060
8423
8449
8604
8786
8943
9045
9214
9227
9406
9481
9991
10109
10372
11083
11105
11655
11786
11893
11919
12036
12186
12310
12551
12827
12881
12939
13031
13049
13057
13189
13303
13431
13467
13472
13544
13577
13932
14139
14147
14471
15015
15033
15141
15501
15615
15701
15714
16475
16841
16883
16953
17204
17225
17802
18135
18355
18527
18832
19023
19279
19303
19309
19499
19727
19975
20039
20222
20236
20429
20445
20644
20768
20834
20882
20929
21036
21064
21171
21290
21436
22170
22176
22219
22523
23069
23171
23184
23196
23241
23410
23457
23616
23817
24554
24611
24659
24846
24858
24913
25013
25057
25090
25101
25231
25309
25661
26040
26324
26462
26689
26712
26721
26758
26927
26950
27012
27046
27266
27324
27485
27810
27940
27971
28033
28539
28604
28625
28811
29197
29600
29724
29813
29888
29931
30285
30471
30540
30562
30816
30836
30996
31020
31250
31322
31362
31499
31671
31764
31939
32187
32318
32397
32629
32681
32814
32914
33052
33061
33216
33555
33555
33584
33615
33717
34206
34209
34354
34516
34900
35060
35093
35524
35655
35855
36152
36165
36547
36604
36703
36853
36945
37183
37360
37391
37403
37534
37656
37687
37979
37990
38072
38294
38550
38551
38762
38875
38925
39293
39296
39445
39462
39535
39639
39838
39961
40230
40393
40437
40675
40731
40874
40999
41183
41296
41298
41316
41551
41866
41868
42579
42590
42608
42718
42927
43221
43465
43999
44058
44073
44130
44281
44287
44311
44345
44383
44637
45079
45295
45778
46065
46281
46343
46435
46903
46993
47002
47052
47237
48134
48382
48530
48992
49148
49689
50018
50215
50279
50563
50661
51069
51178
51238
51457
51464
51480
51587
51724
52369
52370
52521
52538
52746
52834
52878
52931
53186
53207
53674
53815
53876
54714
54856
54917
55139
55230
55645
55750
55940
55979
56163
56296
56300
56352
56357
56753
56919
57207
57457
57690
58023
58030
58128
58150
58308
58770
58813
58940
59328
59395
59450
59677
60024
60028
60143
60568
60605
60782
60874
61037
61175
61246
61403
61443
61836
61864
61878
61968
62135
62213
62669
62981
63061
63072
63142
63192
63225
63258
63467
63541
63735
63815
63922
64080
64092
64156
64273
64290
64596
64692
64702
64865
65750
65802
66186
66361
66363
66661
66661
66817
67038
67248
67566
67604
67878
68058
68259
68286
68443
68475
68554
68708
68761
68875
69207
69275
69302
69311
69613
