5
13
23
23
45
46
54
64
69
106
110
127
130
145
151
155
160
161
178
182
187
187
203
217
222
229
232
233
247
251
254
258
262
271
284
291
305
306
313
336
367
383
414
420
421
425
426
432
441
461
469
472
488
495
502
516
520
520
537
542
545
548
549
551
559
563
574
575
583
588
619
630
643
644
644
648
649
649
650
656
664
668
672
678
684
696
698
708
709
717
717
718
725
726
746
756
766
782
788
792
802
818
820
825
827
835
846
850
865
869
878
884
917
927
965
986
993
1014
1017
1038
1039
1039
1041
1043
1054
1069
1088
1090
1090
1094
1100
1115
1132
1133
1138
1140
1150
1153
1156
1156
1169
1189
1206
1210
1220
1238
1240
1248
1270
1277
1279
1282
1292
1300
1302
1304
1313
1313
1314
1315
1317
1342
1348
1372
1385
1388
1388
1398
1401
1402
1404
1409
1412
1413
1415
1417
1417
1419
1424
1431
1432
1440
1458
1466
1469
1475
1488
1489
1498
1500
1501
1511
1512
1515
1516
1519
1522
1523
1525
1529
1533
1536
1539
1550
1551
1560
1576
1577
1598
1605
1610
1614
1627
1637
1642
1662
1666
1687
1709
1747
1752
1752
1767
1768
1790
1807
1814
1817
1826
1840
1846
1858
1859
1865
1871
1871
1875
1888
1891
1903
1904
1929
1951
1974
1980
1984
1994
1995
2001
2004
2017
2019
2029
2031
2039
2045
2049
2059
2062
2064
2076
2083
2085
2092
2093
2093
2120
2121
2128
2136
2150
2153
2172
2179
2215
2222
2248
2257
2282
2290
2300
2309
2314
2325
2328
2330
2353
2364
2370
2375
2378
2385
2398
2417
2418
2424
2425
2428
2435
2443
2456
2458
2462
2471
2475
2478
2482
2494
2497
2506
2509
2518
2528
2535
2539
2541
2567
2571
2581
2581
2582
2583
2590
2594
2607
2611
2619
2619
2620
2638
2641
2656
2656
2672
2672
2674
2685
2686
2687
2693
2698
2714
2718
2728
2740
2750
2764
2771
2796
2809
2820
2832
2849
2850
2855
2858
2873
2874
2879
2885
2886
2896
2908
2909
2924
2930
2941
2948
2950
2951
2956
2960
2961
2967
2968
2972
2979
2994
2996
3003
3003
3016
3020
3042
3049
3062
3084
3086
3091
3110
3111
3115
3137
3160
3167
3171
3176
3190
3209
3210
3216
3235
3244
3246
3250
3251
3259
3260
3262
3278
3283
3284
3285
3290
3291
3291
3312
3312
3321
3331
3345
3347
3351
3353
3360
3403
3405
3406
3409
3424
3430
3438
3441
3442
3448
3455
3470
3498
3511
3513
3539
3540
3542
3549
3555
3555
3557
3570
3573
3579
3598
3611
3620
3622
3623
3630
3637
3637
3646
3663
3673
3684
3688
3691
3694
3705
3709
3715
3727
3731
3746
3759
3782
3797
3804
3808
3818
3819
3833
3833
3839
3860
3870
3890
3894
3896
3916
3941
3941
3947
3948
3952
3953
3958
3962
3969
3970
3971
3977
3980
3997
4036
4040
4049
4073
4074
4074
4078
4096
4101
4108
4108
4133
4148
4157
4200
4217
4223
4227
4233
4241
4242
4250
4256
4256
4268
4270
4275
4284
4305
4306
4308
4308
4309
4311
4333
4335
4349
4390
4396
4399
4402
4408
4442
4458
4470
4483
4491
4492
4500
4512
4513
4516
4516
4520
4544
4557
4564
4573
4584
4590
4595
4600
4600
4609
4618
4644
4653
4655
4662
4666
4671
4687
4695
4713
4715
4719
4720
4741
4744
4746
4757
4788
4790
4795
4798
4818
4825
4834
4836
4841
4854
4865
4867
4871
4873
4879
4886
4914
4919
4926
4944
4944
4947
4992
4993
4993
5012
5016
5017
5023
5026
5027
5030
5044
5049
5053
5053
5054
5072
5084
5086
5087
5093
5095
5112
5116
5118
5124
5137
5141
5149
5158
5163
5166
5177
5179
5183
5186
5193
5207
5213
5216
5236
5242
5252
5259
5273
5283
5283
5305
5335
5338
5339
5340
5344
5349
5357
5359
5365
5373
5373
5377
5377
5379
5396
5397
5400
5403
5408
5408
5409
5412
5413
5416
5426
5429
5430
5438
5441
5459
5467
5484
5486
5487
5501
5501
5515
5519
5520
5524
5528
5555
5571
5608
5611
5613
5625
5627
5629
5648
5652
5672
5679
5690
5706
5714
5718
5723
5735
5736
5755
5756
5760
5775
5777
5778
5790
5793
5811
5813
5814
5822
5841
5853
5858
5867
5869
5878
5889
5889
5892
5897
5914
5927
5936
5937
5938
5943
5944
5945
5951
5969
5972
5978
5988
6001
6002
6005
6010
6012
6016
6025
6026
6044
6060
6063
6065
6068
6068
6069
6104
6110
6114
6114
6116
6124
6137
6149
6151
6155
6155
6168
6174
6177
6178
6179
6183
6188
6189
6192
6203
6218
6225
6228
6235
6236
6236
6252
6255
6258
6270
6274
6279
6295
6309
6310
6339
6365
6370
6373
6379
6381
6391
6399
6418
6432
6438
6450
6457
6476
6479
6481
6498
6510
6527
6564
6571
6610
6615
6616
6618
6619
6620
6623
6627
6646
6665
6671
6674
6683
6693
6715
6719
6720
6722
6731
6740
6741
6743
6746
6748
6755
6756
6780
6785
6786
6788
6788
6792
6799
6803
6805
6821
6840
6843
6847
6848
6851
6856
6859
6862
6870
6908
6916
6923
6935
6936
6936
6946
6973
6979
6989
6996
7005
7006
7010
7013
7014
7018
7025
7026
7029
7029
7030
7051
7069
7080
7086
7089
7093
7098
7104
7117
7124
7131
7142
7143
7154
7166
7183
7187
7192
7210
7210
7221
7229
7249
7260
7270
7275
7279
7289
7290
7290
7294
7296
7314
7318
7328
7343
7351
7361
7379
7382
7397
7407
7414
7423
7431
7432
7440
7446
7479
7487
7490
7496
7504
7519
7519
7524
7527
7531
7537
7547
7562
7565
7568
7577
7579
7601
7605
7607
7615
7627
7637
7651
7655
7661
7684
7690
7704
7704
7709
7711
7715
7717
7729
7734
7738
7740
7741
7745
7746
7750
7766
7790
7793
7806
7807
7824
7828
7833
7837
7842
7844
7848
7854
7864
7865
7891
7901
7906
7906
7911
7916
7921
7929
7934
7947
7953
7954
7961
7962
7969
7981
8012
8015
8025
8028
8034
8040
8047
8074
8082
8101
8109
8137
8152
8154
8179
8181
8190
8191
8192
8194
8198
8198
8225
8229
8250
8252
8268
8283
8286
8286
8290
8293
8299
8304
8305
8319
8322
8331
8332
8354
8354
8361
8369
8373
8382
8391
8395
8409
8424
8432
8439
8446
8460
8461
8468
8481
8525
8525
8531
8539
8545
8558
8560
8574
8588
8593
8602
8615
8651
8665
8678
8692
8705
8711
8740
8779
8784
8791
8800
8801
8806
8809
8826
8842
8845
8848
8852
8853
8854
8856
8871
8881
8889
8898
8899
8904
8914
8925
8929
8931
8932
8940
8946
8947
8961
8974
8977
8981
8982
8991
8991
8996
8998
8998
8999
9002
9004
9012
9041
9043
9052
9057
9076
9077
9093
9100
9101
9104
9108
9127
9127
9128
9129
9141
9148
9185
9185
9192
9193
9194
9195
9204
9205
9208
9230
9235
9242
9243
9252
9253
9255
9262
9271
9290
9303
9311
9328
9328
9330
9335
9351
9356
9363
9380
9409
9420
9424
9425
9436
9450
9451
9455
9473
9474
9482
9494
9502
9512
9519
9523
9527
9535
9576
9582
9584
9590
9599
9614
9622
9629
9634
9644
9651
9653
9654
9665
9665
9673
9677
9697
9703
9707
9709
9712
9726
9740
9746
9752
9766
9785
9789
9793
9845
9845
9847
9851
9865
9873
9873
9878
9881
9884
9897
9899
9906
9912
9920
9933
9937
9942
9960
9973
9975
9979
9987
9991
9996
10010
10010
10011
10013
10015
10019
10040
10040
10048
10051
10065
10085
10095
10103
10107
10113
10121
10122
10122
10124
10132
10132
10133
10146
10150
10151
10154
10159
10162
10186
10188
10188
10190
10191
10214
10214
10221
10270
10275
10284
10291
10324
10325
10343
10362
10384
10389
10391
10392
10398
10412
10416
10418
10421
10428
10433
10439
10449
10457
10460
10467
10470
10478
10480
10489
10489
10499
10500
10505
10512
10512
10512
10541
10575
10575
10584
10614
10614
10619
10625
10627
10635
10645
10646
10652
10663
10674
10679
10685
10689
10689
10701
10701
10710
10719
10721
10734
10747
10760
10762
10763
10767
10775
10795
10798
10799
10803
10809
10813
10814
10828
10848
10860
10869
10873
10884
10894
10912
10914
10938
10945
10950
10952
10956
10965
10965
10972
10983
10985
10987
10987
10988
10992
10998
11008
11008
11019
11049
11051
11085
11089
11097
11108
11109
11118
11136
11139
11142
11175
11181
11188
11201
11211
11251
11255
11262
11272
11274
11274
11280
11283
11301
11307
11323
11327
11333
11334
11347
11349
11355
11378
11397
11402
11407
11411
11414
11428
11432
11433
11436
11440
11451
11458
11459
11460
11480
11490
11493
11494
11501
11505
11507
11515
11518
11527
11528
11531
11532
11545
11549
11566
11566
11567
11571
11572
11581
11582
11586
11590
11599
11602
11616
11616
11672
11681
11692
11693
11701
11715
11740
11769
11802
11804
11810
11810
11810
11813
11813
11819
11822
11833
11844
11849
11850
11858
11867
11868
11878
11884
11886
11889
11890
11899
11899
11906
11915
11918
11926
11927
11935
11950
11952
11954
11964
11980
11981
11982
11985
11986
11987
11990
12010
12029
12032
12041
12046
12057
12058
12062
12068
12086
12096
12099
12101
12101
12102
12108
12122
12128
12131
12134
12136
12138
12142
12187
12189
12194
12226
12234
12234
12234
12247
12255
12273
12284
12290
12291
12299
12306
12313
12319
12326
12330
12332
12336
12341
12342
12349
12351
12352
12354
12361
12365
12375
12383
12410
12438
12484
12508
12508
12510
12511
12512
12521
12530
12535
12563
12575
12581
12616
12625
12625
12629
12629
12630
12643
12645
12655
12657
12660
12661
12673
12680
12693
12701
12702
12706
12731
12732
12752
12756
12758
12760
12763
12765
12789
12791
12793
12810
12824
12835
12837
12844
12845
12848
12849
12854
12855
12857
12878
12878
12884
12900
12901
12906
12910
12926
12955
12964
12968
12975
12988
12988
12992
12995
13001
13008
13008
13012
13015
13025
13027
13028
13044
13056
13076
13083
13083
13099
13100
13119
13130
13134
13134
13143
13146
13152
13154
13170
13172
13181
13198
13209
13210
13226
13233
13238
13262
13267
13268
13286
13286
13287
13292
13293
13294
13309
13315
13328
13338
13342
13348
13356
13356
13365
13383
13385
13395
13404
13411
13415
13418
13425
13435
13436
13469
13469
13471
13483
13485
13493
13495
13518
13519
13523
13526
13534
13538
13545
13553
13558
13572
13578
13585
13588
13611
13617
13618
13619
13635
13662
13682
13692
13694
13704
13712
13713
13720
13722
13729
13736
13740
13756
13759
13773
13774
13774
13788
13791
13798
13808
13819
13824
13833
13848
13870
13870
13876
13884
13889
13891
13899
13900
13904
13908
13913
13916
13917
13950
13952
13960
13963
13972
13994
13995
13998
14003
14004
14024
14027
14027
14033
14042
14044
14055
14068
14069
14075
14102
14102
14115
14122
14122
14141
14143
14145
14168
14174
14179
14191
14191
14196
14206
14219
14220
14221
14224
14229
14234
14273
14278
14281
14306
14315
14316
14338
14340
14341
14341
14343
14351
14351
14363
14369
14370
14384
14393
14395
14396
14399
14415
14434
14438
14439
14443
14456
14464
14489
14491
14499
14506
14509
14525
14526
14527
14543
14552
14568
14571
14575
14584
14604
14607
14613
14617
14651
14652
14660
14669
14684
14690
14696
14706
14725
14732
14741
14741
14742
14745
14752
14772
14784
14786
14788
14799
14803
14811
14820
14829
14837
14847
14853
14855
14855
14884
14885
14893
14895
14902
14914
14916
14925
14931
14936
14938
14944
14945
14948
14958
14959
14970
14975
15005
15009
15029
15031
15044
15045
15047
15059
15062
15063
15068
15072
15073
15078
15079
15085
15088
15098
15121
15161
15169
15179
15186
15197
15202
15213
15225
15225
15234
15234
15242
15247
15258
15259
15267
15277
15303
15306
15315
15325
15330
15331
15331
15332
15334
15348
15374
15374
15375
15377
15378
15403
15412
15418
15428
15430
15431
15436
15438
15447
15448
15456
15456
15458
15460
15473
15483
15484
15489
15490
15491
15499
15503
15505
15510
15517
15535
15546
15546
15554
15568
15572
15592
15604
15629
15664
15671
15680
15682
15685
15706
15718
15726
15745
15747
15750
15764
15766
15768
15768
15773
15776
15777
15795
15795
15814
15825
15833
15840
15854
15860
15861
15865
15881
15883
15885
15899
15902
15907
15914
15920
15921
15925
15934
15959
15967
15973
15981
15985
16021
16021
16058
16080
16106
16108
16114
16118
16128
16139
16150
16160
16164
16174
16193
16193
16195
16200
16204
16209
16218
16222
16223
16223
16224
16228
16247
16249
16250
16253
16255
16261
16266
16274
16276
16283
16285
16292
16299
16306
16307
16311
16312
16313
16314
16322
16324
16326
16331
16343
16359
16359
16362
16381
16393
16393
16400
16401
16407
16413
16435
16451
16458
16473
16473
16480
16482
16483
16484
16507
16522
16523
16531
16568
16569
16581
16592
16604
16605
16609
16615
16626
16632
16634
16649
16652
16653
16677
16692
16700
16702
16703
16710
16715
16718
16721
16724
16724
16735
16754
16769
16772
16782
16787
16792
16797
16807
16807
16827
16843
16849
16853
16854
16855
16859
16870
16874
16874
16893
16902
16910
16917
16927
16934
16941
16966
16967
16968
16982
16983
16983
16983
16988
16991
16994
17009
17012
17017
17031
17035
17049
17052
17054
17055
17073
17090
17091
17095
17096
17103
17106
17119
17132
17139
17153
17155
17183
17184
17187
17191
17213
17218
17219
17221
17232
17246
17247
17265
17271
17290
17292
17309
17315
17315
17326
17329
17337
17341
17349
17375
17393
17400
17414
17428
17429
17434
17435
17435
17440
17442
17442
17445
17454
17455
17462
17468
17475
17489
17493
17498
17499
17513
17520
17522
17523
17524
17530
17531
17544
17556
17558
17567
17568
17568
17573
17578
17578
17587
17604
17608
17613
17613
17620
17622
17629
17633
17636
17637
17638
17640
17649
17666
17675
17677
17679
17693
17699
17713
17719
17723
17728
17733
17739
17747
17760
17761
17778
17805
17838
17851
17852
17855
17857
17876
17881
17882
17895
17896
17904
17910
17910
17917
17917
17919
17920
17922
17932
17934
17953
17989
18003
18012
18016
18030
18034
18034
18060
18081
18099
18109
18118
18119
18122
18126
18128
18129
18135
18163
18170
18174
18176
18177
18179
18201
18203
18204
18205
18206
18207
18208
18208
18231
18238
18244
18256
18275
18276
18276
18276
18281
18306
18312
18316
18316
18331
18334
18340
18340
18344
18372
18373
18378
18379
18380
18384
18386
18391
18396
18398
18398
18407
18412
18414
18426
18476
18483
18491
18496
18496
18498
18499
18525
18542
18577
18581
18616
18616
18616
18623
18629
18646
18649
18656
18664
18667
18671
18685
18686
18689
18691
18692
18704
18709
18710
18717
18719
18719
18719
18722
18726
18729
18741
18755
18774
18774
18775
18796
18799
18799
18805
18805
18809
18818
18818
18824
18833
18836
18843
18850
18867
18868
18880
18881
18881
18882
18882
18882
18883
18885
18894
18912
18919
18920
18935
18959
18964
19004
19010
19031
19046
19046
19049
19064
19076
19079
19082
19084
19091
19094
19114
19123
19129
19139
19157
19169
19169
19174
19175
19178
19181
19189
19204
19205
19208
19210
19213
19218
19219
19221
19227
19228
19229
19233
19256
19259
19259
19266
19281
19287
19299
19306
19307
19310
19312
19325
19327
19333
19347
19370
19372
19376
19384
19398
19399
19399
19401
19407
19420
19425
19432
19433
19435
19448
19449
19451
19453
19453
19464
19467
19471
19479
19497
19499
19509
19518
19534
19536
19544
19572
19584
19589
19595
19604
19608
19621
19628
19635
19648
19649
19652
19683
19695
19698
19707
19707
19707
19714
19719
19732
19736
19742
19748
19760
19762
19763
19766
19770
19773
19784
19786
19812
19827
19829
19842
19842
19872
19878
19878
19884
19885
19900
19914
19922
19923
19928
19928
19929
19938
19942
19943
19951
19955
19963
19980
19991
19999
20005
20011
20019
20020
20049
20053
20057
20064
20065
20065
20067
20068
20069
20070
20075
20096
20096
20109
20109
20117
20130
20131
20135
20136
20145
20159
20166
20174
20178
20185
20185
20186
20195
20212
20224
20230
20234
20236
20245
20248
20251
20252
20253
20255
20276
20280
20283
20298
20299
20324
20333
20351
20361
20376
20381
20412
20418
20422
20434
20435
20443
20462
20481
20489
20494
20507
20518
20523
20542
20545
20547
20557
20571
20573
20577
20580
20580
20584
20586
20589
20591
20612
20623
20627
20627
20637
20659
20661
20697
20703
20709
20710
20715
20718
20720
20722
20727
20732
20733
20740
20747
20753
20765
20786
20805
20807
20813
20818
20826
20826
20827
20832
20861
20876
20879
20886
20888
20894
20900
20901
20905
20911
20912
20928
20941
20952
20994
20997
21005
21012
21046
21048
21049
21050
21053
21068
21068
21070
21073
21077
21078
21091
21092
21111
21114
21122
21130
21133
21136
21142
21147
21155
21171
21174
21209
21214
21216
21223
21223
21227
21229
21236
21236
21239
21248
21250
21275
21282
21284
21292
21300
21308
21325
21325
21329
21349
21353
21354
21360
21363
21375
21378
21398
21406
21415
21423
21427
21434
21437
21445
21447
21453
21457
21459
21463
21471
21479
21480
21481
21482
21505
21505
21514
21515
21534
21539
21542
21565
21572
21615
21615
21658
21668
21669
21678
21679
21703
21709
21709
21717
21723
21725
21729
21735
21748
21748
21749
21752
21754
21769
21775
21787
21795
21799
21800
21807
21807
21814
21829
21852
21852
21857
21861
21875
21886
21905
21906
21923
21924
21930
21942
21959
21971
21981
21991
21991
21993
21993
21997
22005
22015
22017
22018
22032
22034
22035
22039
22040
22053
22063
22072
22090
22110
22117
22122
22127
22136
22156
22158
22161
22177
22177
22178
22180
22182
22197
22200
22209
22221
22231
22246
22248
22249
22268
22272
22276
22284
22287
22287
22292
22296
22298
22301
22302
22310
22367
22368
22377
22380
22393
22419
22420
22425
22432
22436
22437
22444
22457
22458
22460
22480
22481
22496
22497
22529
22530
22538
22540
22544
22546
22576
22579
22591
22601
22613
22623
22634
22636
22640
22641
22654
22663
22673
22703
22707
22723
22724
22730
22737
22742
22753
22756
22790
22807
22811
22816
22827
22839
22840
22846
22847
22854
22875
22885
22911
22918
22921
22945
22950
22959
22965
22974
22977
22977
22993
23004
23011
23014
23021
23022
23044
23049
23050
23056
23060
23065
23069
23089
23095
23104
23110
23123
23127
23132
23133
23160
23171
23178
23191
23207
23208
23210
23211
23224
23241
23244
23255
23259
23259
23260
23264
23288
23293
23294
23297
23299
23305
23311
23315
23323
23327
23334
23353
23353
23357
23360
23362
23364
23366
23366
23369
23370
23382
23384
23394
23409
23441
23443
23444
23450
23451
23461
23461
23470
23472
23478
23478
23480
23501
23527
23528
23551
23556
23559
23565
23572
23572
23576
23585
23594
23611
23612
23619
23621
23632
23636
23643
23647
23658
23665
23669
23687
23690
23695
23696
23701
23706
23740
23747
23757
23772
23775
23794
23821
23826
23836
23839
23844
23852
23856
23857
23859
23890
23896
23900
23914
23915
23916
23921
23923
23925
23940
23944
23971
23972
23976
23980
23987
23997
23997
23998
24002
24007
24007
24008
24012
24027
24028
24031
24044
24045
24046
24057
24074
24077
24081
24089
24090
24099
24104
24107
24109
24112
24120
24130
24134
24136
24137
24152
24160
24164
24166
24166
24185
24189
24190
24191
24196
24200
24202
24203
24214
24227
24236
24240
24246
24248
24253
24275
24278
24281
24316
24320
24342
24351
24367
24382
24385
24393
24401
24406
24415
24438
24439
24444
24451
24456
24458
24458
24467
24485
24493
24498
24501
24506
24532
24533
24534
24536
24541
24544
24549
24550
24555
24557
24570
24575
24587
24587
24596
24603
24606
24608
24615
24627
24635
24648
24665
24679
24688
24688
24706
24708
24711
24722
24732
24741
24741
24743
24746
24786
24786
24795
24798
24801
24801
24809
24810
24813
24823
24824
24830
24836
24836
24836
24861
24880
24889
24903
24913
24919
24923
24935
24935
24936
24937
24943
24953
24956
24957
24965
24971
24976
24976
24978
24987
24991
24993
25007
25010
25020
25027
25032
25032
25036
25039
25040
25042
25053
25074
25076
25086
25094
25105
25106
25107
25110
25114
25127
25137
25142
25183
25192
25193
25195
25199
25209
25214
25226
25228
25231
25236
25236
25245
25256
25257
25259
25260
25278
25286
25301
25301
25304
25319
25322
25326
25337
25339
25349
25370
25381
25408
25409
25416
25421
25421
25433
25435
25436
25441
25445
25450
25462
25467
25480
25509
25524
25535
25536
25539
25540
25556
25561
25589
25597
25600
25619
25621
25625
25638
25641
25643
25649
25658
25659
25668
25672
25677
25679
25687
25687
25687
25695
25710
25711
25730
25731
25738
25740
25775
25783
25797
25802
25803
25813
25827
25829
25830
25830
25850
25855
25862
25869
25882
25884
25885
25885
25890
25902
25912
25912
25913
25913
25919
25921
25933
25937
25944
25956
25963
25980
25983
25986
26004
26012
26018
26019
26029
26036
26039
26041
26051
26057
26060
26066
26087
26092
26099
26102
26107
26108
26108
26109
26136
26143
26161
26168
26171
26183
26185
26187
26189
26193
26198
26203
26209
26212
26223
26223
26228
26233
26240
26246
26248
26264
26276
26277
26280
26285
26290
26292
26326
26329
26370
26375
26383
26401
26401
26401
26405
26411
26447
26448
26451
26471
26478
26482
26485
26489
26498
26511
26515
26516
26518
26519
26521
26525
26535
26536
26540
26549
26562
26568
26573
26574
26577
26592
26595
26599
26618
26625
26625
26626
26627
26631
26641
26643
26651
26662
26663
26668
26677
26678
26688
26694
26698
26704
26707
26708
26718
26723
26723
26723
26745
26750
26756
26757
26758
26758
26764
26782
26798
26804
26810
26820
26824
26854
26861
26870
26889
26889
26894
26908
26909
26914
26916
26918
26918
26919
26945
26947
26948
26952
26954
26956
26958
26959
26960
26960
26966
26969
26973
26978
26996
27003
27015
27020
27022
27022
27027
27028
27031
27041
27047
27049
27050
27062
27062
27075
27084
27085
27105
27113
27129
27137
27184
27186
27189
27195
27197
27201
27211
27226
27244
27245
27253
27287
27298
27301
27302
27310
27320
27342
27384
27388
27408
27416
27418
27418
27419
27426
27432
27453
27466
27469
27471
27473
27475
27484
27493
27498
27511
27525
27541
27542
27545
27548
27548
27551
27564
27587
27591
27609
27612
27617
27623
27629
27637
27642
27648
27649
27670
27671
27683
27687
27691
27697
27716
27728
27734
27736
27739
27742
27746
27746
27748
27756
27758
27771
27774
27775
27777
27791
27797
27817
27822
27860
27862
27868
27869
27887
27892
27898
27903
27920
27921
27923
27927
27928
27929
27931
27939
27940
27986
27986
27996
28005
28006
28011
28012
28024
28037
28037
28037
28047
28053
28064
28065
28070
28084
28093
28098
28101
28123
28136
28143
28144
28154
28163
28175
28201
28204
28217
28220
28226
28232
28233
28247
28247
28263
28269
28277
28287
28309
28312
28316
28321
28330
28335
28337
28339
28349
28359
28364
28365
28378
28398
28401
28403
28410
28414
28432
28437
28438
28442
28451
28469
28479
28486
28493
28498
28511
28515
28524
28539
28542
28562
28566
28567
28580
28582
28584
28593
28594
28598
28601
28603
28608
28608
28610
28612
28613
28627
28637
28645
28646
28654
28655
28658
28660
28675
28688
28692
28735
28750
28770
28770
28780
28803
28803
28813
28817
28834
28850
28861
28862
28863
28888
28891
28910
28914
28924
28944
28950
28957
28959
28959
28964
28991
28991
29013
29026
29028
29028
29048
29054
29065
29071
29072
29073
29074
29078
29079
29101
29107
29113
29116
29141
29146
29153
29157
29181
29182
29183
29185
29202
29207
29222
29224
29226
29227
29241
29255
29272
29283
29291
29316
29322
29343
29347
29351
29363
29375
29377
29377
29384
29384
29388
29390
29401
29405
29413
29422
29423
29428
29443
29458
29473
29476
29479
29490
29492
29495
29502
29509
29512
29520
29521
29521
29521
29523
29525
29527
29528
29556
29585
29585
29614
29628
29633
29642
29643
29647
29648
29655
29658
29675
29675
29679
29686
29703
29719
29724
29726
29728
29740
29745
29747
29750
29754
29764
29769
29769
29770
29771
29790
29798
29804
29808
29809
29813
29831
29835
29837
29848
29849
29859
29859
29868
29868
29873
29890
29912
29912
29923
29925
29931
29935
29943
29953
29956
29965
29969
29978
29989
29994
29996
30001
30020
30021
30040
30042
30044
30047
30054
30056
30059
30061
30061
30071
30089
30104
30109
30110
30116
30126
30136
30140
30145
30151
30156
30177
30193
30196
30200
30203
30206
30208
30223
30226
30241
30246
30262
30275
30290
30309
30311
30312
30320
30323
30323
30335
30335
30341
30350
30353
30357
30358
30373
30376
30383
30395
30407
30414
30418
30428
30430
30442
30442
30451
30460
30461
30481
30483
30489
30492
30512
30523
30525
30532
30551
30559
30569
30590
30606
30618
30631
30641
30641
30653
30677
30683
30685
30690
30695
30707
30719
30725
30731
30731
30733
30733
30734
30735
30742
30743
30744
30747
30749
30765
30772
30773
30779
30786
30786
30787
30809
30813
30827
30832
30849
30865
30877
30890
30890
30893
30906
30913
30926
30950
30953
30965
30967
31000
31007
31016
31025
31025
31029
31030
31034
31038
31040
31045
31060
31066
31067
31076
31083
31091
31094
31099
31099
31105
31117
31128
31137
31164
31164
31192
31195
31210
31219
31246
31247
31249
31267
31275
31276
31278
31290
31291
31293
31296
31308
31311
31322
31322
31329
31336
31340
31347
31351
31364
31366
31371
31383
31389
31413
31417
31418
31421
31426
31435
31437
31473
31476
31484
31484
31484
31490
31495
31503
31506
31509
31550
31563
31577
31585
31590
31593
31594
31609
31610
31610
31612
31616
31617
31626
31628
31628
31639
31643
31651
31658
31659
31668
31684
31689
31711
31716
31724
31734
31737
31742
31743
31749
31750
31753
31758
31758
31758
31760
31761
31768
31778
31782
31793
31796
31806
31810
31820
31839
31843
31844
31848
31859
31859
31860
31862
31865
31865
31883
31890
31904
31905
31907
31923
31930
31944
31944
31950
31951
31951
31956
31976
31992
31998
32005
32071
32073
32082
32082
32083
32084
32109
32110
32115
32123
32124
32125
32135
32150
32152
32154
32180
32193
32197
32200
32206
32207
32216
32221
32226
32240
32250
32252
32256
32267
32287
32290
32302
32308
32311
32312
32312
32312
32329
32338
32354
32359
32362
32364
32369
32381
32382
32385
32388
32400
32407
32412
32415
32415
32431
32435
32451
32468
32468
32469
32479
32480
32485
32487
32497
32506
32524
32536
32547
32562
32576
32576
32590
32602
32602
32603
32606
32606
32608
32610
32611
32611
32624
32630
32643
32645
32647
32649
32650
32661
32672
32678
32685
32686
32689
32693
32730
32745
32751
32761
32773
32774
32774
32779
32785
32788
32798
32799
32806
32807
32812
32816
32817
32822
32823
32826
32841
32852
32853
32854
32857
32872
32873
32874
32885
32886
32892
32893
32897
32899
32915
32915
32915
32922
32935
32939
32942
32949
32957
32962
32969
32973
32976
32987
33011
33029
33032
33034
33040
33041
33045
33061
33083
33084
33086
33097
33112
33124
33134
33140
33141
33149
33153
33159
33176
33184
33188
33193
33205
33210
33218
33221
33223
33242
33244
33261
33273
33278
33283
33284
33286
33290
33304
33319
33330
33338
33357
33359
33365
33374
33381
33392
33402
33405
33410
33415
33417
33417
33418
33427
33428
33429
33438
33448
33449
33462
33470
33470
33476
33483
33488
33491
33515
33518
33544
33545
33546
33550
33553
33553
33566
33588
33588
33602
33603
33604
33611
33612
33631
33637
33643
33650
33662
33673
33674
33678
33684
33684
33691
33718
33727
33741
33744
33786
33787
33792
33793
33797
33804
33811
33814
33816
33816
33817
33819
33823
33824
33841
33846
33851
33856
33858
33860
33868
33868
33872
33879
33881
33900
33900
33902
33903
33939
33960
33964
33982
33985
33994
33995
34001
34018
34030
34038
34038
34042
34052
34058
34064
34091
34113
34125
34131
34131
34136
34137
34141
34153
34158
34170
34180
34196
34197
34213
34215
34249
34250
34252
34276
34285
34305
34307
34308
34313
34322
34322
34325
34326
34335
34335
34347
34352
34354
34372
34385
34387
34390
34393
34405
34417
34418
34418
34426
34429
34433
34437
34446
34449
34455
34457
34463
34466
34468
34495
34499
34500
34531
34535
34541
34541
34545
34557
34558
34562
34565
34566
34566
34575
34582
34587
34587
34594
34602
34623
34628
34634
34637
34637
34644
34648
34651
34668
34671
34694
34699
34713
34717
34718
34720
34721
34743
34746
34747
34750
34757
34775
34778
34788
34797
34821
34823
34823
34826
34833
34851
34858
34866
34868
34876
34879
34880
34891
34894
34901
34917
34920
34932
34945
34956
34960
34960
34966
34973
34980
34994
35014
35034
35037
35066
35069
35077
35086
35090
35092
35106
35116
35122
35131
35133
35135
35136
35143
35146
35151
35167
35167
35173
35174
35178
35189
35203
35207
35215
35221
35222
35222
35231
35232
35243
35256
35260
35287
35290
35306
35309
35325
35330
35337
35339
35342
35343
35347
35353
35378
35379
35381
35403
35428
35435
35443
35456
35464
35465
35465
35470
35470
35471
35477
35511
35511
35513
35524
35525
35530
35547
35552
35556
35564
35575
35576
35579
35591
35597
35598
35608
35617
35624
35631
35639
35647
35648
35656
35656
35661
35675
35676
35679
35679
35684
35685
35685
35689
35690
35709
35712
35714
35714
35715
35717
35723
35723
35723
35726
35737
35751
35758
35767
35796
35803
35817
35827
35827
35838
35842
35854
35857
35865
35869
35871
35898
35900
35904
35905
35915
35916
35917
35918
35922
35923
35951
35951
35952
35953
35954
35970
35970
35972
35976
35979
35988
35991
35997
35998
36004
36014
36020
36021
36023
36027
36030
36031
36033
36035
36042
36057
36062
36065
36075
36078
36084
36085
36094
36098
36107
36122
36123
36124
36137
36139
36144
36151
36169
36172
36183
36191
36192
36195
36209
36211
36238
36246
36250
36251
36273
36281
36285
36288
36303
36309
36310
36330
36340
36342
36342
36344
36351
36353
36355
36358
36365
36366
36374
36374
36386
36390
36395
36400
36409
36418
36427
36435
36435
36436
36446
36447
36457
36457
36457
36475
36483
36487
36487
36499
36509
36510
36510
36521
36536
36554
36558
36559
36562
36565
36578
36581
36583
36583
36585
36605
36607
36609
36611
36629
36638
36642
36645
36646
36646
36649
36650
36653
36658
36658
36668
36669
36677
36678
36683
36693
36693
36694
36694
36694
36706
36716
36717
36724
36726
36726
36734
36739
36741
36742
36749
36773
36795
36801
36803
36805
36808
36810
36852
36855
36857
36864
36884
36889
36893
36901
36903
36910
36913
36915
36924
36925
36926
36928
36934
36934
36935
36938
36939
36941
36952
36959
36960
36968
36974
36976
36978
36985
36991
37002
37004
37005
37005
37015
37019
37036
37064
37071
37080
37090
37091
37094
37097
37099
37117
37124
37125
37148
37150
37154
37167
37170
37179
37181
37182
37201
37208
37216
37232
37240
37241
37248
37258
37261
37262
37271
37277
37282
37283
37286
37287
37325
37340
37341
37342
37350
37354
37379
37394
37396
37398
37413
37415
37423
37426
37434
37446
37451
37451
37462
37467
37467
37473
37477
37478
37484
37487
37503
37510
37536
37538
37548
37550
37565
37568
37571
37580
37585
37586
37597
37598
37600
37603
37607
37621
37626
37630
37631
37631
37634
37652
37654
37654
37654
37655
37658
37659
37671
37687
37699
37708
37711
37716
37726
37729
37742
37743
37744
37765
37767
37792
37807
37816
37820
37843
37845
37847
37858
37862
37876
37878
37893
37895
37898
37920
37921
37931
37952
37958
37966
37973
37983
37986
38003
38047
38054
38056
38057
38076
38108
38116
38130
38131
38133
38140
38149
38151
38152
38156
38169
38180
38183
38187
38188
38192
38205
38214
38215
38218
38223
38242
38247
38258
38261
38264
38268
38287
38290
38298
38330
38334
38334
38341
38344
38352
38355
38383
38399
38413
38415
38416
38427
38428
38437
38440
38446
38451
38453
38454
38463
38464
38475
38488
38491
38494
38496
38505
38519
38522
38523
38525
38529
38529
38535
38541
38542
38559
38570
38575
38590
38591
38604
38616
38617
38629
38656
38657
38659
38667
38683
38684
38689
38699
38716
38716
38721
38723
38739
38742
38750
38766
38767
38772
38794
38798
38798
38799
38810
38816
38826
38831
38837
38841
38851
38862
38863
38864
38872
38875
38876
38877
38879
38880
38884
38887
38896
38919
38919
38929
38931
38946
38960
38965
38965
38967
38986
38992
38997
39008
39012
39017
39022
39039
39042
39054
39062
39064
39072
39075
39084
39087
39109
39109
39110
39116
39120
39121
39132
39165
39176
39190
39195
39195
39200
39205
39208
39210
39211
39214
39220
39222
39223
39227
39228
39236
39252
39261
39273
39274
39282
39290
39307
39334
39376
39386
39417
39431
39440
39443
39450
39450
39453
39461
39466
39468
39470
39501
39502
39505
39506
39534
39539
39543
39552
39560
39561
39564
39573
39580
39581
39586
39587
39591
39592
39592
39597
39602
39608
39610
39627
39632
39646
39649
39654
39654
39683
39701
39701
39706
39711
39713
39722
39728
39733
39746
39759
39761
39761
39774
39775
39782
39783
39792
39795
39797
39826
39830
39847
39849
39851
39858
39859
39861
39876
39884
39887
39892
39898
39901
39902
39914
39920
39941
39943
39944
39945
39951
39955
39961
39970
39976
39984
39994
39999
40005
40009
40020
40045
40047
40048
40058
40065
40069
40075
40076
40083
40084
40090
40093
40100
40101
40107
40139
40157
40171
40175
40178
40185
40187
40191
40195
40198
40208
40212
40218
40222
40267
40272
40272
40279
40283
40286
40298
40311
40313
40320
40320
40323
40325
40326
40329
40336
40351
40365
40383
40431
40437
40451
40456
40498
40510
40541
40549
40550
40554
40554
40555
40561
40563
40577
40586
40593
40601
40603
40605
40607
40614
40614
40624
40627
40633
40636
40639
40641
40658
40660
40673
40680
40681
40687
40697
40710
40721
40730
40751
40752
40755
40778
40782
40784
40785
40791
40792
40799
40833
40833
40838
40855
40858
40868
40891
40896
40900
40906
40912
40913
40914
40917
40921
40939
40941
40965
40971
40975
41001
41008
41010
41011
41017
41024
41026
41032
41067
41075
41075
41089
41097
41104
41107
41108
41116
41118
41125
41132
41150
41159
41170
41171
41177
41183
41191
41201
41204
41204
41204
41214
41220
41221
41225
41237
41237
41239
41239
41241
41282
41292
41300
41305
41307
41314
41319
41328
41333
41339
41358
41364
41365
41375
41381
41383
41389
41394
41395
41412
41417
41419
41422
41425
41446
41448
41451
41459
41472
41487
41489
41509
41511
41516
41517
41520
41532
41535
41541
41547
41557
41560
41564
41565
41572
41583
41603
41606
41614
41617
41623
41627
41628
41630
41632
41648
41648
41653
41657
41659
41668
41672
41674
41679
41684
41689
41692
41696
41698
41707
41709
41714
41733
41738
41752
41757
41758
41780
41787
41788
41789
41797
41800
41803
41818
41820
41821
41832
41867
41868
41872
41885
41891
41893
41897
41897
41919
41922
41928
41930
41937
41943
41944
41961
41965
41977
41982
41989
41999
42001
42010
42010
42018
42033
42049
42056
42066
42076
42080
42087
42092
42108
42116
42117
42137
42141
42143
42146
42148
42159
42167
42177
42184
42190
42224
42230
42236
42242
42246
42261
42268
42274
42286
42290
42293
42295
42296
42307
42313
42314
42326
42350
42366
42369
42396
42405
42408
42408
42423
42427
42427
42431
42436
42440
42443
42444
42445
42446
42452
42454
42460
42469
42493
42510
42521
42527
42530
42565
42572
42577
42591
42594
42598
42619
42632
42649
42650
42677
42700
42715
42744
42761
42766
42774
42780
42782
42789
42799
42823
42825
42842
42862
42863
42869
42870
42873
42881
42889
42897
42906
42908
42917
42924
42935
42953
42961
42971
42994
42995
43020
43027
43029
43030
43036
43054
43063
43063
43085
43088
43094
43097
43104
43108
43140
43144
43144
43160
43175
43175
43177
43177
43184
43190
43190
43214
43216
43223
43232
43236
43241
43241
43243
43252
43268
43275
43281
43285
43299
43303
43311
43313
43330
43342
43354
43354
43358
43388
43393
43397
43398
43402
43407
43412
43423
43435
43436
43452
43454
43459
43462
43488
43502
43529
43538
43544
43547
43558
43576
43580
43600
43605
43630
43662
43666
43675
43677
43688
43688
43691
43705
43709
43725
43725
43727
43734
43753
43757
43758
43763
43765
43791
43796
43804
43811
43811
43817
43825
43828
43843
43845
43854
43861
43864
43865
43875
43884
43901
43903
43922
43929
43938
43943
43947
43961
43962
43964
43965
44009
44027
44028
44036
44036
44038
44039
44042
44052
44054
44060
44079
44092
44098
44127
44128
44142
44150
44163
44194
44210
44215
44222
44227
44231
44265
44266
44273
44277
44289
44295
44298
44311
44317
44328
44337
44341
44342
44348
44365
44379
44385
44394
44401
44401
44418
44423
44428
44442
44444
44452
44454
44456
44458
44466
44490
44499
44501
44503
44504
44505
44506
44507
44516
44517
44518
44519
44521
44534
44553
44556
44559
44560
44564
44580
44604
44605
44608
44610
44631
44638
44643
44666
44671
44687
44696
44699
44706
44707
44716
44717
44724
44743
44754
44756
44761
44778
44784
44787
44805
44811
44819
44819
44825
44857
44860
44862
44867
44869
44877
44886
44897
44900
44935
44938
44939
44953
44965
44969
44973
44977
44991
44993
45004
45011
45022
45022
45024
45039
45046
45053
45054
45073
45073
45079
45081
45090
45094
45095
45098
45103
45119
45155
45165
45168
45172
45176
45185
45186
45187
45194
45209
45210
45213
45217
45235
45235
45238
45244
45253
45259
45266
45267
45274
45279
45294
45297
45307
45331
45332
45338
45340
45345
45366
45370
45372
45385
45386
45386
45389
45389
45409
45420
45426
45432
45450
45450
45459
45461
45464
45483
45496
45498
45502
45527
45534
45543
45545
45545
45546
45553
45553
45554
45557
45560
45563
45566
45567
45568
45577
45578
45580
45580
45596
45605
45616
45616
45622
45629
45635
45642
45654
45655
45660
45662
45663
45667
45674
45674
45675
45678
45705
45729
45733
45757
45764
45769
45790
45793
45804
45807
45815
45822
45822
45827
45844
45850
45861
45861
45878
45881
45899
45909
45911
45920
45923
45927
45930
45932
45934
45955
45959
45985
46020
46023
46030
46052
46061
46066
46066
46084
46096
46098
46107
46121
46130
46145
46156
46162
46167
46169
46182
46188
46194
46200
46216
46217
46219
46226
46234
46238
46241
46249
46251
46272
46276
46288
46289
46293
46294
46312
46313
46331
46353
46353
46356
46371
46374
46381
46391
46392
46393
46394
46405
46408
46416
46437
46443
46443
46450
46456
46459
46473
46488
46490
46492
46493
46519
46533
46539
46542
46555
46560
46565
46567
46568
46576
46579
46585
46590
46599
46602
46619
46622
46626
46629
46636
46641
46642
46652
46655
46673
46681
46688
46704
46705
46717
46724
46752
46770
46776
46812
46813
46816
46826
46829
46830
46831
46837
46846
46867
46867
46869
46895
46897
46899
46904
46918
46918
46922
46922
46927
46927
46931
46936
46958
46968
46972
46982
46986
46991
46993
46998
47004
47019
47026
47030
47035
47040
47053
47055
47069
47098
47099
47110
47117
47120
47123
47129
47131
47132
47135
47139
47149
47161
47171
47181
47190
47195
47201
47201
47234
47243
47245
47245
47249
47252
47264
47267
47271
47275
47277
47278
47281
47292
47304
47305
47311
47315
47316
47319
47319
47334
47361
47362
47379
47382
47384
47393
47394
47397
47400
47402
47422
47440
47442
47449
47449
47450
47456
47456
47466
47467
47471
47481
47496
47511
47512
47513
47514
47516
47521
47529
47530
47532
47539
47548
47560
47561
47580
47589
47593
47594
47614
47616
47622
47645
47649
47654
47654
47691
47693
47695
47712
47732
47753
47753
47776
47782
47796
47799
47809
47810
47814
47824
47837
47841
47845
47856
47865
47867
47868
47879
47880
47898
47919
47920
47924
47924
47925
47929
47930
47934
47934
47962
47964
47968
47969
47982
47988
47996
48000
48003
48008
48022
48023
48025
48035
48047
48053
48056
48064
48067
48069
48071
48078
48104
48112
48119
48123
48126
48129
48130
48133
48133
48138
48139
48143
48144
48162
48171
48182
48182
48197
48198
48203
48204
48215
48233
48247
48251
48256
48260
48262
48269
48269
48286
48294
48303
48310
48311
48316
48320
48327
48335
48352
48364
48367
48375
48376
48381
48382
48423
48425
48431
48437
48439
48451
48454
48473
48490
48492
48495
48502
48507
48513
48515
48517
48519
48534
48555
48562
48578
48588
48588
48591
48592
48595
48600
48601
48606
48613
48621
48637
48640
48656
48659
48659
48661
48661
48675
48676
48677
48679
48679
48689
48694
48718
48719
48725
48733
48738
48742
48747
48764
48777
48784
48788
48806
48823
48826
48832
48843
48862
48863
48870
48870
48875
48881
48890
48902
48902
48920
48925
48940
48941
48945
48948
48960
48970
48975
48982
48992
48994
49002
49005
49013
49022
49037
49038
49049
49055
49061
49068
49068
49074
49092
49101
49109
49110
49112
49112
49116
49117
49119
49139
49147
49156
49166
49169
49170
49173
49174
49189
49191
49191
49194
49202
49216
49216
49230
49245
49259
49260
49265
49276
49286
49287
49290
49311
49313
49329
49339
49365
49367
49368
49380
49385
49392
49392
49399
49401
49412
49417
49430
49434
49442
49450
49452
49461
49462
49468
49473
49482
49486
49490
49493
49493
49493
49496
49543
49559
49565
49570
49570
49577
49585
49585
49597
49602
49605
49613
49626
49628
49631
49633
49645
49663
49668
49671
49688
49712
49724
49730
49733
49738
49741
49752
49768
49769
49770
49774
49777
49779
49780
49785
49786
49793
49795
49813
49817
49825
49826
49829
49854
49862
49863
49868
49868
49873
49875
49877
49883
49883
49885
49886
49889
49892
49897
49899
49907
49911
49914
49914
49919
49925
49926
49962
49983
49986
49987
49990
49997
50030
50032
50035
50058
50090
50090
50103
50108
50119
50123
50134
50141
50142
50151
50160
50163
50164
50174
50181
50194
50227
50232
50232
50250
50251
50266
50297
50305
50313
50314
50315
50333
50351
50367
50368
50377
50380
50392
50401
50413
50418
50427
50443
50447
50465
50472
50484
50508
50510
50511
50520
50520
50525
50525
50528
50530
50559
50559
50585
50587
50593
50594
50605
50610
50627
50649
50656
50660
50665
50665
50666
50672
50677
50678
50678
50688
50707
50713
50714
50734
50737
50764
50768
50771
50776
50778
50793
50795
50800
50801
50811
50823
50826
50829
50831
50841
50842
50856
50859
50861
50863
50878
50881
50895
50896
50898
50901
50914
50916
50918
50925
50939
50965
50965
50966
50969
50981
50984
50985
50991
50999
51039
51045
51056
51072
51076
51095
51097
51099
51100
51102
51103
51112
51120
51125
51143
51161
51162
51164
51170
51180
51183
51196
51211
51233
51243
51244
51252
51271
51274
51274
51278
51280
51285
51286
51286
51309
51318
51325
51327
51327
51329
51333
51333
51347
51351
51364
51367
51374
51385
51395
51398
51403
51404
51420
51434
51462
51471
51502
51502
51502
51505
51507
51512
51518
51526
51546
51549
51554
51561
51563
51567
51573
51574
51576
51577
51594
51599
51605
51618
51620
51627
51629
51662
51681
51682
51695
51699
51718
51720
51721
51738
51752
51776
51785
51801
51805
51805
51812
51829
51830
51841
51851
51871
51881
51883
51886
51887
51887
51892
51894
51905
51907
51921
51922
51923
51923
51924
51926
51927
51943
51948
51949
51950
51955
51959
51960
51963
51990
51998
52002
52011
52046
52049
52058
52064
52074
52083
52086
52094
52095
52099
52101
52102
52103
52111
52113
52119
52119
52119
52119
52121
52123
52129
52132
52136
52155
52170
52174
52180
52190
52191
52197
52197
52205
52209
52215
52216
52224
52226
52226
52229
52231
52239
52247
52259
52261
52270
52275
52283
52294
52294
52300
52301
52310
52315
52321
52326
52330
52336
52338
52349
52352
52357
52360
52365
52397
52403
52411
52414
52417
52420
52420
52432
52435
52467
52469
52474
52477
52487
52501
52516
52517
52524
52524
52524
52524
52532
52538
52547
52547
52549
52553
52557
52566
52568
52571
52584
52589
52593
52598
52608
52625
52625
52635
52647
52652
52655
52658
52659
52661
52663
52663
52666
52672
52677
52687
52692
52693
52698
52704
52705
52714
52714
52723
52730
52744
52750
52752
52764
52775
52780
52814
52814
52818
52828
52833
52833
52843
52850
52851
52868
52877
52882
52912
52916
52917
52942
52951
52955
52959
52995
52998
53013
53018
53021
53025
53027
53030
53047
53076
53085
53107
53107
53120
53126
53127
53128
53130
53134
53137
53138
53139
53158
53165
53174
53177
53178
53194
53197
53202
53204
53206
53209
53215
53225
53226
53231
53236
53252
53262
53265
53268
53274
53283
53290
53298
53302
53302
53304
53304
53310
53310
53313
53318
53319
53325
53340
53341
53351
53360
53361
53411
53413
53423
53425
53426
53427
53436
53437
53444
53444
53445
53450
53467
53468
53473
53484
53497
53502
53504
53509
53541
53550
53553
53569
53572
53584
53585
53589
53625
53636
53646
53650
53654
53659
53660
53672
53675
53692
53718
53748
53752
53758
53758
53760
53761
53765
53776
53778
53781
53820
53820
53822
53828
53829
53834
53837
53849
53853
53855
53880
53886
53899
53900
53927
53927
53927
53945
53952
53964
53976
53976
53988
53999
54002
54003
54005
54014
54025
54027
54043
54045
54052
54052
54055
54064
54070
54073
54087
54090
54105
54112
54114
54124
54136
54139
54143
54151
54152
54168
54175
54175
54186
54193
54193
54196
54206
54211
54241
54242
54270
54270
54288
54300
54306
54313
54341
54350
54362
54379
54380
54386
54392
54393
54411
54427
54428
54431
54439
54441
54444
54459
54476
54486
54488
54490
54499
54523
54529
54541
54542
54548
54566
54575
54576
54592
54598
54599
54600
54615
54617
54631
54651
54652
54677
54680
54693
54699
54702
54710
54712
54727
54729
54733
54733
54734
54741
54746
54755
54757
54761
54771
54772
54781
54786
54788
54799
54805
54809
54819
54823
54830
54834
54842
54845
54846
54854
54855
54857
54859
54860
54873
54879
54881
54893
54907
54909
54971
54979
54981
54983
54984
54990
54993
55004
55008
55017
55044
55047
55050
55051
55059
55064
55066
55072
55085
55086
55097
55109
55112
55116
55116
55128
55133
55141
55142
55149
55152
55154
55175
55182
55189
55208
55211
55224
55226
55231
55231
55240
55250
55287
55304
55307
55314
55318
55325
55326
55333
55341
55352
55367
55370
55374
55386
55390
55390
55394
55395
55400
55426
55429
55445
55449
55452
55457
55459
55465
55481
55486
55496
55499
55504
55512
55522
55532
55536
55547
55556
55563
55565
55573
55586
55597
55635
55637
55644
55665
55678
55691
55702
55708
55712
55714
55722
55723
55728
55736
55749
55758
55771
55785
55794
55798
55801
55809
55812
55812
55826
55827
55828
55831
55840
55843
55848
55861
55879
55884
55904
55905
55909
55911
55929
55932
55941
55956
55964
55977
55978
55992
55996
55996
56002
56003
56015
56034
56054
56059
56072
56074
56076
56087
56090
56091
56098
56098
56108
56132
56133
56143
56146
56154
56174
56177
56179
56182
56183
56183
56193
56196
56213
56214
56215
56216
56223
56233
56234
56240
56249
56252
56253
56253
56254
56255
56263
56274
56274
56278
56287
56292
56300
56303
56345
56345
56359
56376
56411
56413
56414
56419
56425
56426
56433
56434
56440
56446
56447
56460
56462
56485
56515
56529
56534
56538
56550
56559
56574
56574
56574
56576
56578
56581
56588
56598
56599
56602
56605
56608
56611
56634
56639
56640
56641
56652
56652
56659
56665
56673
56680
56695
56698
56701
56720
56725
56726
56728
56739
56758
56761
56767
56769
56774
56776
56785
56795
56823
56835
56838
56842
56859
56864
56868
56875
56879
56886
56891
56893
56909
56912
56916
56922
56924
56929
56930
56948
56949
56984
56992
57000
57004
57008
57027
57039
57055
57055
57058
57060
57062
57083
57089
57092
57099
57106
57111
57113
57127
57129
57143
57143
57153
57163
57164
57174
57177
57180
57183
57184
57194
57194
57212
57220
57223
57224
57226
57227
57228
57230
57232
57292
57307
57310
57312
57320
57323
57324
57335
57339
57348
57352
57353
57357
57366
57375
57377
57390
57410
57410
57411
57412
57421
57421
57422
57425
57444
57448
57465
57490
57515
57543
57559
57563
57563
57563
57565
57569
57576
57582
57582
57595
57598
57616
57619
57639
57643
57652
57654
57671
57675
57683
57701
57704
57705
57714
57715
57719
57725
57729
57732
57757
57762
57765
57765
57777
57807
57819
57820
57832
57835
57836
57843
57850
57864
57871
57880
57899
57902
57911
57942
57954
57962
57977
57983
57985
57985
57985
57985
57992
57997
58027
58031
58036
58043
58046
58047
58048
58055
58057
58065
58066
58084
58091
58101
58105
58113
58119
58127
58132
58132
58136
58138
58143
58147
58148
58149
58150
58150
58163
58163
58179
58194
58195
58196
58202
58211
58228
58235
58238
58243
58248
58278
58279
58287
58288
58292
58293
58303
58304
58305
58309
58315
58340
58345
58349
58350
58352
58361
58362
58374
58405
58412
58413
58421
58423
58437
58440
58442
58450
58455
58463
58465
58489
58512
58516
58520
58535
58545
58553
58568
58573
58577
58583
58585
58593
58595
58598
58616
58623
58634
58642
58646
58650
58653
58663
58663
58673
58675
58676
58677
58705
58714
58716
58720
58756
58781
58782
58791
58810
58811
58820
58822
58822
58827
58830
58852
58863
58875
58894
58894
58897
58900
58908
58908
58926
58940
58941
58962
58964
58974
58981
58986
59015
59018
59030
59039
59048
59074
59077
59082
59087
59088
59096
59096
59109
59113
59114
59115
59126
59127
59131
59133
59143
59148
59149
59160
59162
59163
59169
59175
59179
59188
59196
59224
59231
59236
59239
59243
59250
59260
59260
59269
59270
59275
59291
59298
59313
59313
59322
59325
59333
59340
59342
59346
59353
59356
59359
59377
59383
59385
59394
59407
59407
59410
59426
59427
59438
59445
59478
59484
59500
59506
59530
59530
59539
59558
59559
59572
59577
59583
59585
59585
59597
59613
59617
59621
59622
59638
59641
59655
59659
59660
59665
59673
59685
59688
59690
59704
59710
59719
59724
59724
59739
59767
59773
59780
59783
59785
59787
59789
59795
59795
59798
59802
59819
59819
59829
59830
59838
59838
59847
59853
59863
59867
59872
59874
59877
59894
59918
59936
59939
59943
59947
59952
59955
59961
59964
59966
59973
59988
59989
59995
59997
60006
60008
60039
60055
60056
60074
60078
60088
60091
60093
60096
60099
60127
60139
60150
60154
60159
60171
60177
60179
60186
60188
60197
60203
60208
60212
60214
60216
60238
60243
60244
60250
60273
60291
60297
60299
60305
60310
60312
60321
60324
60326
60326
60333
60347
60349
60376
60377
60382
60398
60404
60411
60416
60423
60426
60432
60448
60454
60460
60463
60466
60478
60480
60489
60490
60502
60506
60515
60516
60522
60524
60544
60545
60561
60563
60567
60568
60585
60585
60586
60595
60599
60601
60608
60609
60617
60624
60634
60663
60668
60670
60674
60676
60710
60712
60715
60715
60728
60741
60742
60749
60757
60770
60774
60778
60791
60800
60804
60809
60838
60844
60844
60847
60858
60865
60885
60893
60896
60896
60899
60908
60909
60911
60913
60922
60923
60926
60937
60938
60939
60940
60943
60945
60953
60960
60963
60964
60971
60971
60975
60976
60981
60986
61001
61007
61007
61021
61037
61037
61042
61060
61062
61068
61082
61085
61086
61093
61107
61109
61117
61146
61171
61180
61192
61196
61198
61201
61223
61231
61247
61258
61272
61274
61293
61296
61299
61302
61320
61327
61329
61333
61334
61337
61337
61351
61352
61353
61358
61376
61381
61382
61385
61395
61396
61400
61401
61410
61411
61412
61430
61443
61453
61455
61458
61484
61488
61492
61501
61515
61517
61519
61520
61545
61546
61552
61559
61563
61570
61578
61581
61601
61602
61622
61638
61656
61670
61684
61685
61688
61693
61694
61696
61699
61700
61720
61726
61726
61730
61735
61738
61744
61751
61752
61756
61770
61770
61778
61798
61802
61817
61825
61838
61839
61839
61840
61841
61850
61866
61871
61882
61883
61900
61917
61918
61931
61934
61946
61952
61953
61964
61964
61966
61971
61974
61978
61985
61990
61995
62004
62012
62028
62038
62040
62068
62074
62086
62087
62109
62114
62115
62142
62144
62153
62158
62162
62166
62168
62176
62183
62198
62203
62207
62214
62221
62224
62244
62250
62258
62259
62259
62266
62272
62272
62275
62277
62301
62312
62316
62320
62330
62333
62339
62348
62353
62353
62367
62370
62376
62389
62397
62403
62419
62424
62428
62443
62443
62447
62473
62489
62494
62516
62518
62518
62522
62539
62563
62577
62577
62579
62581
62589
62600
62602
62608
62622
62624
62627
62632
62636
62643
62653
62654
62662
62667
62683
62684
62693
62719
62721
62734
62740
62741
62742
62747
62767
62768
62775
62777
62781
62784
62786
62791
62797
62804
62810
62812
62820
62822
62832
62833
62839
62839
62839
62842
62853
62862
62870
62883
62889
62897
62903
62904
62909
62912
62913
62914
62923
62925
62953
62963
62966
62973
62983
62994
62998
63001
63001
63007
63011
63012
63016
63029
63031
63031
63032
63034
63036
63042
63047
63049
63052
63060
63066
63066
63091
63094
63113
63115
63136
63140
63140
63155
63160
63173
63188
63204
63214
63226
63233
63270
63278
63282
63296
63297
63307
63313
63339
63341
63342
63343
63345
63351
63353
63354
63355
63357
63383
63391
63411
63426
63427
63434
63447
63452
63455
63457
63457
63460
63466
63475
63494
63532
63534
63534
63537
63549
63557
63562
63564
63581
63593
63610
63615
63617
63632
63633
63637
63652
63657
63666
63667
63673
63685
63695
63700
63701
63705
63705
63708
63709
63716
63721
63744
63761
63789
63789
63790
63794
63798
63805
63806
63819
63826
63834
63837
63849
63858
63876
63877
63878
63892
63914
63926
63936
63937
63943
63951
63953
63963
63964
63982
63988
63997
63999
64002
64024
64026
64047
64048
64051
64052
64059
64066
64079
64086
64095
64108
64112
64126
64157
64160
64164
64178
64184
64199
64201
64205
64215
64254
64304
64304
64312
64312
64331
64346
64352
64360
64381
64383
64387
64397
64402
64416
64429
64450
64456
64458
64459
64467
64467
64469
64470
64476
64479
64481
64494
64503
64510
64521
64522
64526
64541
64553
64561
64573
64576
64590
64595
64604
64617
64645
64659
64673
64682
64683
64688
64691
64694
64695
64725
64728
64745
64753
64783
64783
64791
64809
64812
64815
64834
64834
64834
64853
64861
64861
64861
64869
64870
64881
64881
64881
64881
64889
64890
64898
64900
64901
64906
64914
64919
64922
64927
64932
64935
64941
64947
64950
64954
64964
64967
64971
64979
64983
64988
64999
65012
65012
65031
65046
65049
65049
65054
65054
65056
65057
65065
65087
65089
65091
65097
65105
65112
65122
65125
65139
65147
65153
65153
65154
65155
65163
65180
65195
65200
65204
65211
65223
65247
65255
65257
65272
65275
65281
65283
65286
65286
65293
65300
65302
65304
65308
65313
65328
65349
65353
65358
65359
65360
65363
65368
65369
65370
65373
65379
65381
65383
65387
65393
65409
65418
65419
65448
65449
65454
65454
65461
65465
65476
65477
65485
65492
65496
65505
65523
65526
65532
65538
65543
65548
65558
65558
65568
65573
65573
65588
65613
65619
65622
65628
65635
65649
65657
65669
65671
65687
65707
65715
65718
65740
65740
65754
65778
65784
65785
65794
65815
65825
65836
65839
65843
65852
65857
65858
65869
65870
65874
65880
65884
65886
65892
65906
65932
65933
65933
65935
65936
65943
65962
65962
65977
65983
65988
65994
66000
66014
66015
66022
66028
66037
66055
66069
66070
66081
66081
66086
66092
66096
66102
66109
66118
66118
66119
66122
66135
66141
66167
66174
66180
66195
66204
66204
66210
66220
66222
66276
66282
66289
66290
66292
66292
66294
66331
66333
66334
66342
66353
66353
66360
66372
66378
66378
66391
66398
66407
66413
66416
66419
66423
66431
66439
66453
66454
66457
66462
66462
66468
66479
66480
66481
66496
66496
66499
66520
66529
66533
66536
66544
66545
66547
66554
66568
66570
66576
66581
66591
66606
66608
66609
66617
66619
66620
66622
66623
66625
66626
66627
66629
66641
66642
66649
66652
66655
66655
66658
66659
66660
66675
66683
66683
66697
66710
66710
66734
66740
66742
66764
66765
66772
66773
66775
66789
66791
66812
66828
66838
66860
66871
66876
66886
66890
66891
66895
66900
66911
66917
66917
66929
66937
66941
66946
66949
66954
66956
66968
66976
66978
66993
67000
67005
67010
67038
67064
67065
67065
67068
67072
67102
67105
67111
67114
67119
67119
67121
67122
67125
67127
67129
67135
67139
67147
67151
67161
67179
67179
67182
67183
67190
67190
67209
67211
67223
67235
67239
67244
67252
67253
67279
67280
67290
67291
67294
67297
67300
67301
67310
67320
67321
67322
67325
67326
67329
67335
67343
67363
67364
67366
67382
67385
67392
67406
67406
67408
67409
67409
67410
67415
67415
67417
67418
67430
67431
67439
67441
67458
67458
67479
67493
67496
67511
67512
67514
67515
67519
67521
67525
67571
67572
67579
67588
67599
67608
67611
67618
67623
67625
67629
67632
67659
67661
67662
67664
67668
67680
67686
67708
67711
67712
67713
67719
67732
67732
67736
67746
67747
67768
67770
67773
67792
67803
67805
67805
67813
67815
67820
67823
67827
67828
67830
67835
67844
67846
67858
67859
67880
67881
67889
67892
67894
67903
67910
67914
67918
67920
67931
67949
67961
68005
68007
68009
68011
68030
68030
68039
68040
68045
68072
68075
68092
68109
68112
68113
68124
68136
68137
68138
68151
68156
68159
68170
68170
68173
68185
68188
68189
68205
68207
68217
68226
68241
68260
68261
68271
68273
68278
68286
68295
68301
68348
68348
68350
68361
68373
68374
68375
68386
68386
68399
68399
68405
68407
68414
68435
68437
68442
68443
68461
68462
68464
68469
68474
68477
68486
68486
68488
68496
68502
68504
68505
68526
68536
68539
68547
68551
68553
68563
68568
68575
68579
68584
68585
68586
68591
68597
68598
68621
68631
68635
68635
68655
68656
68657
68658
68665
68668
68676
68679
68683
68688
68689
68694
68696
68696
68698
68716
68738
68740
68749
68749
68759
68776
68789
68794
68797
68802
68817
68830
68834
68839
68860
68874
68884
68904
68905
68907
68907
68912
68917
68921
68922
68924
68947
68954
68958
68981
68981
68984
68990
68991
69000
69003
69007
69010
69015
69018
69030
69035
69037
69042
69046
69052
69052
69056
69060
69064
69066
69078
69090
69094
69102
69107
69114
69115
69119
69125
69135
69140
69145
69154
69166
69177
69178
69187
69189
69195
69209
69215
69221
69233
69242
69246
69250
69293
69298
69310
69315
69316
69327
69335
69339
69340
69344
69346
69351
69351
69351
69353
69369
69375
69380
69381
69383
69396
69397
69423
69424
69428
69430
69431
69448
69452
69460
69460
69466
69472
69474
69476
69491
69516
69534
69542
69549
69550
69557
69557
69558
69574
69586
69608
69609
69621
69622
69623
69626
69631
69640
69648
69674
69678
69680
69681
69688
69692
69695
69705
69710
69718
69723
69725
69727
69731
69733
69733
69742
