6
6
16
19
22
24
24
34
45
71
78
82
85
92
95
108
113
119
126
151
152
170
172
179
204
223
235
251
258
264
268
271
274
285
300
310
312
316
321
327
334
340
374
396
414
428
469
479
490
499
514
521
522
524
543
590
592
603
614
639
648
656
676
695
721
729
756
764
771
778
787
788
799
800
806
831
862
879
891
893
893
893
904
911
963
964
968
987
992
1009
1012
1028
1041
1062
1071
1072
1074
1085
1085
1090
1096
1099
1116
1118
1127
1140
1148
1158
1192
1211
1213
1216
1226
1238
1266
1268
1272
1296
1296
1298
1330
1381
1451
1466
1467
1471
1475
1514
1528
1536
1538
1543
1588
1645
1650
1668
1691
1692
1692
1719
1720
1731
1734
1736
1741
1757
1758
1760
1768
1769
1775
1779
1802
1819
1820
1823
1841
1845
1847
1879
1882
1884
1888
1896
1907
1917
1921
1921
1930
1932
1944
1948
1953
1971
1973
1990
2005
2008
2012
2037
2059
2072
2073
2087
2093
2099
2104
2105
2126
2138
2157
2172
2174
2179
2181
2186
2203
2207
2252
2255
2297
2297
2303
2306
2316
2332
2346
2363
2365
2367
2368
2398
2411
2436
2436
2453
2488
2501
2502
2511
2517
2517
2522
2530
2530
2532
2546
2551
2565
2571
2574
2586
2591
2605
2612
2613
2638
2641
2653
2653
2678
2694
2712
2726
2742
2752
2753
2753
2770
2790
2802
2810
2826
2843
2846
2846
2906
2908
2922
2929
2953
2988
3010
3021
3025
3027
3038
3090
3116
3117
3132
3146
3162
3181
3188
3208
3241
3242
3263
3269
3305
3315
3317
3319
3326
3328
3331
3339
3342
3365
3397
3398
3412
3416
3449
3449
3455
3460
3461
3462
3466
3467
3467
3475
3478
3483
3496
3501
3525
3534
3544
3559
3561
3570
3575
3583
3590
3607
3612
3617
3620
3623
3632
3650
3662
3670
3674
3681
3686
3695
3705
3729
3731
3742
3754
3764
3782
3799
3815
3818
3818
3821
3829
3839
3839
3849
3855
3862
3868
3883
3893
3897
3918
3926
3937
3939
3946
3952
3985
3991
3995
4004
4009
4029
4033
4043
4048
4063
4066
4082
4093
4098
4104
4105
4105
4174
4176
4188
4203
4218
4230
4247
4250
4272
4277
4301
4307
4315
4319
4342
4365
4373
4382
4388
4394
4395
4409
4420
4424
4424
4446
4449
4463
4467
4467
4484
4488
4495
4501
4507
4510
4522
4530
4541
4545
4551
4564
4582
4585
4605
4643
4644
4651
4658
4660
4661
4696
4708
4709
4709
4710
4725
4725
4737
4739
4748
4752
4752
4776
4783
4790
4802
4802
4807
4820
4832
4851
4852
4871
4872
4917
4965
4967
4973
4974
4976
4991
5000
5001
5002
5010
5012
5038
5042
5064
5067
5092
5097
5108
5109
5128
5140
5161
5173
5180
5207
5209
5210
5217
5220
5223
5228
5234
5248
5248
5249
5251
5259
5304
5325
5334
5341
5354
5374
5390
5393
5402
5408
5415
5428
5431
5453
5465
5475
5487
5510
5512
5513
5522
5523
5531
5545
5557
5560
5576
5577
5607
5609
5624
5633
5658
5676
5680
5683
5690
5694
5703
5709
5710
5718
5730
5736
5744
5763
5764
5799
5802
5835
5836
5883
5892
5904
5925
5933
5937
5941
5945
5958
5961
5976
6022
6038
6065
6086
6100
6101
6112
6118
6127
6145
6145
6156
6160
6162
6183
6190
6193
6206
6217
6237
6238
6239
6252
6264
6277
6285
6286
6301
6316
6334
6340
6341
6368
6374
6384
6402
6409
6412
6416
6419
6423
6429
6443
6460
6462
6468
6472
6488
6515
6535
6537
6542
6566
6588
6595
6608
6621
6634
6644
6664
6669
6677
6682
6682
6688
6702
6713
6741
6764
6765
6772
6772
6782
6789
6809
6817
6871
6872
6876
6912
6956
6967
6976
6979
6982
6985
6988
7011
7019
7028
7046
7061
7077
7078
7093
7101
7114
7127
7128
7131
7146
7154
7158
7165
7169
7180
7181
7183
7183
7197
7199
7200
7203
7211
7221
7238
7241
7267
7307
7320
7320
7326
7328
7345
7372
7374
7392
7393
7420
7421
7434
7442
7474
7476
7483
7499
7500
7522
7530
7559
7577
7578
7589
7592
7618
7618
7619
7640
7654
7655
7666
7666
7694
7695
7697
7758
7781
7788
7788
7804
7809
7814
7815
7827
7835
7843
7852
7853
7855
7860
7864
7867
7869
7874
7877
7878
7885
7903
7903
7929
7934
7966
7977
7991
8013
8015
8021
8028
8049
8070
8085
8111
8149
8151
8152
8158
8159
8172
8192
8207
8210
8214
8225
8233
8251
8253
8262
8268
8308
8312
8316
8320
8345
8345
8346
8349
8373
8377
8381
8383
8391
8401
8407
8415
8421
8451
8465
8491
8491
8535
8537
8585
8590
8606
8609
8623
8636
8643
8644
8646
8655
8672
8676
8677
8684
8687
8688
8690
8708
8746
8753
8757
8761
8790
8793
8807
8811
8826
8841
8850
8853
8877
8892
8895
8899
8903
8904
8926
8949
8962
8980
8982
8997
9004
9005
9063
9072
9084
9092
9097
9099
9107
9108
9118
9139
9141
9157
9168
9204
9206
9209
9212
9214
9222
9234
9237
9240
9257
9295
9299
9307
9309
9311
9322
9324
9338
9340
9352
9358
9361
9362
9367
9370
9397
9403
9419
9430
9432
9437
9440
9450
9455
9459
9460
9485
9487
9488
9497
9510
9524
9530
9547
9551
9561
9562
9587
9589
9601
9604
9631
9647
9650
9650
9681
9682
9682
9686
9693
9698
9726
9742
9755
9770
9771
9866
9906
9918
9922
9939
9948
9955
9969
9995
10009
10054
10057
10074
10077
10091
10103
10112
10131
10133
10134
10139
10150
10170
10178
10183
10195
10199
10207
10217
10234
10250
10250
10280
10299
10326
10339
10345
10354
10360
10362
10373
10377
10384
10387
10403
10405
10409
10410
10416
10427
10431
10434
10460
10462
10467
10470
10476
10494
10525
10531
10532
10543
10550
10551
10582
10585
10589
10593
10600
10623
10629
10630
10662
10673
10689
10701
10724
10741
10743
10758
10763
10765
10772
10774
10777
10778
10779
10791
10819
10829
10841
10855
10868
10886
10890
10893
10906
10913
10927
10937
10943
10962
10971
10977
10986
10991
10993
10995
11017
11021
11021
11033
11039
11048
11060
11083
11116
11123
11124
11134
11163
11183
11185
11186
11192
11221
11242
11255
11273
11282
11284
11291
11302
11313
11316
11345
11356
11357
11367
11368
11368
11372
11390
11397
11409
11442
11443
11470
11486
11513
11536
11560
11562
11563
11565
11569
11575
11593
11609
11615
11620
11644
11681
11691
11708
11716
11739
11741
11764
11776
11787
11791
11792
11818
11850
11862
11863
11866
11873
11906
11933
11933
11933
11937
11945
11956
11957
11958
11958
11962
11973
11976
11978
11981
11993
12007
12019
12019
12062
12064
12083
12088
12099
12140
12171
12182
12189
12189
12203
12214
12215
12217
12219
12228
12237
12240
12264
12266
12269
12276
12298
12306
12315
12322
12324
12328
12348
12363
12387
12387
12400
12406
12427
12429
12437
12440
12444
12478
12485
12506
12530
12535
12537
12538
12561
12568
12571
12571
12577
12587
12590
12594
12607
12607
12614
12631
12635
12638
12642
12664
12673
12693
12694
12722
12736
12747
12751
12759
12766
12767
12772
12776
12788
12834
12839
12856
12862
12913
12918
12920
12922
12932
12942
12945
12949
12955
12955
12963
12964
12971
12976
12981
12988
12992
12997
12999
13011
13023
13032
13037
13039
13061
13064
13070
13074
13087
13093
13100
13142
13149
13157
13161
13172
13177
13187
13212
13267
13271
13274
13290
13301
13325
13369
13371
13376
13377
13394
13408
13415
13419
13423
13430
13461
13473
13476
13504
13513
13526
13526
13532
13545
13546
13560
13585
13588
13590
13594
13596
13597
13613
13622
13624
13631
13635
13642
13647
13663
13669
13675
13677
13681
13682
13715
13716
13747
13769
13774
13785
13804
13808
13819
13821
13822
13826
13858
13859
13872
13890
13895
13925
13931
13949
14022
14045
14049
14059
14078
14081
14084
14095
14110
14110
14120
14148
14167
14173
14199
14227
14235
14242
14260
14269
14273
14275
14277
14278
14280
14306
14312
14332
14336
14342
14344
14361
14368
14370
14386
14402
14409
14434
14437
14450
14455
14476
14481
14487
14487
14491
14494
14520
14538
14546
14553
14554
14557
14568
14569
14575
14580
14594
14599
14616
14621
14641
14644
14653
14659
14673
14678
14682
14685
14707
14727
14738
14739
14773
14776
14777
14778
14782
14798
14829
14832
14854
14854
14855
14870
14884
14898
14915
14922
14950
14957
14962
14966
14983
14987
14989
15005
15019
15021
15022
15026
15031
15034
15045
15053
15063
15072
15073
15075
15080
15095
15100
15104
15130
15133
15137
15142
15143
15148
15156
15164
15167
15169
15183
15192
15245
15259
15267
15268
15269
15270
15285
15327
15332
15346
15359
15377
15386
15411
15434
15445
15449
15450
15456
15469
15477
15501
15504
15505
15523
15534
15542
15558
15567
15567
15593
15602
15621
15622
15633
15634
15650
15655
15680
15695
15733
15735
15751
15755
15773
15776
15804
15818
15818
15821
15827
15882
15933
15943
15957
15960
15963
15966
15969
16024
16025
16028
16030
16050
16057
16078
16090
16099
16101
16112
16116
16158
16161
16187
16199
16200
16203
16206
16229
16240
16261
16270
16305
16340
16345
16362
16364
16400
16438
16441
16442
16444
16453
16463
16464
16464
16482
16482
16503
16522
16525
16538
16561
16562
16562
16571
16585
16608
16627
16631
16636
16656
16666
16666
16674
16690
16700
16706
16707
16707
16721
16730
16750
16767
16778
16788
16796
16814
16819
16820
16826
16826
16833
16837
16847
16848
16851
16852
16862
16868
16876
16892
16894
16907
16911
16914
16916
16936
16941
16947
16962
16972
16977
16982
16986
16989
16991
16995
16999
17003
17007
17022
17022
17032
17039
17045
17052
17067
17071
17077
17097
17098
17128
17136
17142
17149
17151
17168
17173
17188
17189
17193
17201
17205
17211
17213
17216
17218
17243
17274
17338
17340
17343
17344
17344
17362
17366
17372
17372
17400
17428
17451
17456
17497
17499
17505
17510
17527
17531
17560
17562
17564
17585
17597
17598
17610
17625
17627
17642
17652
17654
17658
17670
17676
17681
17694
17695
17696
17706
17715
17724
17732
17732
17738
17739
17750
17751
17753
17755
17769
17787
17800
17817
17825
17834
17841
17862
17864
17877
17906
17909
17928
17933
17941
18001
18004
18006
18010
18041
18044
18046
18066
18076
18079
18080
18105
18108
18126
18127
18129
18142
18161
18186
18207
18212
18246
18249
18270
18276
18285
18289
18294
18304
18311
18312
18319
18325
18348
18353
18367
18375
18378
18385
18391
18396
18398
18436
18446
18451
18457
18472
18477
18478
18495
18502
18507
18516
18517
18522
18533
18534
18536
18551
18555
18557
18576
18601
18604
18611
18641
18647
18655
18672
18677
18689
18693
18695
18709
18712
18714
18714
18729
18733
18733
18745
18782
18805
18837
18839
18845
18868
18885
18911
18915
18925
18935
18944
18947
18949
18950
18968
18976
18981
18984
19010
19021
19024
19063
19099
19104
19114
19127
19130
19143
19143
19153
19184
19193
19196
19196
19197
19199
19205
19208
19215
19221
19230
19237
19272
19280
19293
19293
19333
19338
19343
19349
19373
19389
19391
19392
19392
19407
19408
19419
19422
19433
19453
19461
19471
19472
19477
19487
19487
19499
19512
19522
19531
19532
19547
19547
19553
19555
19566
19573
19579
19598
19626
19662
19666
19687
19705
19708
19729
19741
19771
19780
19783
19796
19797
19812
19836
19850
19855
19859
19891
19893
19908
19913
19918
19926
19958
19984
19989
20024
20034
20034
20049
20070
20091
20101
20104
20106
20134
20136
20147
20164
20179
20187
20216
20218
20254
20256
20288
20306
20330
20330
20332
20366
20377
20382
20382
20415
20421
20433
20466
20484
20490
20502
20502
20504
20505
20511
20521
20522
20525
20545
20550
20564
20565
20568
20585
20608
20609
20614
20615
20618
20622
20623
20628
20629
20638
20646
20667
20679
20680
20698
20728
20729
20735
20746
20751
20771
20776
20792
20793
20799
20807
20809
20813
20827
20834
20837
20841
20859
20880
20888
20899
20904
20907
20918
20964
20982
20990
20994
21008
21010
21010
21019
21027
21027
21029
21030
21032
21037
21037
21042
21057
21085
21118
21120
21149
21152
21186
21193
21207
21225
21226
21231
21240
21248
21257
21263
21290
21318
21319
21324
21324
21333
21336
21341
21353
21361
21366
21368
21388
21410
21415
21440
21452
21463
21488
21557
21563
21644
21651
21662
21665
21682
21695
21703
21718
21751
21767
21768
21777
21782
21789
21795
21802
21816
21832
21844
21854
21872
21884
21890
21894
21900
21904
21908
21917
21921
21922
21935
21959
21961
21981
22012
22030
22035
22036
22037
22038
22047
22053
22053
22054
22061
22061
22073
22078
22083
22087
22094
22097
22101
22101
22105
22115
22157
22176
22192
22199
22229
22232
22233
22240
22240
22242
22253
22269
22303
22315
22321
22348
22374
22378
22379
22381
22386
22408
22434
22440
22441
22466
22483
22487
22488
22490
22493
22516
22517
22529
22539
22554
22561
22573
22582
22583
22639
22651
22676
22685
22706
22716
22727
22748
22770
22778
22784
22793
22822
22834
22848
22859
22885
22897
22902
22903
22911
22914
22931
22933
22945
22946
22954
22983
23007
23030
23036
23040
23040
23049
23100
23104
23153
23154
23167
23168
23179
23190
23207
23209
23212
23216
23234
23238
23248
23251
23264
23267
23269
23272
23286
23287
23296
23302
23307
23346
23359
23370
23385
23407
23409
23418
23442
23465
23469
23474
23475
23492
23501
23519
23525
23533
23536
23546
23550
23551
23554
23555
23562
23564
23611
23611
23624
23644
23657
23657
23670
23692
23695
23700
23702
23730
23754
23762
23764
23766
23773
23776
23777
23784
23853
23867
23867
23869
23915
23917
23924
23944
23955
23961
23968
23976
23982
23989
24000
24005
24008
24008
24012
24023
24028
24031
24032
24033
24042
24046
24048
24055
24057
24097
24103
24110
24132
24137
24139
24143
24158
24158
24162
24166
24176
24178
24181
24187
24189
24211
24220
24232
24240
24242
24247
24251
24260
24280
24297
24321
24335
24341
24345
24350
24360
24371
24372
24405
24422
24425
24435
24461
24503
24514
24528
24532
24534
24542
24578
24580
24597
24599
24613
24616
24620
24656
24659
24663
24694
24727
24728
24734
24821
24821
24824
24834
24838
24850
24851
24876
24879
24884
24889
24892
24896
24909
24915
24925
24989
24995
25007
25007
25022
25026
25045
25047
25071
25116
25153
25155
25160
25170
25183
25191
25192
25198
25205
25212
25213
25218
25230
25255
25282
25289
25307
25313
25315
25324
25337
25346
25390
25393
25413
25430
25446
25456
25462
25480
25485
25487
25496
25497
25510
25519
25524
25528
25529
25539
25558
25586
25593
25601
25606
25615
25620
25641
25648
25706
25718
25719
25728
25739
25757
25776
25782
25790
25796
25812
25817
25829
25834
25834
25850
25876
25904
25916
25927
25928
25929
25936
25945
25945
25945
25960
25961
25962
25969
25985
25991
25995
25997
25997
26000
26002
26003
26013
26030
26031
26033
26045
26047
26056
26064
26072
26088
26090
26114
26135
26145
26154
26165
26173
26184
26185
26213
26219
26241
26259
26261
26270
26286
26307
26309
26317
26338
26363
26370
26407
26409
26426
26436
26454
26460
26474
26499
26500
26510
26547
26549
26566
26567
26585
26587
26595
26595
26601
26601
26602
26603
26618
26628
26629
26646
26679
26682
26683
26694
26706
26708
26714
26741
26751
26765
26847
26848
26848
26860
26860
26880
26888
26889
26891
26901
26908
26910
26922
26936
26941
26950
26960
26981
27000
27002
27003
27012
27019
27027
27036
27066
27072
27073
27074
27088
27111
27113
27115
27124
27166
27176
27187
27195
27196
27200
27206
27210
27252
27259
27271
27275
27293
27306
27308
27312
27331
27339
27341
27341
27341
27369
27376
27385
27390
27397
27443
27445
27459
27463
27469
27478
27484
27493
27496
27527
27537
27543
27554
27556
27557
27568
27589
27623
27634
27635
27687
27702
27710
27725
27734
27753
27759
27765
27768
27784
27793
27802
27825
27827
27879
27890
27925
27940
27968
27988
27995
27998
28015
28058
28061
28061
28074
28074
28091
28097
28108
28122
28146
28182
28185
28187
28192
28205
28208
28211
28212
28235
28240
28242
28260
28261
28282
28310
28330
28333
28338
28345
28372
28375
28378
28391
28408
28411
28411
28411
28420
28422
28428
28436
28455
28476
28479
28484
28495
28510
28515
28525
28541
28552
28555
28569
28571
28580
28628
28657
28675
28698
28707
28721
28730
28738
28751
28761
28779
28784
28784
28794
28799
28804
28821
28823
28825
28832
28834
28836
28840
28848
28884
28885
28890
28914
28937
28944
28947
28960
28981
28983
29000
29009
29018
29025
29046
29053
29074
29078
29089
29115
29123
29128
29146
29156
29163
29170
29182
29194
29199
29204
29217
29226
29254
29256
29258
29263
29273
29292
29298
29304
29309
29311
29338
29342
29352
29354
29355
29357
29362
29367
29395
29395
29395
29418
29426
29440
29447
29476
29486
29536
29541
29545
29554
29580
29595
29599
29602
29615
29649
29672
29688
29690
29691
29695
29722
29729
29732
29738
29743
29744
29755
29764
29764
29796
29798
29799
29807
29808
29816
29822
29836
29838
29842
29850
29857
29859
29866
29874
29881
29888
29888
29904
29907
29909
29913
29923
29926
29927
29930
29931
29954
29956
29958
29966
29981
30005
30006
30038
30053
30103
30105
30106
30131
30138
30153
30164
30169
30181
30195
30199
30202
30213
30215
30218
30247
30249
30250
30262
30267
30268
30281
30308
30329
30345
30365
30370
30409
30413
30455
30485
30491
30508
30523
30530
30536
30545
30545
30547
30551
30552
30577
30588
30600
30615
30629
30635
30639
30650
30660
30692
30717
30746
30747
30754
30761
30766
30777
30780
30785
30811
30815
30825
30850
30860
30874
30880
30887
30891
30892
30904
30912
30932
30936
30948
30976
30981
30984
30985
30986
30987
30997
31000
31004
31025
31051
31057
31064
31070
31111
31131
31132
31141
31143
31161
31166
31169
31170
31175
31186
31218
31220
31222
31233
31235
31244
31249
31266
31275
31287
31302
31303
31308
31341
31389
31389
31401
31402
31406
31409
31411
31418
31430
31432
31441
31449
31452
31458
31461
31474
31483
31491
31497
31497
31504
31520
31559
31568
31573
31585
31594
31598
31614
31625
31631
31646
31647
31655
31656
31656
31659
31659
31679
31682
31701
31702
31712
31733
31767
31780
31780
31784
31806
31810
31833
31860
31869
31906
31928
31938
31954
31982
31982
31985
31990
31996
32020
32022
32033
32053
32056
32059
32078
32081
32086
32109
32125
32127
32132
32133
32160
32167
32173
32173
32178
32194
32234
32246
32273
32274
32279
32285
32322
32323
32324
32325
32337
32364
32366
32399
32427
32427
32427
32437
32454
32459
32476
32495
32526
32533
32549
32558
32566
32566
32567
32575
32580
32592
32599
32622
32622
32648
32651
32658
32672
32676
32680
32704
32709
32712
32717
32721
32728
32756
32785
32795
32800
32803
32830
32846
32859
32872
32881
32887
32894
32901
32906
32916
32993
32994
32997
33001
33008
33009
33018
33019
33030
33034
33037
33056
33075
33077
33082
33094
33099
33133
33165
33167
33169
33208
33247
33279
33291
33305
33317
33324
33336
33351
33363
33366
33386
33386
33399
33399
33405
33414
33419
33434
33443
33472
33478
33487
33491
33512
33514
33518
33520
33532
33541
33546
33588
33597
33600
33610
33615
33629
33640
33666
33671
33671
33688
33709
33727
33741
33742
33742
33755
33760
33774
33775
33796
33808
33811
33831
33832
33832
33849
33854
33854
33857
33860
33860
33866
33881
33892
33928
33932
33937
33944
33959
33969
33974
33976
33999
34005
34005
34014
34029
34045
34050
34055
34078
34101
34104
34133
34140
34159
34168
34175
34178
34183
34218
34234
34244
34244
34245
34256
34265
34266
34296
34307
34365
34368
34378
34380
34381
34394
34397
34413
34415
34423
34438
34441
34446
34447
34469
34481
34504
34508
34512
34551
34567
34582
34585
34592
34619
34637
34637
34639
34641
34645
34646
34664
34666
34667
34685
34706
34708
34709
34713
34730
34741
34746
34747
34751
34759
34761
34805
34812
34817
34828
34853
34853
34866
34866
34872
34887
34903
34918
34937
34946
34948
34949
34950
34956
34966
34984
34997
35020
35030
35043
35066
35080
35110
35123
35126
35146
35148
35161
35170
35184
35232
35249
35250
35258
35267
35274
35291
35319
35321
35328
35331
35331
35343
35358
35360
35386
35396
35409
35416
35436
35439
35444
35450
35450
35451
35452
35467
35498
35534
35543
35545
35553
35587
35604
35608
35614
35616
35637
35638
35642
35647
35656
35665
35668
35681
35698
35701
35713
35727
35755
35808
35815
35824
35827
35827
35843
35865
35894
35916
35922
35946
35948
35953
35974
36016
36022
36032
36042
36053
36056
36058
36067
36076
36078
36080
36092
36095
36110
36117
36121
36124
36153
36159
36169
36174
36184
36209
36216
36240
36267
36271
36305
36315
36335
36347
36406
36417
36426
36433
36440
36447
36471
36480
36505
36526
36532
36536
36538
36545
36546
36572
36577
36585
36594
36608
36608
36619
36622
36625
36636
36639
36640
36642
36647
36649
36657
36667
36669
36677
36694
36702
36706
36717
36729
36742
36742
36749
36753
36774
36774
36803
36818
36819
36837
36846
36854
36861
36865
36876
36883
36890
36897
36913
36923
36934
36940
36956
36962
36985
36987
37003
37005
37008
37025
37051
37055
37058
37067
37075
37078
37107
37125
37126
37127
37145
37184
37191
37210
37218
37232
37234
37237
37243
37257
37263
37273
37286
37293
37293
37347
37361
37387
37390
37390
37413
37413
37430
37431
37436
37441
37443
37447
37455
37464
37472
37477
37486
37498
37507
37514
37518
37518
37522
37523
37534
37537
37559
37561
37594
37597
37614
37627
37635
37636
37637
37642
37661
37666
37672
37692
37699
37715
37739
37759
37768
37782
37789
37795
37795
37797
37843
37849
37856
37870
37902
37907
37932
37941
37945
37952
37952
37991
37995
37996
38009
38018
38018
38031
38037
38044
38046
38074
38104
38111
38118
38123
38135
38148
38157
38171
38171
38180
38185
38187
38194
38217
38223
38226
38233
38243
38246
38252
38267
38274
38291
38293
38306
38317
38318
38323
38377
38392
38420
38423
38430
38454
38486
38493
38496
38504
38521
38525
38534
38543
38560
38564
38577
38596
38603
38611
38643
38644
38651
38657
38666
38673
38681
38696
38701
38706
38710
38710
38713
38731
38743
38752
38756
38758
38768
38769
38792
38794
38796
38799
38842
38852
38873
38881
38910
38910
38916
38941
38941
38950
38958
38959
38992
39002
39007
39009
39013
39017
39042
39044
39067
39078
39079
39080
39080
39087
39094
39094
39098
39104
39112
39134
39138
39156
39158
39178
39181
39194
39232
39242
39243
39253
39284
39286
39307
39316
39325
39339
39342
39345
39345
39346
39363
39368
39376
39378
39382
39399
39400
39407
39429
39439
39491
39499
39507
39508
39508
39535
39557
39570
39598
39604
39607
39611
39616
39620
39629
39630
39632
39635
39639
39639
39662
39702
39705
39748
39750
39757
39767
39770
39776
39789
39798
39799
39805
39810
39818
39829
39856
39856
39877
39879
39910
39912
39924
39928
39929
39935
39972
39977
40004
40009
40021
40037
40037
40038
40046
40048
40066
40081
40091
40099
40113
40120
40124
40140
40165
40171
40172
40176
40177
40199
40200
40202
40206
40207
40231
40257
40281
40294
40314
40317
40349
40359
40365
40369
40371
40382
40403
40423
40425
40426
40428
40430
40431
40440
40446
40447
40448
40449
40450
40451
40455
40456
40464
40468
40471
40491
40509
40523
40553
40570
40588
40596
40608
40615
40634
40642
40652
40657
40662
40664
40668
40670
40682
40706
40729
40739
40744
40757
40777
40783
40792
40815
40816
40817
40821
40847
40850
40851
40852
40872
40878
40900
40905
40943
40950
40956
40993
40998
41007
41012
41018
41025
41033
41037
41039
41074
41079
41080
41082
41086
41089
41101
41102
41110
41115
41152
41152
41175
41177
41182
41184
41197
41201
41206
41216
41236
41240
41264
41281
41281
41289
41302
41304
41309
41311
41321
41337
41338
41339
41350
41352
41387
41391
41399
41403
41405
41422
41426
41440
41443
41450
41468
41468
41474
41474
41475
41510
41512
41514
41521
41527
41548
41552
41566
41579
41581
41587
41592
41596
41613
41645
41664
41679
41683
41685
41706
41711
41723
41724
41762
41764
41769
41805
41814
41844
41860
41874
41881
41917
41932
41946
41982
41988
42013
42024
42051
42060
42074
42081
42093
42097
42098
42099
42108
42110
42121
42128
42134
42137
42141
42188
42191
42197
42215
42216
42217
42238
42244
42261
42262
42263
42293
42321
42332
42338
42340
42355
42357
42361
42373
42398
42420
42433
42440
42452
42476
42479
42490
42507
42511
42512
42516
42518
42528
42538
42540
42549
42550
42551
42569
42569
42572
42575
42583
42599
42617
42637
42639
42644
42647
42682
42683
42690
42691
42692
42719
42726
42728
42749
42749
42753
42782
42792
42810
42813
42815
42816
42821
42833
42838
42855
42870
42894
42898
42910
42916
42931
42961
42963
42963
42964
42981
42982
43036
43037
43041
43065
43091
43095
43097
43107
43121
43139
43156
43160
43162
43163
43165
43169
43176
43180
43183
43184
43187
43195
43197
43202
43208
43229
43235
43240
43248
43261
43290
43310
43316
43324
43330
43336
43338
43352
43369
43373
43378
43398
43405
43411
43419
43432
43434
43435
43478
43481
43485
43496
43503
43511
43512
43537
43548
43555
43557
43575
43576
43578
43581
43605
43650
43652
43671
43678
43686
43688
43724
43731
43745
43747
43761
43762
43776
43786
43811
43811
43815
43815
43833
43839
43848
43848
43849
43868
43869
43873
43878
43882
43886
43891
43903
43906
43918
43930
43947
43949
43950
43955
43981
43985
43987
44024
44035
44042
44046
44085
44095
44099
44131
44153
44155
44172
44182
44184
44187
44209
44230
44239
44247
44257
44258
44268
44271
44272
44293
44298
44312
44314
44321
44348
44352
44354
44355
44366
44372
44381
44383
44455
44478
44512
44515
44521
44530
44549
44556
44565
44575
44587
44611
44653
44662
44674
44698
44699
44705
44719
44724
44725
44727
44737
44769
44769
44773
44774
44779
44779
44791
44800
44802
44805
44806
44845
44849
44858
44866
44869
44874
44875
44883
44885
44891
44903
44907
44908
44915
44936
44958
44964
44967
44981
44985
44993
44997
45005
45015
45020
45022
45032
45047
45048
45086
45099
45110
45115
45158
45165
45175
45182
45184
45214
45215
45254
45258
45261
45298
45303
45318
45318
45338
45338
45338
45341
45343
45343
45365
45367
45370
45397
45400
45400
45402
45438
45482
45494
45495
45529
45535
45537
45538
45539
45542
45542
45548
45561
45581
45600
45610
45622
45637
45641
45641
45646
45682
45714
45728
45751
45756
45758
45765
45772
45795
45805
45817
45828
45837
45839
45849
45859
45864
45867
45873
45907
45973
45980
45985
45991
45991
45995
46012
46024
46041
46055
46059
46062
46073
46077
46089
46092
46102
46104
46132
46133
46142
46146
46168
46181
46192
46207
46235
46236
46271
46275
46280
46287
46292
46294
46300
46300
46304
46332
46347
46373
46374
46378
46409
46409
46409
46427
46431
46432
46436
46438
46439
46440
46444
46453
46455
46471
46472
46481
46496
46514
46527
46530
46540
46542
46560
46563
46587
46587
46588
46590
46604
46605
46616
46616
46616
46645
46659
46662
46664
46695
46702
46713
46719
46721
46727
46733
46736
46737
46745
46751
46753
46761
46764
46819
46823
46866
46876
46881
46883
46884
46920
46928
46938
46939
46950
46967
46982
46985
46986
46992
46997
47005
47017
47030
47043
47055
47056
47113
47117
47120
47135
47136
47143
47172
47179
47204
47243
47256
47286
47287
47295
47300
47306
47306
47309
47315
47336
47351
47368
47370
47374
47385
47386
47389
47397
47397
47400
47403
47406
47410
47420
47434
47442
47466
47467
47488
47492
47501
47502
47505
47507
47508
47543
47549
47550
47550
47551
47563
47574
47598
47600
47603
47604
47608
47614
47623
47630
47646
47647
47657
47666
47680
47681
47682
47712
47722
47743
47753
47756
47763
47772
47777
47784
47787
47787
47802
47821
47828
47831
47843
47855
47857
47891
47900
47907
47908
47917
47921
47939
47967
47973
47973
47981
47992
48015
48032
48041
48072
48078
48079
48079
48090
48110
48145
48148
48154
48165
48179
48188
48199
48205
48214
48225
48226
48235
48242
48275
48311
48313
48324
48345
48356
48361
48371
48375
48378
48385
48386
48408
48415
48434
48442
48465
48467
48470
48496
48506
48507
48523
48523
48527
48532
48561
48564
48570
48587
48596
48604
48626
48630
48662
48712
48713
48722
48723
48724
48733
48739
48741
48753
48778
48814
48819
48824
48840
48840
48847
48862
48862
48865
48869
48874
48879
48883
48883
48886
48887
48888
48891
48892
48900
48901
48905
48926
48932
48972
48985
48991
49002
49003
49010
49034
49043
49052
49057
49069
49092
49101
49103
49106
49125
49127
49138
49152
49158
49183
49210
49240
49252
49254
49262
49267
49278
49286
49295
49303
49312
49340
49349
49351
49363
49381
49396
49399
49407
49409
49444
49457
49479
49482
49486
49509
49513
49541
49541
49544
49573
49578
49580
49587
49588
49596
49601
49615
49615
49662
49664
49676
49684
49707
49710
49726
49731
49739
49740
49753
49753
49786
49794
49803
49832
49873
49891
49943
49961
49981
49981
49998
50025
50037
50049
50064
50078
50084
50096
50102
50140
50143
50153
50160
50219
50219
50228
50229
50243
50245
50263
50265
50268
50281
50282
50300
50304
50306
50309
50310
50312
50329
50365
50401
50415
50441
50447
50469
50490
50496
50501
50507
50516
50527
50538
50556
50558
50563
50568
50584
50585
50599
50632
50653
50657
50663
50669
50708
50721
50742
50746
50756
50768
50784
50797
50818
50818
50838
50846
50848
50852
50899
50919
50924
50927
50930
50954
50961
50964
50976
50992
50992
51004
51014
51016
51094
51103
51104
51125
51146
51151
51160
51175
51180
51205
51234
51235
51248
51254
51254
51266
51295
51337
51378
51397
51399
51405
51413
51414
51422
51423
51426
51436
51454
51459
51474
51495
51504
51511
51516
51571
51576
51578
51582
51589
51590
51608
51610
51637
51640
51643
51646
51670
51672
51685
51693
51697
51700
51703
51727
51736
51737
51737
51743
51744
51759
51784
51828
51831
51846
51848
51851
51860
51876
51890
51905
51911
51914
51920
51944
51944
51957
51958
51981
51992
52001
52007
52007
52008
52026
52035
52037
52038
52040
52045
52054
52056
52058
52074
52126
52129
52137
52146
52149
52170
52178
52183
52193
52203
52206
52214
52218
52219
52252
52280
52290
52306
52307
52323
52340
52384
52389
52406
52412
52421
52431
52437
52457
52472
52487
52516
52555
52574
52575
52578
52586
52589
52600
52633
52644
52644
52665
52704
52719
52720
52722
52724
52733
52736
52736
52752
52756
52765
52791
52795
52795
52817
52827
52830
52834
52838
52858
52897
52920
52939
52944
52944
52952
52954
52957
52961
52978
52981
52983
52988
53011
53013
53021
53033
53041
53049
53064
53084
53131
53141
53143
53151
53158
53170
53171
53179
53217
53229
53236
53238
53249
53253
53259
53287
53309
53314
53315
53336
53345
53345
53355
53371
53377
53382
53394
53398
53401
53408
53414
53421
53422
53471
53497
53505
53508
53510
53514
53518
53540
53547
53564
53565
53565
53586
53591
53610
53661
53666
53668
53685
53697
53715
53725
53726
53735
53741
53746
53755
53755
53758
53765
53773
53777
53785
53802
53823
53839
53852
53856
53858
53873
53891
53900
53901
53914
53927
53942
53950
53953
53958
54029
54041
54049
54060
54064
54067
54084
54089
54097
54100
54100
54102
54102
54110
54136
54142
54149
54160
54175
54206
54220
54230
54239
54249
54252
54282
54304
54307
54307
54317
54319
54346
54348
54363
54371
54384
54385
54390
54402
54421
54434
54451
54500
54512
54535
54541
54548
54556
54578
54578
54581
54586
54588
54589
54611
54624
54631
54631
54634
54647
54647
54649
54667
54674
54679
54682
54692
54694
54694
54699
54710
54724
54736
54748
54757
54779
54780
54781
54789
54790
54792
54803
54803
54823
54823
54825
54831
54833
54839
54854
54865
54876
54877
54898
54913
54918
54924
54937
54952
54960
54965
54968
54975
54994
54997
55043
55058
55064
55076
55090
55092
55127
55141
55155
55174
55179
55185
55190
55208
55212
55225
55232
55236
55246
55270
55280
55298
55319
55319
55341
55345
55352
55362
55362
55365
55380
55397
55401
55407
55409
55455
55497
55497
55518
55524
55526
55528
55530
55539
55540
55541
55543
55546
55564
55583
55598
55611
55615
55630
55647
55650
55671
55687
55689
55708
55712
55750
55750
55776
55796
55800
55817
55829
55831
55837
55837
55845
55851
55855
55855
55879
55892
55895
55903
55917
55946
55948
55954
55960
55965
55968
55983
55984
55985
56002
56004
56008
56010
56014
56020
56029
56030
56039
56042
56049
56097
56140
56140
56141
56141
56167
56169
56170
56171
56181
56191
56207
56212
56213
56221
56225
56240
56240
56249
56253
56259
56260
56266
56273
56284
56304
56317
56319
56323
56333
56336
56340
56348
56350
56351
56366
56376
56383
56392
56394
56396
56405
56424
56426
56432
56436
56437
56440
56487
56501
56511
56514
56542
56545
56559
56560
56570
56595
56599
56601
56611
56632
56636
56638
56653
56680
56689
56708
56717
56734
56736
56736
56754
56763
56763
56775
56786
56794
56798
56805
56819
56870
56874
56887
56895
56902
56903
56916
56921
56932
56954
56956
56966
56972
56992
56999
56999
57000
57007
57017
57021
57025
57026
57037
57040
57051
57055
57064
57074
57076
57090
57121
57121
57121
57134
57147
57168
57173
57230
57250
57274
57280
57284
57306
57309
57331
57332
57375
57386
57389
57393
57403
57403
57411
57428
57444
57452
57453
57461
57465
57472
57482
57482
57493
57520
57520
57541
57543
57555
57563
57567
57568
57578
57598
57602
57620
57656
57667
57678
57694
57695
57714
57721
57737
57740
57741
57746
57750
57751
57756
57759
57762
57800
57815
57832
57843
57856
57857
57865
57866
57911
57930
57971
57977
57987
58007
58026
58029
58065
58072
58085
58094
58103
58112
58113
58127
58166
58204
58206
58235
58244
58288
58294
58316
58324
58330
58336
58336
58338
58340
58347
58359
58364
58433
58434
58443
58451
58468
58491
58492
58509
58531
58532
58542
58543
58543
58559
58583
58586
58588
58614
58617
58638
58649
58668
58691
58694
58701
58718
58719
58719
58722
58728
58735
58739
58744
58751
58751
58760
58763
58773
58789
58795
58806
58818
58836
58842
58843
58871
58874
58892
58899
58906
58907
58911
58958
58970
58985
59002
59014
59018
59023
59040
59053
59055
59059
59077
59089
59100
59101
59105
59130
59132
59194
59201
59209
59217
59222
59237
59243
59243
59256
59264
59278
59283
59300
59312
59315
59316
59327
59337
59351
59380
59396
59400
59413
59415
59415
59419
59427
59427
59451
59473
59473
59476
59490
59498
59504
59517
59523
59526
59534
59551
59592
59610
59629
59652
59656
59677
59687
59704
59704
59708
59709
59719
59722
59726
59743
59752
59766
59789
59789
59797
59799
59806
59816
59816
59827
59830
59837
59843
59877
59880
59884
59897
59911
59912
59919
59943
59955
59958
59960
59969
59974
59977
59978
59979
59987
59992
59998
60005
60009
60026
60027
60031
60032
60087
60099
60101
60101
60103
60115
60138
60139
60141
60165
60178
60257
60263
60268
60271
60271
60305
60313
60317
60322
60333
60346
60348
60348
60357
60368
60376
60378
60398
60402
60411
60415
60425
60426
60429
60432
60437
60453
60455
60458
60471
60475
60477
60487
60489
60490
60495
60500
60511
60513
60519
60531
60547
60551
60555
60572
60613
60619
60624
60627
60636
60655
60656
60683
60685
60703
60749
60756
60767
60776
60784
60859
60860
60862
60864
60877
60917
60924
60947
60949
60952
60963
60966
60966
60972
60977
60980
60998
61067
61091
61092
61098
61106
61147
61152
61159
61167
61176
61181
61186
61210
61210
61235
61244
61256
61260
61279
61291
61301
61315
61343
61361
61367
61388
61389
61395
61397
61397
61401
61418
61427
61430
61442
61443
61470
61475
61479
61482
61492
61506
61510
61519
61519
61528
61547
61556
61575
61577
61590
61593
61598
61638
61658
61659
61670
61672
61673
61676
61687
61728
61733
61754
61782
61782
61792
61802
61836
61838
61857
61862
61868
61874
61887
61888
61898
61904
61912
61915
61916
61928
61930
61934
61945
61945
61946
61947
61948
61952
61954
61989
61992
61995
61996
62003
62018
62046
62054
62054
62064
62065
62093
62101
62111
62115
62135
62140
62149
62164
62178
62184
62191
62197
62217
62226
62237
62253
62261
62271
62275
62295
62312
62312
62336
62339
62340
62347
62356
62384
62398
62400
62464
62488
62489
62493
62498
62515
62530
62531
62533
62569
62570
62570
62577
62580
62586
62594
62608
62611
62614
62620
62622
62631
62635
62645
62648
62653
62656
62656
62665
62669
62685
62688
62695
62702
62704
62707
62708
62722
62725
62728
62731
62731
62738
62741
62748
62761
62785
62786
62798
62800
62800
62807
62817
62822
62837
62841
62870
62875
62893
62903
62924
62925
62942
62947
62953
62964
62966
62980
63009
63022
63045
63054
63070
63072
63088
63106
63125
63132
63159
63175
63185
63194
63196
63210
63214
63220
63220
63232
63233
63234
63234
63244
63251
63252
63272
63279
63302
63302
63316
63321
63326
63336
63338
63367
63370
63376
63380
63382
63383
63408
63418
63422
63433
63465
63468
63471
63484
63490
63505
63515
63524
63531
63539
63542
63546
63562
63577
63603
63607
63608
63609
63614
63638
63641
63653
63654
63658
63667
63678
63682
63687
63707
63787
63819
63819
63853
63861
63894
63902
63903
63906
63910
63918
63947
63970
63985
63985
63999
64011
64012
64013
64014
64025
64030
64046
64067
64073
64089
64089
64095
64096
64097
64102
64108
64121
64137
64139
64142
64155
64182
64195
64206
64215
64230
64240
64245
64247
64254
64259
64273
64279
64282
64285
64287
64309
64311
64322
64325
64326
64329
64336
64361
64362
64370
64384
64386
64391
64395
64396
64399
64409
64432
64436
64439
64443
64443
64476
64507
64511
64531
64537
64540
64542
64549
64581
64582
64585
64591
64639
64651
64664
64677
64678
64681
64681
64695
64706
64712
64718
64724
64737
64746
64760
64760
64775
64776
64785
64788
64807
64823
64836
64843
64845
64846
64851
64855
64857
64861
64868
64876
64877
64900
64927
64932
64939
64951
64963
64964
64977
64980
64980
64981
64992
65009
65025
65035
65041
65051
65052
65053
65057
65065
65071
65082
65101
65101
65118
65120
65123
65124
65134
65150
65159
65182
65192
65202
65226
65235
65240
65245
65252
65254
65255
65257
65285
65289
65291
65301
65307
65308
65324
65370
65372
65388
65393
65423
65432
65433
65452
65459
65467
65469
65469
65476
65490
65493
65496
65504
65521
65522
65523
65534
65535
65549
65549
65554
65555
65560
65560
65581
65603
65603
65606
65629
65635
65643
65667
65685
65689
65703
65708
65711
65712
65713
65714
65716
65730
65732
65742
65750
65772
65773
65782
65783
65786
65806
65818
65833
65834
65837
65844
65851
65869
65874
65880
65904
65923
65925
65937
65956
65964
65976
66009
66011
66021
66022
66031
66039
66041
66041
66044
66055
66085
66089
66095
66114
66135
66137
66148
66152
66156
66165
66179
66180
66182
66199
66208
66214
66225
66237
66238
66239
66247
66250
66258
66273
66282
66294
66307
66309
66315
66329
66331
66332
66339
66346
66352
66353
66361
66375
66384
66399
66406
66406
66427
66453
66458
66475
66477
66480
66499
66528
66543
66557
66559
66592
66609
66616
66639
66640
66647
66669
66673
66684
66693
66694
66696
66700
66708
66725
66728
66747
66757
66793
66826
66836
66843
66844
66844
66845
66876
66879
66895
66910
66920
66928
66932
66933
66944
66947
66949
66976
66991
67003
67027
67028
67030
67041
67054
67065
67092
67113
67117
67123
67124
67133
67137
67145
67152
67166
67174
67193
67222
67245
67248
67252
67258
67259
67261
67269
67276
67281
67287
67309
67313
67318
67320
67330
67341
67341
67354
67355
67362
67362
67402
67402
67409
67415
67455
67477
67499
67508
67533
67540
67540
67553
67554
67567
67627
67641
67646
67649
67662
67668
67673
67686
67688
67696
67698
67709
67720
67728
67730
67753
67771
67775
67800
67843
67856
67858
67859
67866
67868
67868
67876
67904
67922
67924
67935
67944
67951
67972
67997
68002
68008
68016
68019
68021
68022
68024
68028
68044
68044
68048
68055
68057
68088
68103
68139
68184
68195
68200
68202
68219
68235
68235
68251
68252
68262
68279
68297
68301
68310
68323
68330
68337
68338
68339
68347
68363
68364
68365
68369
68386
68388
68393
68410
68413
68418
68421
68426
68439
68440
68472
68474
68477
68495
68501
68504
68505
68505
68515
68521
68538
68544
68553
68554
68577
68578
68585
68590
68591
68595
68596
68607
68622
68651
68652
68658
68662
68678
68706
68712
68717
68741
68751
68752
68769
68771
68783
68787
68809
68848
68852
68880
68896
68909
68912
68915
68918
68929
68937
68967
68999
69025
69036
69040
69048
69071
69085
69090
69096
69099
69100
69107
69118
69135
69169
69203
69216
69228
69236
69267
69285
69287
69292
69315
69315
69319
69335
69342
69353
69355
69370
69371
69382
69392
69398
69400
69400
69403
69421
69424
69427
69437
69437
69448
69453
69463
69479
69492
69493
69496
69507
69518
69544
69556
69559
69562
69566
69568
69578
69586
69589
69603
69603
69605
69608
69617
69633
69640
69650
69670
69687
69695
69696
69716
69718
69719
69728
69739
69742
