63
87
102
181
202
294
420
445
452
467
510
607
629
629
732
759
764
765
777
831
1022
1062
1106
1121
1313
1333
1354
1426
1503
1515
1533
1542
1543
1581
1584
1646
1710
1834
1895
1966
1988
2006
2009
2025
2092
2140
2202
2227
2269
2342
2353
2427
2456
2510
2543
2568
2579
2613
2677
2766
2811
2828
2971
3024
3039
3068
3089
3098
3117
3149
3218
3261
3334
3350
3373
3390
3418
3421
3424
3436
3483
3509
3529
3596
3655
3674
3762
3780
3812
3882
3885
3896
3899
3910
3921
3974
4035
4101
4214
4317
4401
4418
4478
4590
4614
4627
4627
4722
4732
4774
4810
4833
4938
4939
4986
5060
5087
5099
5107
5140
5149
5185
5237
5241
5255
5320
5333
5352
5354
5394
5499
5504
5595
5678
5787
5915
5922
5933
5938
5969
5988
6000
6002
6010
6017
6024
6046
6120
6128
6270
6280
6306
6409
6457
6458
6515
6571
6627
6659
6683
6745
6767
6788
6812
6847
6914
6929
6931
7117
7192
7197
7208
7214
7246
7323
7323
7374
7435
7501
7515
7538
7583
7620
7773
7897
7978
8077
8086
8131
8280
8388
8406
8407
8419
8431
8434
8464
8496
8514
8530
8544
8567
8586
8619
8621
8642
8683
8793
8874
8883
8964
8975
8977
8980
8987
8987
9083
9203
9262
9360
9410
9521
9558
9624
9643
9704
9731
9738
9785
9819
10007
10161
10315
10374
10384
10384
10444
10450
10483
10504
10640
10797
10810
10863
10880
10880
10885
10904
10998
11008
11055
11121
11141
11170
11192
11204
11231
11234
11235
11246
11277
11364
11488
11569
11597
11618
11664
11737
11793
11860
11866
11888
11957
11975
12005
12139
12156
12164
12173
12214
12273
12340
12365
12388
12427
12514
12545
12656
12690
12698
12779
12820
12878
12925
12978
13031
13125
13182
13270
13293
13378
13393
13439
13479
13485
13494
13498
13627
13636
13676
13677
13787
13832
13869
13882
13897
13908
13921
13922
13929
14134
14152
14157
14167
14172
14243
14258
14307
14309
14371
14390
14430
14456
14478
14515
14519
14519
14568
14592
14593
14593
14629
14639
14645
14658
14742
14808
14833
14887
14916
14997
15083
15148
15260
15314
15319
15351
15369
15394
15413
15429
15432
15432
15439
15456
15476
15495
15506
15631
15640
15663
15847
15866
15867
15880
15929
15954
15986
16010
16060
16083
16144
16181
16203
16238
16348
16358
16398
16428
16505
16554
16577
16592
16635
16637
16684
16687
16693
16804
16869
16936
16942
16954
16986
17000
17116
17143
17171
17181
17252
17266
17298
17305
17352
17376
17493
17520
17555
17592
17660
17677
17737
17775
17777
17784
17806
17807
17849
17872
17918
17950
17963
17968
18039
18052
18138
18149
18191
18227
18285
18330
18339
18477
18506
18513
18541
18565
18732
18751
18882
18935
18938
18959
19160
19270
19293
19298
19313
19315
19346
19354
19409
19447
19546
19636
19671
19674
19677
19681
19695
19749
19767
19782
19860
19866
19930
19962
19989
20096
20098
20099
20112
20177
20213
20245
20252
20258
20259
20264
20289
20385
20422
20439
20508
20533
20553
20558
20734
20792
20853
20860
20862
20985
21104
21143
21166
21213
21224
21263
21269
21273
21318
21329
21352
21396
21431
21450
21519
21626
21647
21688
21757
21758
21764
21781
21884
21899
21942
22138
22178
22179
22181
22205
22279
22315
22317
22336
22336
22351
22351
22395
22470
22493
22505
22511
22561
22573
22595
22608
22608
22614
22622
22648
22652
22803
22835
22869
22870
22904
22907
22942
22972
22986
23028
23076
23086
23103
23165
23189
23253
23340
23369
23478
23535
23580
23605
23607
23635
23636
23655
23750
23782
23827
23883
24007
24058
24120
24185
24188
24200
24208
24319
24346
24365
24388
24395
24399
24414
24455
24465
24582
24634
24721
24767
24800
24882
24956
24961
24984
24993
25081
25126
25137
25180
25197
25225
25261
25266
25276
25286
25408
25441
25625
25627
25713
25733
25931
25945
25957
26041
26216
26258
26324
26342
26419
26440
26480
26497
26511
26589
26696
26710
26726
26751
26843
26845
26864
26866
26944
26948
26978
26988
27125
27167
27183
27237
27277
27283
27294
27374
27378
27410
27617
27774
27879
27971
28014
28060
28102
28166
28183
28266
28274
28298
28299
28308
28343
28348
28365
28406
28417
28469
28490
28522
28606
28618
28663
28676
28699
28727
28863
28863
28867
28876
28887
28893
28922
28973
28987
28997
29081
29113
29122
29155
29219
29367
29375
29425
29431
29443
29508
29514
29569
29575
29585
29621
29660
29681
29686
29733
29781
29788
29869
29931
29942
30019
30067
30094
30116
30119
30191
30224
30252
30278
30292
30320
30493
30767
30786
30807
30834
30847
30850
30870
30934
30965
31006
31042
31088
31132
31132
31240
31259
31287
31328
31372
31403
31460
31492
31509
31526
31567
31641
31664
31675
31762
31838
31908
31908
31964
31987
32044
32054
32062
32065
32071
32098
32112
32144
32162
32193
32208
32259
32316
32351
32402
32412
32449
32481
32573
32634
32656
32657
32673
32711
32798
32838
32858
32929
32975
33077
33085
33146
33203
33256
33268
33437
33509
33528
33560
33564
33738
33804
33833
33892
33912
33970
34029
34075
34142
34145
34153
34164
34167
34217
34427
34453
34457
34462
34466
34471
34471
34487
34505
34735
34806
34815
34819
34886
34903
34907
34943
34976
34995
35025
35032
35116
35126
35186
35226
35228
35305
35329
35334
35393
35451
35551
35620
35628
35786
35809
35832
35914
35967
35997
36010
36051
36060
36142
36158
36161
36173
36186
36216
36254
36324
36384
36620
36644
36663
36786
36925
36964
36977
36978
36980
37067
37086
37100
37131
37175
37192
37203
37210
37249
37262
37323
37329
37357
37379
37385
37390
37437
37588
37607
37630
37667
37689
37705
37739
37755
37762
37842
37877
37899
37904
37915
37951
37969
37977
38000
38015
38193
38197
38201
38232
38258
38302
38317
38342
38365
38398
38416
38447
38560
38616
38640
38642
38713
38713
38736
38770
38898
38900
38960
38972
38981
39020
39105
39144
39235
39430
39446
39470
39498
39545
39639
39645
39650
39655
39715
39773
39814
39878
39913
39928
39932
39940
40006
40054
40181
40225
40270
40304
40312
40351
40403
40467
40513
40645
40668
40670
40765
40783
40814
40888
40905
40927
40976
41075
41158
41244
41255
41307
41595
41644
41657
41704
41816
41885
41890
41943
41980
42078
42102
42120
42228
42258
42259
42323
42354
42429
42529
42558
42587
42592
42626
42638
42767
42831
42834
42942
42956
43086
43096
43104
43113
43142
43152
43190
43214
43218
43274
43305
43322
43355
43470
43537
43570
43630
43663
43720
43774
43790
43804
43890
43909
43941
44043
44088
44148
44207
44224
44247
44281
44315
44352
44361
44378
44385
44396
44397
44409
44446
44510
44558
44675
44697
44723
44779
44818
44844
44889
44920
44925
44925
44955
44958
45024
45277
45286
45297
45342
45430
45472
45486
45514
45521
45531
45571
45654
45690
45690
45754
45773
45777
45813
45846
45852
45869
45892
45938
46264
46343
46522
46557
46580
46592
46616
46653
46788
46971
47003
47190
47192
47212
47237
47342
47399
47500
47611
47630
47636
47665
47757
47791
47819
47870
47902
47914
47962
48047
48074
48085
48107
48165
48220
48301
48340
48349
48375
48388
48397
48410
48467
48493
48609
48622
48630
48666
48737
48762
48763
48782
48873
48877
48959
49018
49030
49075
49121
49171
49175
49210
49261
49267
49289
49342
49344
49403
49463
49555
49619
49691
49826
49901
49927
49942
49943
49956
49965
49977
49979
50020
50037
50050
50192
50211
50216
50222
50231
50266
50276
50306
50331
50337
50357
50429
50498
50549
50554
50631
50640
50673
50686
50796
50837
50945
51047
51115
51116
51213
51255
51262
51275
51332
51338
51340
51384
51390
51419
51453
51461
51498
51561
51562
51624
51656
51713
51724
51776
51777
51813
51847
51848
51937
51954
52011
52039
52054
52126
52147
52147
52300
52330
52453
52471
52501
52838
52857
52895
52919
52973
52983
52985
52990
53093
53122
53143
53221
53276
53447
53474
53552
53796
53907
53954
53993
54018
54026
54037
54076
54085
54256
54272
54318
54329
54413
54419
54427
54446
54457
54467
54475
54484
54539
54540
54546
54549
54635
54658
54830
54876
54881
54882
54947
54959
54972
54977
55006
55022
55024
55067
55080
55119
55139
55191
55302
55304
55365
55368
55406
55446
55461
55531
55550
55569
55618
55628
55628
55630
55633
55682
55697
55704
55714
55774
55797
55959
56054
56085
56092
56141
56148
56303
56331
56388
56468
56488
56510
56641
56694
56751
56833
56879
56891
56904
56927
56959
57017
57103
57159
57285
57307
57321
57341
57354
57356
57403
57496
57509
57529
57676
57685
57759
57771
57942
57985
58011
58045
58085
58096
58127
58132
58176
58186
58227
58259
58323
58340
58396
58422
58477
58515
58536
58545
58579
58600
58615
58708
58758
58771
58783
58790
58927
58982
59064
59093
59131
59182
59223
59227
59247
59252
59369
59415
59427
59431
59478
59499
59501
59537
59558
59597
59601
59634
59784
59786
59823
59845
59928
59965
60019
60047
60047
60103
60222
60240
60243
60245
60261
60283
60312
60336
60387
60462
60465
60482
60511
60565
60567
60605
60606
60607
60623
60627
60701
60740
60747
60760
60791
60798
60818
60865
60889
60889
60914
60941
60981
60997
61064
61098
61127
61150
61253
61294
61338
61425
61438
61497
61511
61543
61644
61673
61732
61755
61783
61798
61822
61835
61888
61888
61917
61957
61957
62206
62291
62330
62345
62380
62387
62438
62472
62478
62502
62531
62536
62552
62599
62693
62723
62726
62744
62760
62788
62872
62924
62936
62963
63025
63054
63189
63242
63261
63276
63370
63396
63397
63489
63552
63559
63599
63625
63641
63652
63686
63773
63778
63797
63982
64057
64084
64114
64169
64179
64383
64418
64486
64494
64520
64594
64603
64606
64707
64713
64757
64758
64816
64824
64868
64882
64889
64902
64961
65256
65333
65375
65381
65404
65406
65412
65442
65448
65451
65547
65564
65690
65717
65722
65736
65841
65901
65928
65949
65959
65961
66030
66049
66105
66154
66179
66250
66274
66368
66410
66453
66509
66567
66614
66711
66758
66759
66783
66834
66837
66846
66875
66887
66929
66964
66967
67045
67085
67137
67161
67181
67282
67289
67391
67415
67477
67672
67676
67693
67731
67791
67806
67810
67847
67884
67914
68021
68106
68131
68276
68348
68354
68407
68440
68458
68606
68693
68703
68797
68809
68856
68936
68955
69014
69050
69122
69125
69191
69201
69264
69290
69340
69395
69400
69458
69582
69603
69621
69632
69649
69671
69684
69704
