27
31
46
87
88
132
136
150
151
153
162
182
232
233
249
253
259
286
310
340
344
347
365
375
375
397
401
405
409
429
465
481
498
508
511
524
529
564
566
591
610
616
627
637
661
708
709
733
737
758
765
767
805
837
855
864
899
901
944
953
956
962
1019
1043
1067
1074
1078
1097
1103
1120
1130
1139
1170
1192
1197
1204
1209
1249
1250
1255
1261
1292
1301
1305
1306
1319
1324
1339
1342
1344
1355
1410
1430
1430
1434
1440
1453
1471
1489
1491
1511
1520
1526
1528
1553
1558
1570
1620
1626
1637
1638
1656
1698
1703
1714
1748
1751
1759
1799
1804
1810
1822
1823
1834
1837
1847
1859
1889
1930
1931
1951
1959
1967
1982
1983
1994
2001
2005
2016
2022
2025
2027
2052
2062
2071
2080
2092
2095
2125
2153
2179
2187
2194
2223
2233
2263
2290
2327
2340
2345
2394
2395
2399
2409
2427
2472
2483
2504
2516
2523
2530
2532
2540
2547
2554
2587
2589
2589
2593
2605
2619
2641
2664
2670
2690
2695
2708
2732
2746
2767
2768
2772
2774
2775
2778
2784
2801
2812
2824
2827
2849
2855
2864
2891
2912
2931
2959
2967
2994
3005
3008
3011
3032
3037
3042
3049
3084
3090
3108
3116
3124
3130
3157
3193
3197
3203
3212
3215
3231
3243
3244
3258
3269
3271
3331
3361
3376
3384
3402
3404
3413
3422
3433
3444
3464
3477
3479
3495
3498
3508
3512
3560
3569
3578
3589
3654
3663
3664
3664
3671
3679
3749
3762
3775
3777
3821
3827
3837
3864
3882
3910
3927
3929
3932
3953
3955
3959
3976
4036
4084
4098
4122
4125
4161
4172
4189
4216
4234
4260
4260
4295
4297
4302
4319
4324
4379
4394
4402
4419
4419
4431
4446
4451
4473
4474
4484
4484
4497
4515
4540
4540
4550
4574
4601
4608
4645
4648
4652
4664
4677
4708
4710
4715
4720
4734
4739
4751
4756
4808
4847
4870
4877
4889
4901
4903
4918
4962
4978
4980
5003
5017
5028
5034
5035
5039
5054
5075
5086
5088
5093
5094
5110
5119
5124
5137
5149
5162
5170
5174
5186
5186
5198
5210
5216
5247
5252
5258
5259
5263
5294
5331
5354
5362
5378
5384
5397
5436
5436
5453
5460
5480
5506
5534
5535
5557
5569
5577
5582
5585
5609
5655
5658
5666
5693
5695
5697
5710
5715
5724
5731
5735
5745
5747
5763
5765
5769
5770
5772
5787
5797
5809
5821
5828
5830
5834
5852
5870
5899
5949
5951
5954
5982
5987
5991
6001
6008
6014
6039
6062
6067
6160
6166
6171
6183
6207
6209
6230
6237
6268
6314
6358
6418
6427
6430
6444
6503
6528
6532
6562
6574
6578
6614
6615
6654
6670
6675
6683
6689
6697
6719
6751
6769
6783
6797
6807
6833
6834
6847
6853
6875
6884
6886
6893
6916
6940
6974
6995
7003
7011
7040
7078
7085
7099
7108
7114
7129
7130
7139
7156
7156
7159
7168
7195
7195
7199
7206
7213
7216
7230
7235
7240
7256
7261
7293
7299
7347
7348
7372
7394
7412
7434
7436
7438
7439
7448
7460
7465
7479
7484
7493
7508
7512
7526
7540
7545
7571
7574
7589
7603
7608
7627
7636
7637
7646
7655
7656
7668
7669
7670
7709
7754
7777
7777
7795
7811
7827
7829
7850
7851
7855
7863
7866
7887
7892
7906
7912
7914
7927
7933
7939
7959
7974
7989
8003
8005
8017
8032
8036
8048
8093
8098
8103
8114
8116
8119
8137
8163
8169
8182
8190
8195
8199
8210
8229
8231
8232
8246
8272
8284
8289
8294
8295
8304
8309
8314
8334
8342
8345
8347
8364
8367
8370
8372
8399
8426
8456
8456
8526
8533
8533
8537
8539
8550
8578
8579
8585
8586
8589
8600
8627
8651
8673
8676
8684
8702
8733
8765
8776
8780
8780
8780
8801
8801
8812
8834
8838
8852
8856
8864
8882
8895
8916
8936
8959
8960
8973
8978
9002
9008
9035
9082
9084
9096
9117
9132
9144
9170
9190
9191
9197
9204
9240
9244
9271
9278
9293
9300
9303
9316
9328
9328
9332
9336
9343
9367
9368
9371
9406
9407
9451
9456
9457
9477
9478
9478
9508
9531
9558
9558
9562
9571
9585
9593
9615
9650
9663
9672
9706
9725
9754
9759
9764
9780
9786
9795
9797
9904
9913
9917
9949
9957
9961
9989
10009
10019
10028
10040
10042
10045
10048
10109
10114
10131
10133
10136
10156
10210
10220
10227
10230
10279
10292
10314
10346
10361
10366
10423
10426
10445
10452
10455
10466
10470
10470
10496
10532
10537
10542
10544
10548
10552
10572
10605
10621
10621
10626
10633
10657
10661
10675
10719
10739
10756
10759
10770
10778
10784
10789
10809
10814
10852
10856
10863
10868
10870
10877
10881
10894
10900
10905
10918
10921
10937
10942
10967
10988
11021
11064
11069
11092
11103
11112
11132
11150
11152
11153
11154
11194
11211
11243
11264
11268
11272
11277
11289
11296
11314
11345
11345
11352
11382
11409
11432
11451
11463
11476
11486
11538
11538
11554
11558
11563
11565
11585
11589
11600
11628
11644
11652
11652
11672
11711
11744
11747
11755
11762
11770
11778
11788
11809
11817
11845
11845
11874
11881
11912
11925
11986
11993
12003
12011
12017
12025
12043
12095
12097
12127
12146
12147
12168
12169
12184
12207
12215
12223
12227
12232
12238
12263
12266
12271
12293
12297
12299
12301
12313
12338
12341
12356
12373
12382
12384
12401
12428
12445
12460
12460
12462
12489
12497
12505
12508
12529
12534
12536
12537
12543
12551
12552
12606
12625
12630
12630
12647
12661
12663
12663
12675
12694
12718
12723
12724
12727
12767
12837
12840
12851
12902
12918
12953
12979
13000
13004
13026
13042
13058
13059
13085
13089
13138
13142
13145
13206
13207
13247
13260
13264
13265
13293
13299
13310
13333
13344
13345
13389
13409
13415
13435
13440
13455
13458
13458
13468
13476
13498
13500
13522
13557
13566
13603
13646
13657
13694
13695
13730
13732
13758
13763
13770
13801
13834
13854
13887
13907
13923
13930
13934
13950
13961
13967
14012
14034
14036
14038
14044
14095
14102
14104
14106
14123
14134
14136
14137
14150
14166
14166
14170
14173
14188
14191
14204
14205
14212
14214
14214
14222
14237
14242
14246
14265
14290
14297
14324
14338
14373
14393
14405
14409
14413
14420
14492
14508
14510
14510
14520
14531
14536
14538
14538
14550
14622
14627
14637
14723
14725
14729
14749
14751
14753
14754
14755
14759
14760
14781
14796
14815
14823
14884
14887
14910
14912
14924
14934
14937
14953
14974
15022
15031
15032
15035
15038
15050
15051
15058
15075
15095
15101
15137
15146
15161
15162
15170
15172
15202
15212
15214
15215
15241
15245
15265
15301
15306
15308
15317
15325
15326
15336
15346
15356
15369
15413
15416
15432
15444
15495
15508
15530
15530
15560
15567
15596
15616
15617
15626
15668
15744
15749
15768
15778
15795
15801
15828
15853
15855
15869
15873
15877
15881
15887
15910
15912
15916
15934
15937
15953
15954
15959
15970
15971
15974
15975
15993
15997
15998
16006
16008
16016
16020
16035
16036
16045
16081
16088
16117
16133
16133
16145
16164
16167
16186
16190
16234
16251
16257
16282
16293
16306
16312
16335
16340
16341
16351
16360
16363
16366
16473
16478
16481
16482
16510
16543
16556
16565
16574
16585
16601
16601
16617
16632
16634
16671
16701
16705
16728
16739
16750
16753
16762
16771
16771
16794
16848
16863
16878
16883
16884
16910
16955
16957
16985
17007
17017
17038
17043
17054
17086
17087
17092
17100
17110
17115
17122
17142
17143
17176
17179
17208
17221
17223
17231
17233
17235
17247
17251
17262
17279
17310
17320
17329
17341
17472
17475
17481
17485
17490
17510
17519
17539
17540
17542
17543
17544
17552
17610
17658
17664
17667
17682
17713
17732
17743
17760
17794
17801
17821
17830
17831
17832
17836
17841
17847
17849
17864
17883
17898
17923
17967
17976
17987
18006
18011
18025
18038
18039
18049
18059
18064
18065
18070
18072
18076
18103
18105
18124
18177
18185
18194
18215
18240
18249
18261
18273
18291
18297
18301
18321
18336
18344
18365
18395
18396
18407
18418
18436
18441
18452
18461
18473
18473
18477
18520
18528
18533
18580
18582
18635
18671
18678
18685
18706
18720
18724
18731
18766
18776
18784
18824
18827
18836
18866
18890
18901
18916
18917
18950
18952
19007
19012
19033
19034
19035
19086
19090
19091
19093
19105
19141
19166
19207
19211
19212
19215
19220
19221
19223
19236
19243
19264
19278
19305
19307
19307
19338
19373
19377
19385
19443
19445
19478
19482
19487
19490
19511
19520
19522
19564
19567
19607
19619
19643
19679
19709
19730
19733
19742
19743
19763
19767
19794
19797
19803
19814
19818
19819
19826
19832
19847
19892
19904
19912
19913
19913
19931
19980
19981
19989
19997
20004
20016
20024
20025
20030
20035
20039
20059
20066
20070
20076
20078
20095
20098
20114
20123
20153
20155
20172
20176
20184
20192
20194
20200
20219
20226
20231
20238
20239
20248
20253
20277
20291
20313
20322
20338
20344
20359
20388
20402
20406
20424
20441
20447
20455
20460
20503
20507
20514
20515
20547
20548
20574
20579
20598
20610
20610
20610
20616
20636
20641
20658
20661
20665
20674
20684
20685
20691
20691
20695
20696
20712
20733
20741
20765
20801
20806
20807
20810
20820
20823
20847
20865
20873
20909
20912
20928
20940
20980
20985
21039
21054
21055
21066
21073
21090
21091
21092
21111
21143
21163
21177
21236
21248
21256
21286
21293
21295
21319
21331
21335
21380
21395
21401
21408
21408
21432
21443
21473
21486
21489
21497
21506
21527
21551
21570
21572
21575
21577
21589
21605
21619
21627
21630
21652
21655
21677
21686
21701
21767
21775
21776
21783
21796
21817
21818
21820
21822
21845
21870
21874
21894
21895
21924
21958
21965
22000
22001
22005
22013
22016
22021
22025
22048
22054
22056
22058
22071
22073
22089
22113
22130
22130
22144
22151
22151
22158
22175
22203
22229
22252
22268
22283
22299
22301
22329
22331
22377
22389
22389
22393
22426
22427
22429
22439
22441
22450
22458
22494
22506
22510
22513
22522
22532
22538
22557
22559
22560
22561
22588
22602
22602
22606
22613
22617
22618
22621
22634
22652
22657
22669
22739
22756
22756
22759
22763
22770
22781
22785
22787
22793
22794
22808
22818
22835
22846
22895
22903
22939
22941
22944
22961
22978
22981
22983
23008
23012
23032
23051
23088
23103
23103
23119
23120
23143
23151
23198
23224
23249
23291
23297
23297
23305
23308
23308
23311
23318
23361
23376
23383
23387
23399
23411
23415
23451
23472
23487
23491
23497
23501
23521
23525
23533
23566
23575
23593
23600
23607
23673
23674
23690
23696
23720
23743
23757
23771
23794
23803
23810
23813
23828
23834
23850
23850
23875
23892
23893
23901
23906
23939
23949
23980
24000
24001
24001
24028
24035
24041
24122
24140
24164
24218
24224
24237
24242
24272
24279
24282
24293
24294
24296
24341
24354
24394
24406
24409
24435
24446
24485
24508
24511
24551
24565
24566
24571
24577
24582
24596
24598
24603
24608
24608
24643
24651
24687
24701
24717
24720
24722
24729
24736
24742
24757
24758
24766
24784
24799
24808
24809
24817
24835
24841
24845
24864
24909
24935
24936
24962
24998
25005
25012
25037
25041
25046
25046
25059
25081
25085
25085
25087
25089
25090
25096
25113
25130
25146
25150
25155
25172
25177
25186
25190
25191
25191
25195
25195
25200
25232
25239
25247
25257
25265
25266
25277
25286
25297
25326
25331
25339
25341
25345
25351
25354
25356
25359
25369
25378
25399
25420
25448
25448
25464
25522
25543
25544
25548
25583
25590
25620
25621
25621
25637
25667
25678
25684
25687
25694
25713
25717
25751
25754
25758
25759
25781
25784
25787
25794
25806
25817
25822
25861
25862
25870
25872
25877
25887
25899
25913
25943
25963
25965
25977
26010
26021
26025
26048
26064
26086
26091
26095
26126
26139
26141
26152
26165
26177
26177
26179
26186
26210
26213
26241
26245
26264
26268
26271
26284
26296
26303
26311
26331
26344
26389
26394
26416
26426
26444
26466
26472
26487
26507
26534
26554
26559
26567
26609
26617
26617
26640
26650
26685
26690
26695
26705
26724
26725
26733
26774
26797
26799
26823
26829
26833
26853
26865
26902
26904
26915
26918
26919
26925
26953
26957
26964
26983
27006
27006
27024
27036
27056
27066
27077
27102
27138
27142
27151
27156
27165
27170
27179
27181
27193
27240
27241
27261
27284
27286
27291
27299
27307
27340
27350
27355
27412
27415
27419
27428
27431
27432
27445
27456
27479
27491
27516
27534
27549
27584
27594
27603
27646
27648
27651
27656
27700
27725
27727
27729
27740
27750
27754
27764
27790
27792
27797
27809
27838
27840
27840
27842
27852
27853
27854
27857
27871
27879
27885
27917
27925
27937
27956
27958
27984
27986
27989
27991
27992
28016
28046
28070
28088
28117
28120
28128
28133
28139
28185
28208
28221
28253
28265
28315
28336
28367
28373
28386
28390
28393
28429
28438
28447
28469
28494
28540
28585
28588
28591
28614
28625
28630
28637
28642
28642
28648
28664
28689
28719
28724
28726
28729
28750
28758
28771
28792
28822
28834
28835
28875
28879
28883
28903
28913
28929
28951
29000
29007
29012
29016
29033
29066
29077
29103
29108
29114
29127
29164
29185
29193
29194
29197
29205
29239
29285
29313
29318
29327
29332
29376
29402
29415
29450
29503
29532
29538
29539
29577
29587
29592
29609
29622
29622
29647
29647
29654
29661
29673
29676
29702
29738
29744
29756
29777
29785
29786
29787
29799
29802
29826
29839
29849
29856
29865
29914
29941
29947
29952
29963
29973
29983
30051
30070
30070
30118
30139
30140
30158
30191
30268
30273
30305
30332
30348
30357
30368
30386
30397
30405
30413
30425
30429
30432
30436
30439
30440
30448
30478
30484
30525
30525
30549
30560
30564
30576
30588
30588
30592
30598
30621
30631
30650
30656
30701
30702
30729
30739
30756
30785
30796
30808
30817
30830
30835
30896
30907
30919
30928
30940
30951
30969
30976
30986
30993
31027
31035
31052
31055
31076
31086
31086
31131
31141
31153
31192
31194
31206
31225
31226
31234
31234
31251
31269
31280
31289
31290
31294
31299
31342
31359
31382
31390
31408
31409
31411
31414
31450
31450
31456
31466
31472
31514
31542
31545
31555
31556
31558
31577
31578
31580
31581
31585
31592
31600
31602
31629
31639
31644
31650
31652
31658
31685
31685
31691
31718
31718
31750
31753
31765
31767
31778
31787
31796
31814
31816
31846
31854
31854
31859
31891
31899
31904
31917
31919
31922
31944
31945
31972
31974
31990
32018
32028
32029
32039
32043
32050
32061
32088
32107
32116
32118
32137
32147
32152
32155
32156
32176
32177
32180
32230
32232
32267
32287
32289
32292
32331
32335
32373
32377
32380
32392
32420
32432
32436
32447
32474
32484
32497
32497
32518
32522
32524
32536
32544
32547
32592
32607
32635
32661
32666
32686
32697
32715
32723
32724
32727
32747
32752
32754
32767
32780
32798
32805
32806
32827
32852
32857
32859
32859
32871
32877
32888
32892
32898
32907
32907
32934
32956
32976
32990
32992
33011
33025
33036
33050
33065
33109
33132
33154
33171
33176
33181
33190
33191
33228
33252
33297
33304
33304
33341
33352
33373
33374
33375
33376
33388
33443
33484
33508
33544
33565
33582
33594
33619
33623
33633
33670
33674
33684
33689
33716
33740
33757
33763
33763
33766
33769
33782
33835
33848
33858
33871
33878
33899
33904
33911
33911
33933
33952
33968
33971
33971
34004
34040
34066
34085
34112
34116
34137
34139
34150
34161
34167
34180
34191
34193
34202
34217
34228
34235
34258
34293
34307
34319
34329
34331
34352
34364
34366
34367
34373
34403
34407
34419
34430
34437
34441
34450
34458
34461
34471
34488
34519
34541
34545
34561
34598
34604
34613
34630
34635
34639
34649
34662
34688
34706
34709
34709
34717
34739
34756
34757
34769
34777
34781
34786
34796
34828
34831
34832
34862
34881
34886
34892
34918
34933
34951
34965
34973
34980
34988
34998
35007
35024
35033
35036
35037
35055
35057
35058
35064
35071
35087
35100
35114
35136
35153
35163
35166
35171
35174
35178
35189
35193
35214
35215
35234
35264
35291
35312
35339
35358
35367
35369
35384
35422
35433
35469
35476
35488
35494
35500
35557
35559
35563
35572
35585
35590
35594
35595
35599
35612
35612
35613
35640
35641
35645
35652
35657
35667
35680
35706
35727
35734
35742
35747
35768
35782
35790
35792
35809
35833
35857
35861
35861
35883
35901
35906
35909
35942
35959
35994
36042
36045
36047
36067
36082
36087
36096
36106
36129
36136
36142
36145
36150
36158
36160
36162
36162
36193
36198
36203
36207
36221
36277
36295
36326
36364
36369
36415
36430
36441
36499
36547
36550
36560
36576
36582
36629
36637
36678
36684
36699
36720
36752
36770
36770
36786
36790
36801
36804
36853
36869
36878
36889
36894
36897
36897
36898
36904
36905
36911
36929
36934
36942
37001
37005
37006
37006
37007
37008
37011
37030
37032
37038
37053
37087
37130
37153
37173
37175
37179
37211
37226
37227
37233
37236
37237
37237
37245
37257
37265
37267
37274
37280
37284
37316
37323
37332
37372
37403
37493
37498
37507
37548
37553
37571
37601
37610
37617
37617
37653
37662
37669
37670
37671
37682
37686
37698
37715
37733
37743
37744
37754
37759
37801
37812
37814
37815
37820
37825
37841
37844
37880
37896
37903
37904
37927
37931
37932
37933
37946
37957
37966
37977
37999
38003
38012
38038
38060
38077
38117
38122
38209
38221
38271
38284
38314
38329
38401
38424
38455
38456
38464
38491
38499
38504
38510
38520
38558
38561
38579
38583
38647
38649
38652
38653
38669
38677
38690
38725
38734
38756
38778
38783
38796
38812
38818
38850
38857
38868
38879
38920
39001
39033
39047
39062
39089
39090
39092
39097
39119
39130
39131
39147
39205
39247
39254
39262
39269
39288
39306
39325
39332
39333
39335
39339
39341
39357
39375
39385
39391
39392
39419
39434
39440
39443
39470
39480
39482
39483
39489
39527
39539
39551
39561
39566
39578
39583
39593
39595
39603
39645
39648
39650
39673
39690
39693
39728
39758
39781
39813
39820
39836
39838
39849
39862
39904
39934
39946
39961
39972
39989
39990
40010
40021
40025
40041
40057
40065
40069
40082
40086
40092
40115
40116
40120
40130
40156
40173
40199
40202
40247
40253
40292
40295
40298
40312
40331
40331
40352
40391
40431
40435
40448
40467
40476
40483
40556
40562
40563
40564
40577
40614
40628
40632
40636
40659
40668
40670
40677
40683
40689
40697
40707
40724
40725
40737
40751
40753
40759
40765
40766
40774
40806
40834
40835
40859
40867
40875
40886
40894
40901
40905
40909
40913
40916
40975
40982
40983
40984
40989
41013
41024
41025
41026
41031
41087
41104
41107
41118
41143
41173
41184
41190
41192
41232
41243
41266
41285
41286
41292
41297
41298
41308
41317
41319
41336
41340
41340
41348
41351
41368
41384
41394
41400
41401
41402
41421
41432
41433
41437
41457
41457
41467
41470
41470
41485
41505
41505
41520
41534
41539
41548
41583
41616
41625
41628
41634
41649
41657
41657
41666
41682
41709
41712
41722
41732
41732
41761
41764
41775
41777
41782
41794
41797
41829
41836
41845
41853
41854
41870
41877
41882
41882
41930
41947
41954
41963
41972
41993
41996
42021
42027
42072
42103
42106
42106
42111
42119
42120
42123
42129
42132
42147
42149
42166
42168
42185
42236
42257
42281
42286
42301
42303
42315
42317
42329
42343
42351
42365
42370
42382
42392
42392
42393
42402
42404
42408
42411
42427
42444
42464
42468
42473
42483
42483
42522
42532
42539
42554
42564
42571
42619
42623
42626
42631
42646
42659
42667
42672
42686
42687
42687
42689
42704
42715
42735
42757
42758
42762
42767
42772
42783
42803
42803
42804
42808
42808
42811
42811
42822
42828
42836
42852
42862
42863
42890
42914
42919
42921
42928
42930
42932
42933
42940
42960
43095
43143
43157
43170
43192
43207
43220
43224
43224
43229
43254
43255
43278
43289
43296
43298
43314
43346
43375
43403
43404
43410
43425
43430
43437
43454
43459
43479
43488
43496
43542
43564
43586
43590
43610
43616
43657
43676
43707
43736
43739
43741
43741
43771
43799
43803
43814
43824
43844
43852
43875
43904
43922
43941
43946
43995
44006
44008
44017
44024
44053
44075
44114
44117
44129
44129
44134
44135
44138
44144
44145
44162
44177
44181
44186
44194
44226
44229
44239
44252
44255
44257
44269
44294
44308
44335
44344
44351
44379
44413
44423
44436
44440
44466
44468
44474
44493
44510
44522
44547
44550
44561
44581
44595
44598
44599
44616
44636
44655
44658
44663
44665
44671
44672
44673
44680
44710
44719
44751
44765
44780
44833
44838
44877
44896
44896
44904
44934
44944
44970
44977
45026
45047
45052
45055
45082
45093
45115
45119
45140
45176
45194
45201
45208
45235
45235
45242
45270
45286
45287
45292
45341
45343
45366
45368
45372
45376
45384
45390
45397
45401
45421
45423
45430
45454
45473
45507
45520
45523
45528
45528
45530
45550
45553
45561
45587
45595
45647
45650
45676
45683
45685
45688
45689
45693
45701
45717
45739
45759
45774
45774
45787
45827
45839
45842
45844
45861
45868
45886
45898
45909
45924
45954
45961
45968
45984
46038
46040
46053
46063
46076
46090
46125
46142
46145
46160
46183
46184
46205
46212
46217
46223
46226
46242
46250
46251
46285
46309
46312
46324
46326
46340
46349
46382
46398
46420
46421
46433
46434
46441
46473
46489
46504
46533
46535
46538
46547
46582
46622
46694
46707
46719
46731
46732
46746
46777
46791
46829
46836
46847
46857
46892
46897
46917
46922
47016
47057
47064
47102
47102
47108
47113
47128
47128
47142
47150
47151
47175
47181
47211
47214
47226
47240
47276
47286
47311
47318
47324
47329
47351
47374
47404
47411
47467
47512
47525
47527
47538
47539
47576
47584
47598
47602
47602
47616
47625
47631
47634
47644
47657
47660
47662
47671
47692
47706
47707
47747
47748
47772
47796
47814
47817
47832
47849
47915
47929
47942
47952
47982
47984
47999
48002
48012
48022
48024
48031
48059
48085
48090
48101
48123
48138
48141
48153
48162
48172
48174
48200
48226
48239
48242
48262
48262
48267
48271
48304
48309
48354
48367
48369
48372
48380
48403
48405
48420
48422
48457
48483
48486
48507
48509
48510
48513
48527
48550
48553
48555
48557
48566
48576
48578
48581
48595
48604
48609
48705
48707
48711
48712
48713
48746
48775
48786
48815
48891
48903
48923
48933
48951
48951
48969
48982
48982
48982
48992
49005
49029
49049
49050
49096
49109
49152
49155
49162
49177
49185
49211
49244
49249
49251
49268
49276
49336
49344
49396
49397
49407
49409
49409
49412
49414
49431
49456
49467
49470
49474
49512
49526
49530
49533
49547
49551
49553
49562
49580
49581
49584
49586
49608
49618
49625
49629
49632
49643
49658
49687
49711
49713
49721
49733
49741
49748
49790
49829
49835
49844
49858
49871
49883
49904
49928
49942
49947
49958
49958
49960
49984
49988
49996
50005
50014
50015
50033
50039
50050
50089
50091
50116
50120
50125
50134
50141
50142
50167
50171
50172
50199
50208
50219
50224
50229
50243
50285
50314
50352
50369
50386
50438
50449
50456
50488
50504
50510
50519
50523
50527
50530
50540
50540
50545
50555
50576
50595
50599
50605
50607
50609
50651
50657
50658
50666
50676
50722
50804
50814
50822
50825
50828
50837
50858
50873
50878
50890
50905
50923
50926
50939
50949
50961
50991
50997
51011
51023
51034
51034
51039
51043
51063
51064
51066
51102
51106
51115
51130
51140
51161
51165
51176
51179
51188
51188
51200
51269
51320
51352
51385
51409
51411
51415
51416
51440
51457
51474
51475
51506
51512
51545
51548
51554
51565
51576
51590
51609
51665
51700
51706
51706
51774
51790
51810
51814
51822
51834
51855
51870
51877
51894
51897
51898
51922
51932
51932
51943
51965
51978
51982
51987
52003
52008
52037
52039
52047
52076
52092
52099
52106
52109
52139
52154
52156
52159
52184
52194
52197
52197
52216
52218
52243
52256
52271
52282
52299
52302
52302
52374
52379
52379
52388
52390
52406
52422
52439
52449
52473
52478
52478
52483
52489
52498
52501
52506
52538
52574
52608
52616
52643
52651
52665
52666
52705
52709
52716
52726
52728
52735
52760
52762
52771
52783
52807
52810
52811
52816
52821
52833
52853
52857
52897
52914
52920
52925
52927
52970
52984
53024
53024
53034
53048
53049
53054
53058
53059
53062
53066
53073
53076
53083
53104
53111
53114
53117
53138
53211
53220
53236
53242
53262
53273
53277
53279
53279
53310
53355
53380
53387
53412
53442
53443
53447
53457
53473
53508
53536
53538
53541
53556
53582
53584
53609
53609
53610
53649
53660
53681
53711
53720
53768
53771
53776
53786
53791
53836
53873
53886
53888
53900
53900
53908
53914
53962
53963
53993
54010
54023
54026
54051
54057
54061
54074
54074
54085
54091
54114
54122
54137
54141
54161
54268
54296
54302
54305
54311
54315
54316
54317
54326
54328
54330
54347
54355
54367
54395
54414
54445
54469
54475
54477
54488
54490
54494
54495
54507
54543
54560
54581
54583
54589
54606
54645
54654
54659
54661
54702
54737
54753
54785
54788
54795
54813
54827
54832
54836
54863
54868
54879
54887
54916
54923
54962
54972
54975
54992
54997
55029
55044
55081
55085
55086
55134
55155
55180
55205
55216
55218
55225
55241
55241
55279
55290
55325
55328
55344
55406
55408
55470
55473
55474
55475
55486
55501
55517
55518
55546
55550
55559
55562
55568
55575
55593
55611
55681
55712
55762
55775
55778
55780
55818
55845
55847
55875
55911
55915
55925
55938
55941
55962
55969
55971
56042
56049
56049
56102
56125
56135
56137
56174
56189
56224
56287
56308
56337
56340
56343
56370
56374
56376
56377
56393
56402
56411
56480
56489
56499
56524
56535
56573
56573
56575
56577
56580
56591
56592
56601
56610
56641
56656
56661
56689
56700
56725
56750
56771
56805
56820
56849
56858
56896
56914
56922
56937
56956
56956
56960
56986
56990
56992
57008
57009
57012
57014
57028
57029
57054
57087
57093
57100
57101
57178
57221
57244
57294
57297
57304
57327
57339
57349
57373
57381
57390
57412
57432
57440
57451
57463
57472
57480
57529
57551
57564
57579
57586
57614
57627
57638
57649
57659
57693
57701
57723
57727
57730
57733
57737
57738
57743
57745
57778
57811
57843
57895
57900
57939
57948
57979
57993
58024
58030
58039
58046
58083
58084
58084
58091
58102
58127
58147
58159
58169
58173
58176
58178
58180
58187
58204
58222
58229
58230
58248
58260
58283
58284
58288
58293
58299
58307
58320
58322
58340
58354
58364
58393
58394
58394
58408
58420
58422
58424
58442
58444
58461
58462
58488
58493
58513
58524
58533
58536
58546
58569
58592
58597
58604
58612
58621
58623
58630
58643
58653
58714
58755
58759
58767
58779
58815
58837
58840
58855
58901
58913
58942
58964
58978
59012
59013
59035
59035
59041
59049
59052
59054
59062
59063
59074
59113
59118
59138
59157
59161
59210
59240
59247
59256
59259
59277
59281
59285
59294
59299
59301
59306
59328
59351
59375
59378
59444
59449
59460
59466
59491
59496
59504
59526
59565
59599
59614
59617
59642
59653
59660
59670
59672
59688
59689
59724
59724
59724
59725
59731
59740
59758
59777
59784
59790
59832
59833
59847
59848
59858
59861
59869
59873
59881
59882
59887
59898
59901
59918
59936
59941
59956
59984
59987
59987
59988
60008
60027
60041
60053
60055
60098
60117
60118
60151
60172
60178
60190
60194
60199
60200
60209
60213
60224
60279
60296
60302
60319
60321
60332
60375
60376
60395
60401
60403
60410
60414
60429
60435
60441
60460
60515
60560
60564
60564
60577
60593
60596
60616
60624
60637
60644
60652
60664
60685
60702
60731
60734
60738
60747
60764
60787
60813
60818
60846
60860
60867
60879
60885
60894
60896
60899
60913
60941
60951
60997
61027
61036
61046
61062
61069
61077
61094
61097
61137
61179
61185
61211
61218
61223
61255
61266
61296
61305
61391
61421
61433
61446
61451
61453
61491
61498
61520
61520
61523
61553
61568
61579
61580
61590
61607
61608
61624
61637
61665
61676
61678
61689
61694
61726
61727
61730
61731
61757
61762
61767
61782
61785
61791
61802
61809
61814
61819
61831
61850
61853
61860
61862
61907
61999
62013
62022
62071
62074
62083
62093
62110
62115
62116
62126
62127
62147
62159
62163
62178
62191
62230
62238
62239
62241
62251
62285
62295
62315
62331
62345
62372
62410
62410
62437
62440
62448
62459
62470
62475
62514
62530
62553
62555
62596
62642
62649
62673
62715
62717
62733
62738
62762
62763
62765
62788
62814
62824
62825
62839
62849
62850
62856
62858
62858
62890
62890
62906
62925
62940
62941
62945
62968
62969
62972
62989
63007
63017
63041
63056
63060
63088
63102
63114
63146
63157
63173
63187
63188
63193
63204
63216
63217
63231
63240
63241
63289
63317
63321
63335
63354
63369
63385
63406
63417
63431
63445
63454
63480
63489
63492
63494
63495
63498
63502
63507
63519
63523
63546
63550
63562
63595
63602
63623
63652
63652
63669
63689
63691
63699
63701
63717
63729
63743
63760
63782
63801
63821
63840
63846
63868
63872
63884
63884
63907
63943
63944
63946
63966
63971
63989
63999
64006
64017
64020
64031
64061
64075
64082
64095
64104
64109
64123
64123
64130
64136
64155
64174
64199
64218
64229
64261
64294
64301
64322
64329
64348
64355
64369
64378
64429
64436
64443
64493
64535
64537
64547
64553
64556
64556
64574
64583
64584
64586
64617
64628
64647
64654
64654
64659
64682
64689
64698
64705
64715
64717
64720
64743
64753
64811
64815
64816
64821
64826
64832
64837
64856
64857
64874
64876
64885
64900
64902
64964
64977
64982
64992
64998
65002
65004
65017
65034
65036
65050
65051
65061
65068
65087
65122
65123
65137
65137
65155
65168
65186
65201
65202
65211
65225
65227
65227
65247
65264
65269
65276
65277
65323
65362
65388
65403
65422
65430
65432
65445
65448
65450
65452
65492
65505
65511
65517
65526
65547
65565
65578
65582
65614
65620
65648
65703
65704
65707
65707
65749
65786
65792
65813
65828
65837
65851
65854
65890
65898
65899
65929
65944
65960
65963
65963
65986
66023
66024
66029
66033
66033
66040
66049
66049
66081
66086
66132
66134
66151
66172
66184
66189
66194
66194
66216
66219
66231
66232
66274
66308
66309
66311
66355
66360
66361
66396
66398
66416
66423
66452
66462
66462
66475
66476
66508
66534
66582
66591
66595
66602
66603
66605
66622
66624
66628
66644
66659
66662
66695
66696
66720
66730
66788
66809
66810
66825
66848
66850
66852
66860
66871
66881
66936
66945
66957
66959
66963
66966
66972
66977
66981
66981
66999
67022
67025
67042
67042
67046
67069
67104
67117
67127
67129
67141
67154
67158
67159
67161
67162
67166
67176
67180
67190
67202
67207
67208
67229
67237
67268
67280
67307
67314
67318
67328
67335
67343
67361
67380
67382
67385
67392
67392
67399
67419
67428
67442
67462
67476
67511
67519
67532
67534
67554
67600
67613
67617
67632
67653
67659
67699
67706
67726
67730
67735
67739
67772
67779
67798
67805
67809
67813
67822
67834
67835
67836
67854
67855
67855
67885
67886
67888
67894
67896
67928
67942
67981
67994
68003
68036
68038
68047
68100
68103
68142
68178
68200
68204
68207
68226
68264
68265
68286
68297
68301
68315
68347
68373
68398
68402
68411
68440
68447
68454
68465
68476
68482
68505
68510
68511
68513
68520
68534
68553
68556
68566
68569
68641
68642
68644
68661
68663
68668
68672
68674
68685
68687
68694
68721
68753
68757
68762
68771
68796
68812
68819
68823
68827
68849
68856
68861
68862
68870
68876
68876
68882
68894
68897
68899
68905
68913
68970
68982
68997
68998
69000
69003
69016
69026
69047
69053
69102
69111
69111
69115
69119
69152
69173
69173
69177
69182
69183
69185
69196
69202
69211
69223
69226
69243
69269
69274
69275
69279
69294
69297
69314
69315
69350
69359
69387
69391
69431
69441
69447
69449
69452
69457
69515
69523
69541
69588
69595
69599
69646
69648
69658
69664
69690
69704
69705
69716
69740
