31
119
172
247
268
383
389
398
412
420
436
441
485
733
752
756
770
777
863
918
1006
1007
1007
1050
1067
1072
1119
1126
1152
1184
1223
1224
1257
1381
1424
1501
1583
1588
1697
1770
1821
1913
1946
2017
2023
2070
2099
2105
2121
2167
2167
2210
2221
2247
2293
2347
2355
2362
2367
2403
2413
2424
2426
2444
2479
2505
2517
2556
2592
2635
2684
2691
2773
2846
2871
2960
2985
3048
3057
3096
3113
3135
3143
3176
3304
3343
3434
3445
3569
3604
3608
3620
3631
3707
3716
3725
3743
3747
3754
3770
3796
3913
3919
3925
4088
4100
4106
4149
4164
4245
4356
4401
4469
4493
4518
4610
4611
4652
4659
4659
4687
4697
4884
4924
4983
5008
5018
5045
5056
5065
5144
5196
5200
5212
5224
5225
5252
5261
5305
5333
5333
5414
5442
5500
5526
5582
5619
5626
5652
5851
5852
5860
6043
6149
6291
6323
6496
6504
6526
6581
6671
6674
6686
6759
6786
6804
6869
6873
6931
6944
6959
6973
6974
7028
7049
7067
7140
7249
7253
7273
7298
7353
7378
7405
7474
7480
7509
7570
7619
7630
7633
7679
7685
7714
7720
7753
7782
7825
7842
7842
7843
7845
7893
7925
7994
8006
8012
8050
8074
8098
8113
8152
8226
8303
8359
8391
8599
8624
8710
8714
8727
8848
8850
8976
8993
9014
9018
9057
9171
9190
9219
9248
9328
9365
9378
9458
9494
9541
9565
9606
9643
9672
9676
9713
9793
9829
9832
9836
9954
10062
10099
10099
10118
10183
10298
10370
10378
10383
10388
10516
10522
10541
10577
10591
10652
10660
10745
10752
10755
10759
10813
10854
10854
10885
11010
11044
11070
11182
11353
11384
11405
11420
11585
11681
11692
11764
11925
11961
12026
12137
12170
12311
12321
12339
12356
12399
12430
12551
12567
12650
12659
12677
12761
12764
12765
12767
12788
12856
12893
12909
13002
13052
13058
13228
13256
13266
13292
13312
13321
13327
13343
13351
13372
13401
13445
13493
13502
13596
13598
13608
13615
13640
13661
13668
13671
13727
13734
13779
13915
13939
13967
14017
14039
14142
14187
14232
14241
14285
14305
14444
14567
14596
14615
14653
14783
14793
14801
14826
14940
14972
15058
15059
15090
15116
15143
15164
15289
15348
15364
15368
15427
15437
15528
15561
15562
15569
15590
15612
15647
15687
15694
15759
15763
15821
15863
15901
15916
15948
15974
16130
16153
16173
16234
16257
16274
16334
16383
16400
16454
16501
16508
16533
16557
16563
16590
16638
16661
16754
16777
16897
16911
16933
17017
17049
17058
17072
17095
17115
17210
17232
17321
17322
17334
17372
17380
17410
17458
17522
17529
17552
17553
17563
17619
17622
17826
17844
17856
17902
17941
17993
18049
18108
18113
18133
18184
18184
18204
18220
18290
18294
18323
18401
18407
18415
18489
18519
18528
18554
18570
18573
18717
18738
18740
18748
18774
18846
18867
18883
18890
18894
18911
18930
18952
19014
19032
19184
19302
19408
19467
19681
19771
19773
19780
19795
19830
19831
19846
19853
19859
19901
20012
20053
20069
20109
20183
20184
20201
20263
20416
20504
20540
20567
20606
20608
20631
20631
20648
20668
20682
20733
20750
20776
20784
20798
20798
20809
20827
20836
20958
20974
21013
21065
21066
21098
21195
21220
21290
21298
21313
21338
21351
21385
21421
21438
21438
21481
21515
21570
21571
21591
21643
21661
21672
21756
21771
21817
21821
21832
21930
21954
22002
22048
22108
22112
22121
22226
22249
22265
22273
22290
22319
22458
22605
22667
22687
22797
22803
22808
22814
22823
22921
22978
22984
23015
23031
23038
23083
23125
23128
23219
23260
23357
23367
23390
23426
23448
23481
23624
23636
23698
23710
23733
23759
23805
23888
23981
24001
24025
24046
24138
24162
24241
24251
24350
24372
24387
24432
24476
24591
24695
24722
24726
24742
24779
24787
24834
24931
25031
25035
25101
25350
25354
25382
25398
25433
25492
25495
25550
25566
25571
25577
25669
25682
25766
25781
25790
25858
25996
25997
26001
26013
26022
26031
26037
26149
26202
26229
26249
26263
26273
26292
26302
26305
26315
26403
26424
26426
26553
26589
26599
26614
26635
26784
26822
26834
26838
26859
26905
27054
27122
27135
27255
27258
27293
27303
27317
27476
27513
27541
27620
27623
27644
27645
27707
27748
27778
27821
27825
27909
27951
28007
28038
28042
28167
28220
28221
28237
28321
28339
28341
28366
28374
28419
28423
28452
28496
28529
28547
28565
28621
28622
28624
28649
28716
28724
28794
28829
28848
28864
28871
28950
28975
29017
29031
29057
29143
29144
29248
29303
29326
29388
29401
29403
29457
29621
29642
29742
29844
29926
29932
29935
29998
30115
30152
30169
30176
30209
30222
30324
30399
30400
30490
30538
30620
30631
30730
30757
30783
30788
30938
30960
31048
31108
31186
31191
31219
31259
31262
31366
31373
31388
31464
31474
31542
31569
31594
31615
31616
31645
31646
31670
31722
31735
31946
32093
32097
32187
32188
32230
32245
32245
32361
32404
32449
32478
32525
32573
32613
32644
32653
32665
32693
32753
32774
32859
32919
32936
33103
33249
33307
33556
33562
33631
33679
33693
33696
33704
33707
33752
33753
33814
33818
33846
33851
33914
34015
34067
34089
34135
34138
34166
34167
34172
34179
34254
34295
34338
34363
34412
34444
34461
34485
34511
34550
34670
34682
34742
34785
34796
34870
34922
34925
34937
34993
35050
35230
35253
35311
35324
35335
35361
35464
35502
35503
35519
35544
35582
35613
35685
35696
35714
35716
35815
35860
35870
35890
35948
35948
35968
35993
36013
36109
36176
36229
36238
36255
36339
36346
36373
36432
36441
36449
36525
36578
36585
36603
36730
36777
36907
36934
36955
36969
36975
37004
37019
37056
37077
37121
37134
37150
37153
37208
37261
37282
37326
37353
37457
37583
37588
37591
37591
37635
37701
37729
37859
37873
37889
37902
37917
37965
37968
38048
38075
38077
38204
38214
38235
38263
38283
38311
38312
38313
38316
38389
38395
38405
38450
38454
38559
38623
38672
38721
38766
38822
38890
38925
38975
38995
38996
39006
39031
39048
39049
39062
39120
39131
39170
39189
39228
39311
39353
39400
39616
39628
39630
39643
39671
39803
39848
39892
39921
39953
40022
40036
40134
40210
40219
40296
40299
40303
40350
40370
40408
40472
40571
40587
40595
40664
40768
40773
40787
40800
40816
40844
40866
40869
40877
40913
40936
40949
41004
41050
41054
41067
41116
41137
41176
41265
41291
41306
41348
41369
41443
41561
41564
41572
41621
41660
41673
41680
41709
41714
41719
41751
41763
41871
41876
41890
41954
42015
42109
42129
42150
42159
42262
42274
42321
42333
42358
42372
42378
42414
42439
42452
42503
42546
42548
42552
42570
42571
42612
42641
42683
42740
42796
42808
42827
42852
42858
42978
43007
43068
43185
43215
43219
43289
43357
43390
43406
43427
43488
43495
43531
43557
43600
43689
43754
43870
43898
43913
43926
43931
43992
44054
44055
44150
44212
44258
44288
44293
44307
44366
44435
44477
44497
44550
44575
44623
44624
44625
44637
44643
44708
44708
44712
44732
44750
44785
44811
44816
44839
44848
44868
44886
44905
44936
44953
44997
45013
45065
45075
45123
45135
45149
45220
45254
45269
45295
45318
45368
45426
45450
45451
45462
45490
45513
45591
45632
45692
45768
45877
45888
45908
45920
45944
45944
46051
46053
46092
46128
46193
46247
46311
46318
46344
46365
46370
46401
46404
46415
46553
46628
46692
46768
46773
46791
46829
46862
46926
46958
46967
46973
47047
47142
47154
47211
47233
47271
47316
47353
47368
47397
47477
47691
47726
47763
47777
47795
47928
48021
48055
48087
48130
48167
48169
48172
48184
48289
48315
48354
48362
48371
48376
48394
48441
48454
48467
48499
48511
48523
48535
48542
48554
48611
48701
48714
48723
48732
48820
48856
48858
48886
49003
49026
49046
49076
49083
49087
49097
49145
49212
49286
49299
49366
49388
49409
49412
49510
49534
49662
49777
49797
49817
49863
49865
49874
49947
49962
49984
49984
50076
50240
50262
50305
50318
50319
50353
50363
50368
50390
50416
50460
50487
50510
50534
50541
50555
50594
50600
50624
50683
50751
50775
50818
50920
50950
51012
51018
51040
51077
51096
51177
51195
51206
51243
51305
51329
51364
51401
51432
51509
51553
51597
51698
51711
51712
51734
51754
51759
51836
51876
51890
51903
51905
51907
51971
52046
52048
52273
52321
52351
52354
52358
52364
52387
52482
52549
52599
52605
52620
52676
52792
52912
52960
53032
53151
53186
53206
53252
53255
53276
53277
53286
53309
53359
53376
53452
53461
53525
53700
53771
53791
53953
54079
54084
54088
54096
54127
54164
54274
54283
54320
54363
54376
54454
54472
54551
54680
54682
54754
54822
54867
54871
54888
54970
54971
54996
55044
55081
55092
55145
55184
55220
55243
55253
55289
55291
55302
55344
55486
55496
55555
55561
55564
55658
55675
55697
55722
55743
55770
55777
55817
55841
55863
55897
55919
55925
56025
56029
56062
56096
56109
56175
56229
56247
56254
56257
56307
56440
56441
56449
56473
56523
56562
56653
56663
56706
56728
56766
56791
56822
56855
56864
56890
56911
56914
56943
56951
56956
56975
56980
56985
57002
57017
57031
57037
57119
57245
57273
57354
57374
57446
57461
57525
57528
57532
57549
57618
57627
57630
57638
57671
57718
57831
57868
57895
57933
57964
58027
58060
58110
58136
58178
58187
58188
58200
58244
58247
58255
58259
58265
58342
58401
58442
58491
58520
58543
58603
58635
58781
58786
58793
58803
58853
58856
58978
59139
59147
59163
59214
59239
59263
59292
59305
59341
59370
59422
59481
59565
59675
59680
59740
59749
59755
59811
59833
59897
59940
59988
60013
60051
60116
60271
60327
60388
60439
60446
60468
60470
60474
60487
60493
60562
60567
60587
60628
60739
60780
60789
60796
60819
60831
60891
60899
60901
60981
61004
61022
61077
61200
61218
61293
61299
61362
61400
61406
61416
61509
61548
61588
61615
61648
61659
61736
61740
61821
61854
61879
61888
61900
61918
61964
62043
62123
62216
62227
62249
62290
62300
62329
62331
62351
62352
62374
62410
62426
62474
62503
62515
62540
62553
62605
62628
62823
62841
62889
62905
62937
62961
63027
63075
63215
63231
63323
63381
63413
63413
63428
63437
63528
63551
63558
63565
63734
63755
63885
63910
63938
63970
64006
64029
64037
64092
64114
64148
64187
64195
64236
64265
64286
64316
64369
64371
64441
64442
64445
64539
64577
64633
64697
64700
64705
64761
64763
64804
64832
64881
64934
65029
65043
65046
65060
65070
65138
65206
65220
65248
65275
65295
65329
65396
65439
65471
65513
65513
65536
65539
65541
65604
65741
65755
65781
65979
66024
66100
66119
66152
66167
66181
66220
66294
66365
66379
66383
66442
66517
66541
66588
66623
66626
66671
66758
66772
66872
66894
66897
66940
66949
66956
66969
66990
67135
67182
67184
67197
67226
67241
67310
67361
67403
67498
67532
67541
67550
67607
67763
67767
67777
67831
67835
67839
67871
67905
68013
68024
68025
68030
68039
68078
68079
68115
68128
68167
68175
68223
68244
68356
68356
68394
68505
68509
68509
68510
68648
68652
68660
68694
68744
68803
68811
68932
68962
68963
69053
69060
69109
69134
69175
69185
69194
69224
69225
69236
69244
69276
69289
69337
69356
69360
69364
69385
69480
69548
69553
69639
69697
69705
69706
