11
14
24
28
36
38
42
49
49
69
72
75
89
99
169
202
207
227
232
236
242
242
256
262
286
293
294
301
315
322
328
334
335
356
358
366
375
383
398
402
409
416
422
425
435
461
469
469
471
517
518
546
571
577
590
598
611
612
629
643
645
655
677
703
715
720
722
734
780
793
837
839
847
850
860
863
869
880
900
902
902
909
911
929
947
949
975
991
1006
1013
1020
1061
1065
1074
1078
1090
1127
1137
1137
1157
1161
1179
1182
1188
1190
1201
1223
1235
1235
1241
1253
1285
1292
1306
1308
1312
1316
1317
1325
1366
1367
1389
1397
1401
1420
1426
1429
1444
1464
1470
1475
1484
1488
1492
1523
1527
1557
1558
1590
1596
1605
1615
1616
1624
1639
1648
1648
1650
1658
1664
1664
1666
1671
1678
1695
1697
1701
1709
1711
1720
1725
1733
1748
1773
1788
1812
1817
1828
1839
1859
1870
1870
1871
1874
1878
1891
1902
1904
1910
1911
1922
1933
1959
1967
1972
1972
1973
1979
1988
2025
2052
2067
2072
2080
2082
2124
2124
2127
2134
2135
2142
2144
2145
2165
2175
2187
2211
2264
2268
2284
2303
2309
2309
2312
2328
2329
2342
2352
2379
2388
2389
2408
2416
2421
2422
2461
2462
2475
2480
2538
2541
2547
2557
2559
2560
2572
2589
2603
2614
2616
2621
2657
2677
2677
2680
2694
2695
2701
2701
2735
2737
2745
2749
2773
2774
2808
2820
2828
2840
2844
2849
2857
2863
2869
2869
2877
2878
2920
2924
2931
2940
2950
2952
2953
2966
2976
2981
2981
2982
2984
3002
3025
3049
3051
3054
3084
3100
3118
3144
3148
3151
3151
3162
3163
3167
3182
3186
3192
3195
3198
3199
3205
3205
3218
3224
3254
3271
3281
3282
3283
3302
3334
3360
3378
3385
3391
3391
3400
3405
3405
3437
3458
3470
3472
3485
3491
3493
3500
3504
3508
3509
3533
3546
3559
3600
3600
3603
3618
3618
3634
3643
3652
3662
3666
3667
3679
3686
3689
3710
3733
3745
3749
3764
3764
3779
3780
3783
3792
3796
3813
3816
3821
3821
3826
3827
3840
3842
3846
3882
3887
3898
3926
3940
3961
3965
3969
3977
3980
3981
3987
4004
4008
4013
4014
4021
4031
4035
4037
4044
4045
4066
4088
4098
4099
4118
4121
4130
4133
4155
4169
4178
4186
4187
4196
4198
4202
4205
4224
4232
4236
4246
4250
4259
4262
4303
4310
4312
4331
4355
4377
4385
4418
4440
4464
4489
4493
4503
4503
4528
4566
4571
4576
4615
4620
4625
4628
4636
4646
4653
4680
4680
4689
4707
4716
4745
4760
4763
4781
4783
4792
4827
4833
4842
4850
4865
4867
4873
4878
4895
4904
4913
4938
4956
4957
4980
4981
4992
4994
5007
5034
5038
5061
5062
5080
5085
5089
5102
5108
5110
5119
5122
5131
5156
5163
5165
5183
5185
5191
5199
5212
5220
5228
5229
5234
5238
5245
5262
5277
5278
5296
5310
5386
5391
5396
5396
5397
5413
5418
5430
5432
5433
5468
5477
5479
5483
5489
5544
5558
5577
5583
5588
5599
5616
5621
5626
5643
5656
5674
5676
5679
5706
5707
5714
5715
5721
5722
5768
5775
5777
5780
5786
5791
5804
5805
5822
5824
5832
5841
5850
5850
5861
5869
5872
5880
5885
5886
5887
5902
5909
5912
5912
5917
5933
5943
5943
5957
5998
6003
6019
6037
6062
6063
6073
6094
6095
6111
6119
6147
6163
6183
6185
6190
6216
6219
6231
6253
6303
6327
6407
6416
6427
6431
6431
6442
6445
6459
6479
6517
6518
6521
6523
6525
6545
6546
6548
6554
6570
6572
6584
6586
6591
6593
6598
6599
6614
6615
6621
6682
6682
6685
6691
6697
6710
6722
6741
6773
6775
6805
6831
6835
6851
6852
6872
6879
6881
6892
6894
6904
6908
6912
6915
6926
6934
6948
6951
6964
6974
6975
6985
6999
7003
7010
7032
7035
7056
7089
7131
7131
7136
7165
7171
7179
7207
7220
7224
7228
7230
7232
7240
7250
7252
7270
7288
7329
7353
7374
7394
7395
7419
7437
7444
7445
7454
7457
7462
7477
7485
7491
7516
7524
7538
7563
7569
7597
7598
7599
7599
7618
7626
7645
7647
7673
7686
7715
7718
7719
7746
7747
7749
7752
7763
7778
7803
7808
7819
7830
7833
7837
7848
7856
7873
7878
7889
7904
7908
7913
7914
7916
7965
7966
7980
8045
8058
8065
8075
8082
8093
8104
8130
8133
8139
8144
8147
8152
8160
8161
8161
8173
8181
8186
8193
8198
8210
8212
8228
8231
8234
8248
8250
8250
8251
8254
8264
8273
8276
8291
8293
8311
8314
8324
8341
8353
8355
8359
8387
8400
8400
8407
8426
8429
8438
8440
8440
8443
8452
8465
8482
8486
8496
8534
8538
8558
8610
8617
8624
8631
8645
8673
8687
8696
8707
8714
8720
8723
8727
8728
8744
8771
8774
8776
8804
8815
8822
8834
8838
8847
8852
8870
8885
8893
8895
8896
8909
8924
8934
8968
8974
8978
8992
9010
9040
9056
9057
9058
9062
9067
9071
9076
9094
9094
9109
9111
9113
9117
9143
9145
9151
9155
9160
9178
9189
9220
9243
9265
9269
9288
9292
9294
9320
9330
9352
9391
9399
9401
9427
9438
9440
9452
9453
9464
9470
9475
9482
9483
9486
9501
9520
9539
9557
9573
9593
9606
9642
9657
9682
9726
9728
9742
9752
9758
9774
9774
9784
9812
9825
9826
9826
9832
9852
9880
9881
9895
9907
9924
9929
9969
9972
9973
10012
10032
10035
10064
10074
10087
10106
10110
10114
10119
10122
10128
10139
10142
10147
10150
10156
10162
10176
10177
10178
10192
10194
10247
10323
10326
10336
10337
10340
10342
10358
10401
10410
10437
10453
10457
10472
10473
10498
10521
10525
10535
10536
10539
10552
10573
10580
10582
10583
10594
10599
10623
10636
10642
10658
10666
10680
10682
10689
10692
10712
10716
10723
10728
10730
10751
10758
10767
10769
10779
10790
10795
10795
10796
10808
10819
10825
10835
10837
10846
10855
10868
10874
10876
10877
10879
10887
10892
10893
10897
10912
10913
10919
10929
10935
10939
10953
10954
10957
10960
10970
10971
10976
11004
11022
11033
11037
11056
11065
11084
11088
11095
11099
11100
11102
11118
11127
11134
11139
11169
11176
11181
11194
11197
11207
11254
11266
11271
11303
11326
11337
11346
11354
11356
11363
11364
11364
11380
11397
11421
11453
11463
11477
11514
11539
11544
11547
11584
11602
11603
11604
11616
11628
11634
11652
11653
11692
11727
11734
11735
11737
11739
11764
11768
11796
11803
11804
11824
11850
11852
11870
11875
11877
11890
11898
11932
11937
11937
11940
11946
11969
11981
11998
12028
12032
12056
12059
12065
12076
12083
12090
12098
12105
12106
12127
12150
12163
12177
12178
12187
12193
12200
12213
12213
12213
12223
12240
12244
12248
12256
12263
12270
12312
12320
12332
12346
12372
12378
12378
12394
12400
12404
12420
12422
12424
12436
12453
12463
12494
12503
12536
12554
12555
12561
12573
12596
12601
12610
12670
12671
12682
12696
12697
12698
12719
12725
12729
12742
12750
12751
12756
12758
12783
12792
12827
12846
12848
12864
12867
12901
12908
12912
12920
12932
12933
12938
12958
12983
12993
13007
13014
13041
13056
13058
13060
13064
13066
13068
13069
13070
13089
13091
13091
13105
13128
13146
13162
13167
13175
13177
13186
13222
13226
13229
13248
13251
13259
13261
13263
13264
13266
13282
13289
13290
13301
13320
13332
13332
13339
13352
13353
13361
13362
13380
13381
13388
13389
13391
13394
13399
13402
13414
13415
13456
13471
13492
13495
13518
13549
13564
13576
13587
13595
13609
13620
13625
13628
13634
13638
13647
13648
13649
13662
13670
13673
13689
13736
13737
13741
13745
13745
13750
13752
13764
13764
13773
13775
13779
13782
13804
13846
13861
13863
13883
13885
13893
13895
13911
13916
13927
13929
13945
13950
13967
13982
14000
14009
14036
14038
14051
14069
14075
14085
14087
14088
14094
14099
14116
14127
14186
14190
14191
14205
14216
14218
14222
14252
14258
14258
14259
14269
14279
14282
14310
14348
14362
14365
14366
14367
14371
14391
14413
14433
14445
14471
14510
14518
14530
14543
14546
14553
14556
14560
14566
14567
14573
14595
14611
14613
14615
14619
14628
14658
14661
14672
14686
14686
14689
14698
14707
14715
14728
14738
14739
14740
14767
14775
14776
14778
14783
14795
14804
14820
14833
14842
14846
14869
14891
14893
14905
14906
14913
14929
14940
14990
15000
15024
15035
15040
15051
15067
15091
15095
15124
15136
15145
15151
15155
15160
15164
15169
15169
15170
15194
15205
15217
15220
15232
15241
15247
15261
15262
15268
15274
15275
15283
15283
15295
15298
15303
15309
15313
15328
15353
15370
15376
15378
15398
15417
15421
15423
15426
15447
15450
15454
15471
15472
15473
15475
15486
15488
15492
15519
15543
15555
15558
15568
15584
15595
15604
15606
15607
15615
15628
15630
15644
15651
15657
15665
15686
15697
15712
15717
15724
15728
15731
15741
15746
15751
15764
15790
15793
15801
15807
15815
15821
15832
15833
15856
15856
15860
15868
15889
15890
15901
15929
15935
15938
15949
15953
15958
15962
15996
15996
16030
16036
16051
16069
16084
16102
16103
16104
16105
16138
16139
16169
16178
16215
16219
16234
16242
16276
16293
16298
16307
16314
16322
16330
16331
16348
16412
16413
16433
16444
16456
16458
16463
16510
16514
16521
16548
16557
16558
16561
16571
16573
16585
16614
16649
16650
16652
16674
16686
16726
16736
16745
16747
16757
16759
16761
16762
16777
16783
16785
16790
16800
16825
16836
16838
16841
16846
16847
16850
16869
16869
16898
16909
16932
16950
16952
16954
16963
16994
17018
17019
17020
17022
17027
17039
17039
17040
17048
17049
17057
17064
17101
17102
17105
17106
17108
17118
17119
17126
17150
17150
17152
17162
17167
17187
17190
17209
17224
17273
17287
17313
17363
17366
17371
17376
17388
17391
17392
17423
17424
17457
17457
17508
17512
17534
17546
17560
17572
17581
17606
17608
17608
17618
17619
17634
17650
17663
17679
17679
17680
17688
17689
17700
17701
17702
17714
17724
17728
17730
17732
17733
17751
17756
17757
17763
17767
17775
17788
17788
17801
17802
17814
17817
17825
17842
17892
17907
17914
17920
17927
17932
17954
17972
17972
17979
17983
17987
17994
18002
18011
18013
18033
18033
18035
18041
18044
18058
18059
18068
18073
18082
18087
18088
18116
18123
18150
18179
18182
18194
18195
18202
18213
18215
18215
18229
18231
18235
18240
18258
18259
18265
18303
18310
18313
18320
18322
18323
18335
18347
18349
18351
18368
18369
18383
18387
18449
18461
18463
18475
18495
18516
18524
18530
18546
18551
18563
18573
18592
18614
18617
18633
18653
18665
18667
18670
18678
18702
18702
18728
18736
18736
18738
18748
18757
18759
18801
18818
18822
18823
18833
18836
18840
18844
18846
18851
18868
18874
18879
18929
18930
18934
18944
18947
18949
18953
18957
18963
18975
18993
19004
19010
19025
19032
19039
19056
19068
19069
19077
19101
19124
19125
19163
19177
19178
19186
19191
19206
19216
19265
19293
19293
19310
19315
19317
19332
19335
19337
19341
19360
19363
19410
19413
19425
19447
19454
19463
19470
19475
19482
19486
19502
19509
19513
19527
19560
19582
19592
19604
19606
19611
19615
19639
19641
19650
19655
19655
19660
19663
19679
19689
19693
19706
19708
19730
19744
19759
19789
19805
19806
19815
19832
19843
19854
19858
19873
19888
19901
19908
19944
19965
19980
19984
19986
20019
20025
20027
20041
20070
20082
20093
20161
20168
20203
20237
20239
20250
20314
20363
20384
20402
20429
20437
20438
20443
20462
20474
20536
20543
20544
20548
20561
20564
20588
20621
20626
20627
20649
20666
20686
20700
20700
20724
20731
20742
20742
20745
20747
20752
20753
20761
20772
20773
20779
20793
20804
20816
20838
20846
20848
20852
20882
20885
20885
20901
20909
20919
20934
20948
20949
20991
20992
20992
20993
20995
21042
21043
21051
21056
21064
21070
21095
21100
21106
21138
21144
21150
21154
21157
21173
21174
21225
21225
21229
21237
21248
21253
21255
21288
21294
21298
21299
21341
21357
21358
21371
21379
21385
21391
21393
21398
21402
21417
21446
21457
21464
21472
21490
21491
21520
21521
21527
21540
21549
21552
21567
21569
21572
21574
21580
21603
21628
21642
21649
21665
21692
21693
21700
21704
21711
21730
21737
21753
21753
21753
21755
21762
21768
21774
21813
21819
21821
21822
21844
21855
21874
21878
21908
21908
21934
21938
21939
21957
21968
21970
21971
21978
21981
22008
22034
22074
22117
22132
22166
22181
22188
22193
22233
22240
22259
22262
22271
22272
22288
22292
22298
22309
22312
22322
22327
22340
22346
22365
22387
22404
22404
22404
22425
22430
22430
22431
22433
22438
22459
22463
22466
22514
22574
22574
22583
22586
22591
22594
22594
22614
22615
22623
22626
22632
22656
22662
22669
22673
22688
22694
22709
22715
22717
22728
22739
22741
22743
22745
22748
22758
22762
22765
22771
22786
22795
22817
22835
22840
22862
22876
22880
22884
22887
22890
22915
22921
22936
22946
22964
22969
22976
22979
22992
23015
23018
23026
23054
23057
23065
23066
23108
23115
23135
23142
23151
23185
23205
23215
23244
23256
23257
23292
23307
23319
23335
23342
23387
23390
23396
23397
23408
23409
23413
23445
23450
23451
23468
23469
23493
23495
23502
23508
23508
23527
23530
23536
23549
23575
23598
23623
23627
23631
23649
23661
23666
23696
23706
23708
23721
23738
23761
23774
23823
23829
23834
23886
23888
23911
23942
23959
23974
23979
23980
23981
23988
24002
24003
24010
24019
24019
24026
24030
24090
24092
24093
24104
24131
24144
24168
24169
24173
24182
24194
24195
24205
24207
24208
24216
24237
24240
24273
24278
24292
24300
24310
24325
24353
24360
24361
24368
24389
24407
24420
24421
24433
24435
24454
24467
24474
24479
24485
24509
24520
24547
24551
24553
24565
24571
24572
24575
24612
24620
24623
24634
24648
24649
24657
24679
24685
24688
24688
24697
24733
24737
24757
24766
24767
24777
24781
24786
24798
24818
24827
24837
24851
24900
24902
24955
24959
25013
25020
25023
25024
25042
25053
25060
25061
25116
25139
25141
25145
25147
25162
25164
25171
25172
25223
25247
25282
25284
25285
25287
25294
25306
25308
25360
25374
25375
25381
25382
25401
25410
25417
25420
25424
25427
25431
25438
25456
25466
25469
25470
25487
25497
25498
25507
25516
25521
25528
25542
25545
25552
25563
25569
25582
25585
25595
25611
25638
25641
25643
25650
25657
25660
25669
25713
25734
25738
25752
25762
25775
25793
25825
25835
25861
25864
25866
25872
25903
25905
25911
25914
25936
25951
25962
25977
25995
25995
26004
26006
26013
26014
26016
26018
26025
26030
26039
26063
26070
26088
26092
26092
26096
26106
26129
26132
26185
26188
26234
26240
26248
26249
26270
26296
26299
26302
26322
26347
26361
26362
26370
26371
26381
26404
26428
26438
26447
26452
26472
26485
26490
26499
26502
26510
26518
26531
26539
26540
26540
26541
26542
26556
26564
26566
26594
26604
26605
26615
26620
26631
26639
26659
26662
26675
26676
26681
26693
26698
26706
26719
26737
26749
26751
26778
26784
26817
26837
26845
26845
26856
26865
26885
26887
26895
26912
26920
26922
26924
26945
26951
26960
26971
26972
26990
27005
27008
27009
27014
27017
27023
27028
27029
27039
27045
27060
27069
27074
27082
27153
27163
27171
27177
27204
27222
27227
27229
27235
27238
27241
27244
27247
27253
27257
27278
27283
27297
27299
27304
27316
27321
27335
27348
27370
27388
27400
27406
27409
27412
27420
27435
27439
27479
27483
27492
27494
27505
27507
27509
27517
27522
27537
27538
27543
27547
27580
27597
27597
27602
27604
27624
27625
27644
27650
27650
27670
27675
27697
27715
27724
27741
27748
27761
27766
27774
27793
27810
27817
27826
27829
27840
27845
27849
27855
27889
27912
27936
27953
27962
27994
27995
28008
28015
28028
28032
28045
28046
28050
28056
28073
28124
28126
28130
28132
28133
28138
28140
28163
28167
28173
28178
28209
28228
28232
28258
28285
28287
28293
28296
28301
28306
28313
28363
28377
28404
28410
28411
28420
28434
28442
28442
28446
28455
28468
28509
28511
28513
28551
28584
28588
28604
28616
28637
28663
28686
28693
28694
28712
28712
28720
28725
28726
28729
28732
28740
28748
28753
28754
28767
28773
28774
28780
28793
28797
28799
28809
28817
28841
28844
28854
28859
28866
28885
28891
28915
28929
28941
28949
28950
28975
29001
29005
29007
29047
29047
29062
29070
29101
29105
29106
29145
29155
29160
29163
29166
29172
29174
29181
29203
29209
29221
29234
29239
29283
29327
29330
29331
29332
29380
29386
29393
29403
29417
29465
29480
29490
29497
29503
29508
29529
29537
29547
29552
29557
29561
29562
29564
29583
29592
29608
29611
29620
29626
29632
29637
29653
29677
29690
29702
29737
29761
29781
29806
29813
29817
29831
29842
29847
29861
29865
29865
29868
29897
29899
29900
29907
29911
29917
29919
29932
29949
29957
29962
29968
29969
29973
30023
30048
30073
30116
30144
30146
30150
30153
30157
30159
30182
30183
30203
30213
30215
30242
30258
30258
30261
30264
30279
30284
30343
30350
30362
30375
30393
30395
30408
30413
30421
30442
30443
30446
30455
30474
30481
30482
30492
30509
30513
30514
30534
30545
30552
30561
30571
30574
30578
30586
30599
30619
30621
30626
30633
30662
30674
30678
30685
30729
30735
30741
30743
30754
30758
30761
30776
30783
30808
30817
30824
30856
30857
30864
30892
30898
30926
30947
30955
30961
30973
30991
31024
31031
31071
31074
31099
31108
31111
31136
31138
31139
31154
31155
31167
31185
31191
31220
31242
31244
31253
31261
31261
31266
31283
31290
31297
31304
31312
31323
31327
31329
31333
31367
31376
31398
31401
31406
31406
31407
31408
31433
31439
31444
31444
31449
31450
31452
31466
31471
31472
31479
31482
31485
31489
31495
31495
31497
31506
31514
31520
31528
31549
31555
31575
31590
31624
31629
31644
31645
31674
31684
31696
31704
31708
31714
31718
31736
31743
31766
31767
31772
31780
31781
31782
31789
31789
31795
31808
31810
31834
31841
31861
31862
31894
31916
31948
31957
31973
31976
32015
32017
32023
32025
32036
32044
32085
32110
32143
32181
32181
32225
32228
32229
32235
32257
32297
32306
32333
32343
32350
32363
32378
32381
32385
32386
32387
32399
32401
32409
32425
32431
32473
32481
32489
32496
32511
32522
32525
32539
32544
32552
32554
32571
32579
32583
32589
32600
32602
32614
32617
32621
32660
32662
32666
32669
32672
32676
32679
32683
32688
32691
32693
32729
32736
32737
32795
32795
32809
32821
32861
32870
32891
32898
32903
32930
32934
32940
32953
32959
32975
32983
32983
32985
33009
33012
33016
33021
33031
33033
33034
33040
33046
33054
33058
33062
33066
33068
33068
33073
33086
33090
33111
33135
33140
33153
33157
33160
33162
33180
33187
33195
33201
33213
33217
33220
33237
33246
33266
33305
33309
33311
33317
33329
33354
33354
33369
33387
33387
33397
33398
33402
33408
33418
33427
33433
33434
33437
33440
33455
33458
33461
33467
33474
33514
33529
33556
33582
33632
33643
33647
33653
33661
33685
33688
33699
33705
33717
33721
33734
33738
33747
33757
33764
33765
33788
33799
33813
33830
33923
33933
33943
33946
33951
33957
33958
33966
33968
33985
34007
34023
34026
34040
34041
34051
34054
34059
34066
34089
34102
34131
34153
34159
34160
34170
34172
34179
34187
34188
34195
34227
34235
34240
34244
34286
34291
34293
34296
34344
34389
34390
34398
34417
34430
34434
34439
34442
34471
34473
34481
34489
34490
34500
34516
34535
34539
34550
34555
34565
34567
34579
34621
34644
34650
34650
34654
34714
34738
34739
34745
34761
34781
34805
34819
34824
34830
34838
34855
34873
34878
34883
34891
34894
34895
34911
34927
34946
34947
34955
34973
34998
35001
35014
35014
35015
35053
35056
35056
35062
35086
35093
35095
35096
35103
35120
35125
35131
35148
35150
35159
35167
35191
35201
35217
35230
35251
35266
35295
35307
35315
35342
35342
35343
35359
35366
35385
35387
35392
35412
35413
35430
35440
35452
35471
35476
35484
35498
35513
35513
35530
35542
35547
35550
35590
35612
35618
35623
35631
35638
35639
35666
35677
35686
35701
35704
35723
35736
35766
35768
35782
35786
35788
35794
35824
35847
35865
35874
35895
35897
35912
35913
35924
35930
35931
35961
35965
35973
35990
35996
36006
36016
36024
36032
36040
36050
36080
36083
36094
36103
36104
36108
36114
36138
36165
36177
36209
36210
36212
36215
36215
36224
36225
36241
36248
36249
36259
36265
36269
36275
36299
36365
36372
36373
36386
36395
36396
36399
36406
36409
36411
36413
36441
36442
36450
36452
36463
36469
36476
36485
36511
36514
36539
36551
36565
36581
36587
36622
36622
36646
36646
36660
36681
36684
36705
36708
36711
36712
36720
36722
36741
36744
36751
36755
36760
36777
36797
36802
36812
36823
36824
36830
36842
36856
36859
36862
36881
36882
36883
36888
36913
36930
36945
36980
36988
37018
37022
37027
37071
37077
37082
37083
37095
37100
37101
37103
37114
37145
37147
37170
37171
37203
37212
37237
37239
37250
37255
37274
37275
37282
37282
37284
37298
37309
37321
37329
37331
37343
37344
37368
37381
37394
37409
37413
37421
37426
37430
37430
37432
37438
37440
37460
37482
37486
37495
37497
37501
37504
37526
37546
37600
37619
37620
37622
37628
37641
37648
37649
37656
37671
37672
37679
37684
37717
37717
37717
37721
37721
37723
37743
37754
37755
37772
37775
37782
37806
37807
37818
37848
37864
37894
37894
37899
37905
37937
37999
38002
38011
38014
38018
38024
38032
38033
38043
38051
38073
38081
38083
38088
38094
38100
38111
38117
38125
38133
38141
38148
38157
38166
38166
38187
38193
38196
38201
38208
38208
38214
38221
38248
38251
38268
38275
38279
38285
38300
38317
38319
38321
38330
38349
38367
38387
38411
38413
38413
38416
38418
38427
38432
38443
38443
38478
38497
38499
38504
38529
38530
38577
38616
38637
38642
38671
38673
38678
38693
38694
38694
38757
38770
38771
38771
38774
38793
38798
38806
38808
38827
38828
38839
38840
38850
38850
38852
38857
38868
38875
38884
38890
38890
38914
38915
38916
38918
38939
38939
38943
38954
38969
38971
38980
38985
39019
39026
39027
39028
39032
39037
39052
39061
39078
39100
39101
39109
39116
39122
39128
39133
39147
39151
39163
39170
39224
39225
39227
39274
39288
39291
39315
39329
39329
39332
39335
39344
39358
39371
39378
39387
39393
39396
39398
39408
39409
39420
39421
39452
39453
39454
39455
39458
39465
39472
39474
39495
39498
39504
39521
39527
39528
39545
39560
39564
39575
39575
39576
39590
39617
39624
39626
39641
39660
39668
39670
39673
39677
39680
39688
39690
39700
39745
39749
39758
39763
39764
39768
39809
39809
39816
39823
39826
39834
39863
39885
39899
39915
39926
39990
40005
40007
40012
40027
40027
40036
40042
40070
40071
40087
40089
40116
40145
40161
40162
40171
40207
40216
40221
40226
40230
40240
40251
40265
40270
40277
40292
40325
40371
40378
40396
40402
40408
40419
40426
40441
40455
40471
40487
40496
40499
40507
40509
40520
40532
40533
40579
40587
40610
40644
40656
40676
40686
40687
40702
40719
40725
40727
40753
40761
40779
40779
40786
40788
40792
40801
40803
40810
40814
40819
40819
40824
40839
40845
40852
40852
40860
40864
40865
40875
40904
40905
40917
40930
40931
40937
40952
40964
40966
40976
40984
40990
41013
41040
41043
41050
41054
41103
41109
41111
41117
41136
41136
41144
41161
41162
41172
41174
41175
41181
41194
41228
41237
41250
41257
41263
41283
41304
41323
41336
41343
41352
41361
41377
41382
41403
41412
41412
41414
41425
41427
41427
41446
41449
41452
41458
41466
41472
41476
41476
41477
41494
41508
41511
41520
41526
41535
41540
41544
41549
41552
41564
41569
41570
41575
41576
41585
41587
41598
41612
41622
41623
41645
41650
41659
41668
41674
41678
41696
41710
41733
41770
41784
41789
41803
41808
41808
41817
41823
41824
41828
41851
41859
41881
41888
41892
41909
41912
41916
41919
41949
41960
41962
41978
41979
41981
41982
41992
42005
42030
42037
42059
42069
42070
42071
42108
42120
42155
42168
42180
42194
42223
42249
42265
42267
42270
42296
42303
42311
42319
42340
42359
42359
42383
42411
42417
42419
42430
42435
42448
42457
42457
42502
42511
42540
42545
42549
42557
42572
42579
42594
42594
42617
42619
42628
42662
42665
42666
42716
42718
42780
42796
42806
42825
42830
42832
42850
42850
42856
42868
42896
42922
42940
42958
42986
42999
43000
43004
43005
43008
43042
43050
43056
43062
43063
43064
43074
43089
43099
43100
43103
43152
43187
43195
43199
43222
43263
43272
43278
43288
43305
43321
43327
43356
43357
43366
43378
43379
43380
43387
43399
43439
43442
43445
43453
43481
43487
43526
43535
43545
43577
43592
43611
43615
43627
43640
43648
43653
43654
43659
43679
43680
43694
43705
43705
43725
43731
43749
43759
43767
43769
43790
43813
43816
43817
43843
43859
43883
43883
43915
43921
43923
43925
43939
43945
43950
43966
43971
43980
43986
43992
44007
44007
44013
44019
44024
44032
44050
44058
44059
44094
44099
44116
44129
44131
44146
44173
44191
44198
44202
44204
44206
44228
44253
44269
44271
44285
44300
44305
44327
44346
44352
44368
44381
44385
44390
44421
44434
44475
44504
44511
44525
44528
44535
44544
44553
44583
44620
44666
44671
44676
44682
44701
44717
44730
44739
44739
44757
44758
44760
44773
44791
44808
44815
44837
44849
44856
44862
44884
44889
44898
44913
44919
44930
44933
44946
44951
44970
44985
44991
44997
45000
45040
45042
45043
45048
45052
45073
45074
45076
45077
45093
45100
45101
45101
45105
45112
45120
45122
45153
45154
45165
45168
45171
45176
45179
45193
45209
45226
45230
45241
45241
45246
45247
45258
45261
45261
45269
45281
45313
45316
45316
45327
45332
45343
45361
45393
45396
45403
45412
45414
45437
45453
45453
45455
45457
45488
45491
45504
45508
45509
45525
45526
45553
45562
45580
45609
45612
45623
45639
45651
45667
45677
45679
45689
45692
45703
45710
45735
45744
45748
45767
45768
45769
45772
45781
45784
45801
45817
45841
45846
45852
45858
45871
45888
45911
45927
45930
45936
45937
45940
45951
45959
45970
45985
45989
46001
46013
46014
46026
46030
46048
46082
46082
46147
46147
46167
46177
46189
46194
46200
46200
46203
46212
46216
46218
46223
46223
46225
46225
46233
46244
46251
46256
46258
46274
46288
46291
46303
46306
46311
46314
46324
46331
46332
46382
46408
46428
46430
46450
46452
46473
46476
46489
46491
46494
46499
46506
46511
46536
46536
46542
46543
46543
46555
46560
46566
46575
46598
46615
46618
46635
46664
46671
46671
46692
46695
46700
46717
46718
46720
46736
46778
46812
46820
46841
46845
46854
46855
46858
46864
46878
46892
46895
46901
46916
46916
46923
46936
46955
46960
46985
47004
47007
47017
47018
47018
47027
47030
47051
47052
47070
47072
47079
47089
47094
47099
47109
47165
47177
47195
47195
47205
47206
47219
47220
47240
47240
47246
47254
47266
47267
47276
47295
47318
47321
47321
47332
47377
47377
47384
47415
47421
47430
47432
47450
47460
47460
47470
47478
47488
47511
47522
47535
47544
47553
47559
47566
47597
47646
47670
47678
47731
47740
47745
47803
47804
47810
47829
47830
47837
47850
47855
47862
47867
47875
47891
47901
47926
47941
47949
47951
47955
47959
47965
47967
47974
47987
48036
48059
48070
48081
48083
48122
48127
48180
48190
48201
48219
48265
48298
48311
48313
48315
48317
48317
48331
48340
48345
48348
48349
48349
48361
48363
48379
48392
48400
48412
48418
48421
48424
48437
48438
48488
48492
48499
48544
48548
48561
48566
48574
48587
48600
48616
48629
48630
48631
48631
48643
48643
48647
48670
48675
48702
48712
48738
48758
48761
48802
48826
48833
48833
48842
48858
48864
48866
48869
48871
48897
48900
48900
48907
48907
48922
48930
48940
48944
48953
48991
49008
49020
49024
49033
49038
49048
49058
49067
49097
49102
49119
49121
49126
49141
49149
49155
49188
49201
49214
49220
49229
49229
49233
49260
49262
49265
49276
49292
49363
49369
49419
49427
49434
49458
49460
49468
49472
49481
49485
49493
49499
49518
49528
49541
49545
49548
49550
49550
49566
49569
49583
49584
49620
49643
49645
49656
49658
49661
49664
49693
49700
49725
49727
49744
49744
49760
49768
49768
49799
49816
49843
49863
49866
49874
49878
49950
49952
49994
50009
50009
50017
50026
50046
50052
50058
50062
50093
50106
50113
50120
50142
50150
50151
50157
50158
50167
50172
50186
50189
50191
50192
50221
50227
50247
50247
50250
50274
50280
50308
50344
50355
50364
50371
50379
50392
50394
50416
50428
50432
50458
50458
50498
50504
50505
50509
50518
50522
50533
50534
50569
50575
50592
50599
50604
50604
50605
50607
50609
50610
50614
50647
50680
50681
50687
50689
50692
50694
50731
50754
50768
50770
50777
50782
50784
50789
50795
50811
50812
50818
50824
50838
50847
50848
50861
50872
50881
50891
50909
50940
50944
50969
50972
50975
50975
50986
51007
51028
51034
51052
51057
51066
51082
51100
51122
51126
51128
51129
51143
51153
51155
51160
51168
51180
51191
51197
51221
51230
51256
51263
51280
51280
51298
51301
51308
51310
51314
51314
51325
51328
51332
51339
51345
51347
51350
51352
51368
51370
51385
51391
51441
51441
51452
51454
51469
51484
51486
51500
51501
51502
51511
51515
51516
51580
51586
51595
51612
51627
51634
51636
51646
51652
51662
51663
51669
51672
51683
51688
51696
51711
51719
51720
51725
51729
51748
51778
51786
51804
51822
51836
51859
51878
51897
51908
51914
51934
51949
51952
51972
51997
51998
52001
52002
52036
52053
52063
52066
52068
52102
52104
52111
52132
52153
52173
52194
52198
52240
52282
52298
52328
52332
52341
52344
52346
52347
52361
52366
52380
52387
52398
52411
52454
52458
52467
52480
52509
52530
52532
52543
52554
52600
52602
52607
52611
52616
52620
52633
52663
52669
52672
52672
52673
52684
52728
52749
52761
52765
52788
52793
52820
52820
52822
52830
52838
52847
52848
52856
52858
52866
52902
52911
52921
52924
52937
52963
52973
52984
52994
53009
53033
53049
53054
53060
53062
53073
53076
53082
53105
53137
53141
53143
53146
53148
53153
53182
53184
53185
53192
53194
53213
53243
53259
53260
53264
53270
53273
53275
53293
53295
53307
53319
53321
53338
53339
53345
53345
53358
53365
53367
53368
53407
53424
53438
53448
53450
53452
53461
53469
53476
53527
53533
53631
53634
53645
53653
53657
53660
53686
53691
53691
53699
53713
53728
53739
53739
53767
53772
53775
53790
53796
53810
53823
53840
53858
53860
53865
53881
53907
53947
53960
53987
54016
54028
54040
54109
54117
54125
54137
54138
54141
54141
54163
54172
54179
54182
54186
54194
54223
54225
54260
54260
54273
54277
54279
54280
54293
54301
54305
54316
54321
54347
54381
54389
54395
54396
54402
54410
54411
54431
54450
54456
54463
54465
54516
54526
54538
54540
54562
54569
54577
54585
54594
54611
54618
54620
54622
54626
54630
54641
54646
54660
54661
54662
54681
54686
54689
54693
54709
54725
54733
54754
54759
54762
54765
54765
54773
54778
54791
54811
54823
54830
54841
54842
54855
54871
54884
54924
54932
54934
54951
54954
54955
54959
54974
54978
54983
54984
54995
55004
55050
55057
55062
55062
55070
55081
55095
55099
55124
55128
55129
55139
55181
55188
55206
55220
55227
55228
55237
55238
55283
55297
55303
55320
55322
55322
55350
55366
55387
55398
55406
55406
55431
55433
55455
55460
55463
55474
55500
55527
55539
55559
55569
55577
55593
55607
55629
55634
55636
55654
55681
55693
55705
55712
55751
55754
55782
55816
55830
55843
55856
55863
55863
55865
55871
55885
55894
55904
55934
55947
55953
55964
55969
55974
55994
55997
56002
56044
56047
56052
56053
56056
56070
56075
56082
56093
56102
56104
56105
56110
56119
56148
56151
56158
56163
56167
56172
56182
56185
56202
56206
56207
56208
56215
56223
56227
56250
56258
56264
56278
56279
56280
56282
56282
56287
56288
56295
56311
56318
56349
56350
56371
56385
56386
56388
56403
56405
56429
56460
56470
56489
56516
56519
56519
56526
56541
56550
56570
56581
56581
56611
56619
56622
56634
56651
56660
56661
56684
56685
56708
56729
56730
56752
56760
56764
56766
56766
56769
56772
56794
56794
56797
56808
56811
56830
56886
56886
56922
56927
56940
56955
56963
56977
56989
56992
57006
57023
57026
57028
57072
57073
57073
57083
57085
57092
57094
57103
57115
57118
57148
57149
57157
57158
57164
57188
57214
57222
57246
57255
57255
57257
57261
57271
57273
57283
57287
57289
57310
57348
57352
57354
57387
57394
57402
57406
57409
57410
57410
57444
57458
57464
57485
57485
57506
57513
57535
57539
57545
57553
57560
57564
57569
57573
57595
57601
57606
57612
57619
57628
57649
57654
57662
57672
57672
57684
57685
57711
57714
57722
57758
57758
57764
57805
57806
57808
57810
57816
57824
57833
57844
57849
57850
57863
57879
57896
57901
57919
57934
57936
57940
57948
57956
57971
57972
57975
57977
57987
58020
58025
58067
58081
58086
58107
58112
58113
58114
58120
58120
58136
58137
58147
58158
58176
58180
58183
58211
58217
58218
58224
58237
58252
58254
58349
58365
58381
58385
58400
58419
58431
58431
58474
58478
58483
58484
58488
58494
58509
58520
58553
58560
58562
58567
58594
58597
58628
58643
58693
58702
58714
58721
58722
58730
58734
58743
58759
58766
58774
58801
58803
58818
58829
58851
58854
58866
58869
58891
58899
58914
58923
58929
58931
58932
58966
58970
59013
59031
59039
59042
59067
59081
59082
59094
59104
59116
59123
59125
59127
59128
59136
59143
59166
59178
59197
59198
59198
59199
59213
59229
59264
59272
59273
59280
59296
59307
59307
59311
59312
59314
59317
59319
59332
59365
59384
59397
59401
59417
59419
59420
59440
59442
59463
59485
59497
59503
59506
59507
59519
59526
59537
59546
59572
59575
59576
59598
59603
59605
59613
59644
59669
59679
59697
59715
59715
59724
59741
59757
59771
59781
59781
59789
59799
59812
59827
59839
59851
59859
59876
59885
59914
59922
59923
59930
59959
59972
59987
59999
60018
60038
60065
60074
60080
60083
60103
60104
60105
60123
60129
60148
60150
60152
60170
60181
60183
60218
60236
60238
60260
60269
60275
60278
60339
60342
60350
60359
60393
60399
60400
60440
60456
60471
60476
60500
60507
60514
60521
60542
60561
60585
60592
60596
60600
60613
60622
60631
60645
60655
60688
60695
60695
60713
60719
60723
60731
60739
60741
60758
60762
60770
60780
60794
60796
60813
60837
60869
60884
60891
60893
60894
60903
60904
60906
60921
60924
60955
60955
60972
60985
60990
60993
61011
61014
61029
61032
61034
61048
61110
61110
61121
61129
61140
61153
61156
61178
61181
61188
61193
61197
61218
61221
61234
61237
61250
61274
61303
61308
61314
61338
61342
61345
61357
61361
61362
61385
61395
61405
61452
61471
61497
61502
61512
61512
61514
61522
61526
61552
61552
61574
61575
61581
61584
61601
61610
61616
61634
61640
61665
61677
61690
61705
61745
61748
61780
61792
61800
61802
61820
61860
61864
61872
61887
61911
61924
61931
61981
61982
61998
62000
62001
62006
62016
62021
62029
62033
62049
62063
62082
62094
62141
62150
62152
62158
62158
62160
62173
62185
62196
62228
62240
62246
62265
62284
62334
62336
62343
62358
62368
62373
62376
62379
62397
62403
62408
62415
62452
62457
62475
62486
62511
62512
62516
62520
62527
62534
62548
62548
62576
62588
62588
62594
62595
62607
62618
62653
62654
62700
62712
62716
62718
62731
62731
62768
62798
62831
62833
62836
62842
62850
62870
62880
62890
62892
62898
62910
62913
62922
62927
62927
62929
62952
62954
62957
62965
62988
63013
63023
63024
63024
63047
63051
63056
63116
63118
63129
63138
63150
63158
63159
63186
63192
63194
63200
63208
63234
63261
63262
63286
63343
63348
63387
63388
63389
63395
63418
63423
63447
63453
63459
63460
63472
63473
63488
63510
63571
63589
63607
63609
63613
63615
63627
63644
63660
63686
63722
63728
63733
63733
63749
63760
63767
63775
63781
63782
63794
63842
63843
63845
63845
63865
63867
63889
63911
63915
63952
63990
64007
64019
64021
64027
64032
64047
64061
64061
64064
64081
64087
64089
64090
64113
64121
64132
64155
64173
64184
64197
64204
64212
64216
64242
64252
64266
64272
64274
64276
64278
64296
64308
64311
64338
64355
64358
64366
64381
64388
64407
64428
64441
64443
64448
64449
64450
64452
64460
64481
64497
64505
64505
64508
64517
64522
64526
64529
64553
64553
64554
64558
64563
64570
64573
64588
64637
64650
64657
64684
64693
64755
64769
64776
64791
64792
64813
64825
64842
64845
64856
64856
64870
64874
64885
64885
64890
64920
64922
64924
64949
64955
64988
64991
64992
64993
65003
65018
65059
65088
65094
65109
65119
65119
65122
65125
65141
65143
65149
65163
65168
65199
65218
65220
65245
65249
65250
65262
65282
65289
65302
65302
65322
65327
65332
65364
65365
65385
65400
65400
65402
65418
65429
65434
65464
65515
65536
65555
65555
65561
65570
65581
65590
65611
65627
65628
65642
65672
65693
65700
65715
65727
65727
65728
65732
65749
65759
65763
65767
65768
65770
65794
65796
65802
65812
65825
65829
65852
65861
65869
65883
65888
65889
65893
65895
65923
65937
65950
65951
65987
65987
66002
66009
66046
66075
66078
66085
66103
66104
66116
66121
66127
66134
66142
66149
66162
66166
66174
66177
66182
66207
66227
66228
66233
66252
66267
66277
66279
66289
66301
66311
66323
66328
66345
66389
66396
66402
66405
66415
66429
66466
66476
66477
66494
66501
66505
66525
66529
66540
66544
66545
66550
66551
66551
66559
66560
66565
66591
66596
66615
66634
66657
66703
66710
66721
66732
66732
66754
66754
66766
66783
66794
66797
66802
66810
66822
66840
66857
66879
66882
66884
66887
66910
66913
66921
66944
66948
66948
66949
66975
66991
66998
67008
67012
67028
67037
67038
67043
67049
67054
67057
67059
67096
67098
67138
67144
67179
67221
67231
67237
67257
67257
67269
67269
67271
67274
67278
67278
67365
67370
67372
67375
67381
67384
67409
67422
67432
67442
67444
67470
67488
67493
67511
67551
67551
67556
67556
67561
67571
67574
67577
67601
67602
67606
67613
67622
67633
67637
67642
67652
67667
67675
67676
67691
67701
67701
67723
67727
67737
67764
67777
67809
67829
67833
67852
67858
67866
67871
67871
67874
67875
67878
67882
67886
67890
67892
67901
67933
67938
67954
67956
67977
68024
68025
68034
68038
68042
68058
68073
68075
68086
68112
68122
68126
68131
68140
68144
68153
68171
68173
68190
68228
68239
68240
68261
68262
68265
68279
68290
68292
68295
68305
68313
68338
68338
68350
68352
68353
68361
68366
68389
68391
68402
68413
68422
68424
68429
68443
68451
68454
68465
68476
68484
68495
68497
68498
68503
68534
68555
68562
68562
68582
68584
68585
68594
68614
68622
68634
68648
68669
68679
68690
68710
68714
68715
68727
68756
68767
68768
68793
68802
68807
68812
68831
68843
68855
68867
68871
68903
68930
68951
68966
69006
69044
69045
69058
69059
69060
69082
69084
69090
69105
69106
69111
69122
69150
69169
69183
69198
69219
69261
69284
69284
69301
69301
69301
69321
69332
69354
69361
69366
69366
69377
69391
69395
69433
69455
69489
69497
69531
69553
69557
69587
69607
69608
69644
69645
69646
69656
69660
69676
69689
69706
69743
