5
12
16
21
28
45
69
79
80
99
102
110
111
120
120
122
125
140
141
152
166
167
169
173
177
178
194
208
236
241
246
250
254
266
270
274
279
293
294
298
303
306
307
308
311
316
323
359
374
383
390
395
396
403
413
417
422
422
433
435
443
456
461
462
474
480
488
491
509
512
519
532
532
533
538
547
551
551
559
559
564
567
569
580
581
595
599
606
614
632
638
645
656
661
670
670
676
685
700
701
707
709
714
717
718
728
729
750
752
774
775
785
788
802
824
828
830
842
848
849
853
869
887
894
920
922
923
929
941
943
949
968
968
973
1019
1026
1027
1032
1033
1035
1043
1050
1056
1061
1062
1067
1075
1080
1085
1086
1093
1093
1096
1115
1119
1130
1136
1139
1170
1170
1186
1188
1188
1208
1216
1216
1218
1226
1236
1247
1257
1263
1265
1266
1289
1289
1294
1294
1296
1304
1322
1324
1330
1340
1354
1363
1371
1371
1373
1374
1375
1377
1378
1387
1389
1409
1414
1415
1450
1459
1468
1480
1491
1499
1521
1531
1531
1532
1532
1538
1557
1557
1567
1578
1597
1615
1629
1632
1654
1655
1668
1670
1675
1699
1699
1700
1706
1708
1727
1741
1751
1752
1753
1753
1755
1756
1767
1790
1791
1795
1818
1821
1834
1834
1836
1852
1854
1858
1866
1872
1873
1886
1892
1900
1902
1903
1908
1913
1917
1921
1927
1943
1947
1961
1962
1965
1968
1976
1979
2020
2021
2025
2039
2057
2059
2062
2073
2090
2109
2131
2134
2138
2138
2142
2142
2181
2193
2212
2238
2247
2250
2256
2263
2263
2272
2278
2280
2281
2287
2292
2296
2298
2309
2332
2345
2358
2362
2372
2383
2390
2398
2402
2416
2427
2432
2432
2438
2441
2449
2450
2452
2461
2469
2483
2484
2496
2501
2508
2513
2519
2530
2530
2537
2537
2549
2552
2568
2569
2573
2577
2597
2597
2598
2601
2604
2605
2605
2610
2611
2613
2616
2630
2633
2642
2643
2654
2655
2658
2665
2667
2668
2672
2681
2684
2685
2728
2734
2742
2744
2750
2750
2773
2778
2780
2781
2790
2793
2796
2798
2798
2808
2820
2825
2826
2830
2854
2858
2869
2874
2887
2902
2906
2907
2909
2919
2921
2922
2936
2951
2957
2964
2966
2976
2977
2981
2992
2992
2999
3009
3019
3051
3052
3053
3060
3061
3070
3075
3075
3081
3081
3082
3082
3089
3092
3095
3097
3097
3103
3110
3111
3114
3115
3117
3123
3125
3126
3128
3129
3129
3158
3167
3178
3188
3209
3212
3224
3228
3231
3232
3240
3251
3252
3255
3268
3280
3294
3294
3300
3301
3309
3313
3316
3336
3341
3344
3352
3362
3373
3375
3376
3377
3394
3400
3406
3409
3411
3413
3416
3443
3447
3453
3464
3464
3465
3476
3482
3488
3492
3500
3503
3511
3524
3528
3542
3544
3550
3554
3557
3572
3602
3604
3605
3610
3617
3628
3632
3633
3644
3654
3655
3667
3670
3673
3705
3708
3721
3727
3732
3737
3743
3763
3766
3767
3778
3787
3789
3806
3815
3819
3823
3827
3839
3840
3857
3860
3866
3872
3874
3888
3888
3899
3903
3923
3936
3937
3942
3951
3952
3953
3967
3972
3984
3998
4002
4009
4027
4033
4059
4069
4085
4085
4104
4116
4125
4135
4143
4160
4167
4172
4180
4183
4198
4203
4230
4237
4250
4251
4252
4254
4274
4277
4280
4284
4285
4285
4312
4317
4323
4323
4324
4326
4334
4337
4341
4342
4347
4383
4388
4388
4391
4393
4402
4406
4416
4422
4425
4427
4444
4446
4453
4454
4455
4470
4470
4478
4481
4485
4485
4487
4491
4504
4511
4524
4532
4534
4535
4549
4550
4552
4560
4564
4566
4581
4588
4590
4603
4604
4622
4623
4633
4633
4646
4697
4702
4711
4714
4718
4720
4722
4723
4730
4747
4765
4766
4773
4798
4808
4818
4823
4836
4848
4853
4854
4862
4874
4878
4884
4893
4898
4901
4902
4904
4904
4904
4907
4918
4922
4962
4965
4978
4999
5002
5006
5008
5010
5010
5015
5031
5039
5046
5065
5072
5085
5089
5099
5102
5105
5105
5106
5114
5118
5140
5150
5172
5195
5195
5231
5232
5234
5244
5258
5259
5259
5270
5287
5298
5298
5305
5307
5325
5338
5341
5347
5358
5358
5367
5379
5387
5388
5403
5445
5447
5451
5459
5469
5471
5473
5478
5493
5493
5497
5497
5514
5514
5516
5526
5547
5558
5560
5582
5602
5604
5626
5631
5636
5643
5648
5649
5650
5652
5652
5653
5660
5676
5681
5685
5685
5696
5706
5706
5714
5737
5758
5764
5765
5766
5768
5776
5778
5785
5786
5788
5790
5790
5854
5854
5864
5868
5873
5876
5881
5898
5898
5922
5926
5931
5956
5962
5962
5965
5968
5970
5977
5985
5987
5991
6010
6014
6014
6018
6020
6033
6057
6064
6074
6075
6084
6087
6114
6121
6129
6137
6156
6163
6178
6198
6202
6208
6215
6221
6227
6239
6241
6249
6250
6254
6259
6266
6274
6281
6282
6287
6297
6310
6310
6316
6322
6327
6337
6350
6369
6374
6392
6397
6406
6413
6415
6419
6422
6436
6451
6455
6460
6470
6473
6497
6497
6497
6499
6503
6513
6519
6537
6565
6567
6568
6570
6573
6574
6585
6587
6609
6611
6617
6622
6624
6633
6637
6640
6641
6666
6674
6676
6677
6682
6694
6695
6713
6725
6735
6748
6752
6759
6770
6772
6778
6787
6792
6794
6797
6816
6821
6823
6826
6838
6839
6842
6861
6862
6862
6864
6870
6870
6873
6883
6888
6893
6896
6909
6910
6915
6918
6920
6921
6930
6931
6943
6947
6949
6957
6962
6983
6984
7000
7002
7004
7004
7024
7025
7033
7037
7039
7039
7047
7047
7060
7065
7074
7084
7087
7126
7138
7143
7156
7172
7176
7176
7183
7185
7195
7205
7213
7232
7242
7247
7267
7269
7274
7283
7300
7302
7311
7340
7340
7343
7346
7354
7357
7361
7364
7382
7386
7398
7407
7414
7417
7425
7436
7449
7449
7449
7454
7461
7467
7469
7477
7478
7481
7494
7497
7513
7517
7525
7527
7529
7533
7536
7545
7545
7550
7559
7561
7572
7572
7586
7592
7594
7615
7616
7617
7621
7626
7632
7647
7673
7675
7689
7692
7717
7717
7733
7746
7758
7759
7765
7775
7780
7782
7788
7799
7813
7833
7847
7861
7867
7898
7899
7917
7932
7941
7942
7943
7945
7971
7982
7987
7991
7996
8003
8007
8014
8026
8027
8033
8036
8038
8043
8048
8050
8051
8069
8077
8086
8093
8112
8113
8146
8155
8158
8164
8169
8169
8181
8191
8196
8198
8200
8204
8214
8222
8233
8246
8276
8281
8296
8298
8300
8304
8309
8314
8316
8316
8318
8327
8341
8347
8352
8355
8362
8375
8378
8404
8416
8422
8427
8430
8433
8450
8452
8454
8458
8470
8477
8482
8496
8522
8547
8555
8563
8576
8576
8586
8587
8589
8594
8596
8599
8602
8611
8619
8620
8621
8622
8634
8644
8656
8660
8703
8705
8709
8713
8738
8738
8746
8748
8751
8761
8765
8765
8766
8767
8770
8782
8789
8794
8796
8803
8808
8813
8813
8815
8820
8835
8842
8842
8848
8851
8852
8857
8859
8863
8886
8894
8899
8907
8908
8934
8937
8942
8949
8959
8969
8974
8976
8988
8996
8998
9002
9005
9006
9018
9041
9050
9055
9056
9060
9063
9076
9076
9085
9102
9110
9117
9118
9119
9122
9133
9147
9155
9167
9172
9180
9182
9192
9196
9205
9207
9219
9225
9225
9228
9231
9240
9240
9246
9246
9266
9268
9281
9300
9300
9315
9323
9327
9327
9348
9351
9360
9362
9385
9389
9403
9419
9420
9444
9447
9464
9466
9475
9495
9496
9510
9514
9517
9518
9531
9546
9553
9553
9557
9576
9578
9580
9581
9634
9646
9655
9657
9660
9668
9689
9691
9696
9701
9708
9717
9729
9738
9739
9749
9754
9755
9763
9767
9771
9779
9790
9811
9815
9829
9831
9845
9845
9849
9852
9852
9853
9874
9875
9875
9879
9884
9885
9888
9892
9898
9903
9909
9914
9920
9924
9925
9931
9933
9933
9952
9954
9962
9964
9968
9968
9971
9981
9991
10010
10017
10018
10020
10033
10048
10051
10056
10061
10081
10085
10091
10102
10105
10111
10114
10121
10122
10136
10143
10145
10149
10160
10167
10174
10204
10219
10225
10245
10246
10250
10262
10280
10280
10283
10287
10291
10293
10305
10309
10311
10321
10322
10326
10330
10333
10341
10346
10347
10356
10363
10376
10379
10402
10409
10409
10410
10416
10427
10435
10451
10462
10467
10467
10485
10492
10494
10497
10518
10519
10545
10549
10551
10562
10562
10564
10573
10589
10592
10597
10606
10610
10636
10649
10652
10655
10657
10659
10660
10663
10665
10681
10684
10700
10701
10713
10723
10725
10733
10737
10737
10738
10741
10746
10748
10750
10751
10754
10763
10780
10796
10799
10813
10821
10822
10824
10828
10843
10847
10849
10857
10859
10873
10873
10886
10889
10895
10898
10913
10915
10923
10924
10929
10930
10941
10952
10954
10968
10971
10988
10999
11012
11030
11033
11034
11055
11057
11070
11074
11076
11081
11092
11093
11099
11109
11122
11135
11156
11160
11171
11171
11175
11202
11203
11204
11213
11216
11217
11218
11221
11239
11240
11254
11260
11261
11278
11280
11292
11293
11299
11304
11305
11327
11327
11330
11348
11355
11357
11366
11374
11377
11378
11382
11389
11394
11395
11398
11407
11409
11410
11443
11445
11446
11446
11450
11456
11456
11460
11462
11466
11470
11487
11487
11491
11493
11506
11510
11512
11518
11522
11525
11526
11531
11534
11534
11535
11549
11554
11556
11564
11573
11575
11575
11576
11594
11595
11596
11597
11614
11615
11618
11631
11641
11643
11648
11675
11678
11686
11687
11691
11710
11726
11726
11776
11778
11787
11790
11790
11802
11805
11814
11817
11839
11843
11845
11850
11884
11885
11888
11889
11892
11895
11897
11899
11913
11915
11926
11927
11930
11946
11952
11953
11956
11971
11972
12000
12002
12004
12008
12015
12016
12022
12024
12025
12026
12033
12036
12049
12053
12061
12068
12069
12070
12072
12091
12098
12104
12115
12120
12151
12153
12180
12181
12195
12211
12216
12219
12248
12257
12258
12283
12288
12294
12297
12309
12320
12326
12329
12343
12359
12360
12365
12371
12373
12378
12383
12385
12403
12409
12411
12412
12416
12421
12422
12428
12428
12435
12441
12443
12444
12460
12463
12463
12473
12482
12489
12489
12500
12501
12503
12523
12534
12537
12549
12557
12561
12567
12581
12582
12587
12590
12602
12614
12617
12625
12641
12641
12649
12668
12669
12676
12679
12685
12691
12693
12694
12697
12708
12720
12724
12726
12735
12740
12744
12747
12748
12761
12765
12778
12786
12797
12798
12808
12811
12811
12826
12833
12836
12843
12845
12857
12879
12887
12887
12888
12891
12899
12900
12902
12911
12926
12932
12938
12959
12976
12977
12984
12996
13001
13029
13031
13038
13044
13066
13073
13085
13088
13099
13110
13111
13113
13120
13125
13129
13156
13166
13169
13175
13177
13226
13238
13254
13262
13267
13285
13308
13312
13312
13314
13317
13317
13328
13333
13335
13341
13347
13350
13352
13352
13353
13369
13379
13381
13386
13387
13387
13392
13394
13404
13412
13418
13419
13420
13423
13429
13432
13433
13446
13446
13448
13461
13462
13462
13466
13472
13474
13488
13493
13497
13498
13498
13504
13505
13506
13512
13524
13528
13528
13532
13538
13539
13543
13549
13553
13575
13576
13582
13591
13598
13603
13604
13607
13633
13636
13642
13661
13676
13687
13689
13700
13705
13729
13730
13736
13744
13771
13777
13784
13804
13812
13814
13819
13823
13824
13848
13855
13856
13858
13859
13906
13909
13914
13916
13917
13918
13927
13939
13952
13954
13956
13956
13964
13965
13974
13978
13979
13987
13990
13992
13995
14008
14035
14038
14047
14051
14052
14054
14054
14055
14056
14056
14080
14087
14093
14095
14109
14124
14138
14140
14143
14144
14145
14171
14175
14180
14190
14197
14206
14217
14218
14222
14228
14230
14235
14236
14238
14253
14253
14259
14265
14270
14280
14304
14306
14307
14316
14326
14330
14335
14352
14354
14368
14375
14388
14396
14400
14407
14429
14437
14437
14440
14450
14464
14471
14471
14474
14477
14486
14488
14495
14495
14501
14504
14518
14519
14527
14531
14537
14537
14539
14546
14549
14566
14567
14573
14574
14579
14584
14593
14613
14626
14642
14643
14649
14654
14657
14675
14698
14708
14715
14722
14726
14728
14739
14744
14782
14783
14785
14804
14818
14819
14825
14830
14833
14842
14855
14868
14885
14895
14897
14908
14910
14911
14911
14914
14921
14924
14964
14973
14987
14990
14998
15000
15004
15007
15017
15024
15025
15030
15033
15035
15048
15054
15076
15077
15078
15083
15089
15089
15101
15105
15108
15117
15128
15135
15135
15138
15139
15142
15145
15146
15151
15170
15179
15191
15196
15206
15211
15213
15216
15220
15220
15222
15234
15260
15261
15272
15273
15274
15278
15284
15291
15293
15294
15302
15312
15314
15322
15323
15335
15347
15350
15366
15366
15371
15379
15386
15386
15395
15399
15402
15406
15411
15442
15447
15448
15469
15471
15476
15490
15492
15510
15536
15544
15551
15557
15559
15568
15572
15588
15600
15607
15623
15626
15632
15634
15634
15635
15636
15640
15640
15647
15663
15680
15686
15689
15690
15692
15695
15698
15721
15723
15725
15726
15729
15729
15770
15776
15777
15796
15812
15813
15816
15820
15821
15835
15853
15858
15859
15871
15872
15876
15884
15886
15891
15892
15895
15899
15905
15910
15914
15914
15914
15920
15923
15930
15948
15961
15963
15967
15987
15988
15999
16009
16018
16032
16041
16044
16045
16045
16048
16050
16052
16058
16061
16064
16068
16070
16111
16114
16117
16132
16135
16138
16144
16151
16152
16154
16156
16168
16172
16176
16185
16196
16203
16204
16207
16212
16217
16223
16227
16234
16244
16248
16313
16318
16318
16323
16324
16325
16334
16336
16337
16347
16351
16357
16366
16367
16375
16377
16386
16399
16402
16420
16436
16436
16452
16453
16460
16473
16477
16483
16504
16505
16505
16506
16510
16513
16520
16522
16526
16546
16569
16577
16586
16595
16596
16600
16602
16613
16626
16628
16631
16652
16653
16661
16680
16684
16688
16692
16694
16707
16716
16722
16725
16727
16734
16736
16736
16744
16758
16761
16772
16773
16793
16799
16802
16809
16810
16811
16835
16847
16852
16856
16858
16864
16876
16879
16885
16894
16900
16904
16909
16913
16915
16918
16918
16920
16945
16953
16960
16960
16964
16972
16974
16994
16997
17004
17009
17009
17013
17025
17041
17049
17060
17090
17091
17114
17118
17124
17142
17153
17159
17159
17161
17165
17171
17171
17173
17174
17174
17177
17182
17186
17187
17193
17211
17213
17216
17239
17243
17270
17277
17280
17291
17304
17318
17323
17323
17337
17341
17343
17356
17361
17362
17373
17377
17380
17393
17397
17405
17406
17409
17425
17431
17439
17443
17443
17444
17461
17463
17477
17495
17500
17500
17509
17519
17522
17525
17529
17532
17556
17561
17565
17574
17581
17592
17618
17622
17623
17632
17638
17646
17648
17650
17652
17655
17664
17670
17684
17688
17695
17704
17717
17726
17732
17741
17751
17752
17763
17765
17776
17776
17788
17789
17791
17806
17807
17808
17811
17825
17828
17831
17833
17839
17854
17861
17875
17888
17889
17895
17895
17899
17913
17917
17929
17946
17952
17953
18013
18023
18031
18034
18035
18041
18053
18056
18058
18059
18059
18066
18081
18090
18098
18099
18101
18121
18127
18143
18149
18180
18184
18191
18192
18197
18199
18200
18224
18230
18242
18244
18246
18248
18253
18269
18271
18281
18286
18316
18324
18329
18329
18339
18340
18343
18351
18354
18357
18361
18373
18373
18377
18378
18379
18380
18381
18392
18395
18396
18402
18402
18422
18425
18427
18428
18437
18437
18450
18451
18454
18457
18465
18478
18483
18500
18509
18534
18549
18553
18558
18559
18568
18571
18573
18590
18599
18603
18642
18642
18644
18686
18698
18701
18702
18703
18704
18721
18723
18743
18749
18750
18751
18759
18763
18765
18768
18771
18773
18775
18779
18781
18789
18818
18822
18827
18831
18838
18840
18855
18875
18886
18889
18889
18892
18909
18918
18922
18949
18955
18991
18994
18996
19006
19010
19012
19013
19014
19022
19033
19039
19058
19074
19080
19088
19092
19094
19108
19137
19137
19139
19140
19148
19149
19153
19161
19171
19173
19181
19198
19199
19204
19216
19235
19239
19239
19255
19257
19262
19273
19275
19284
19290
19303
19305
19314
19323
19333
19339
19345
19354
19354
19359
19382
19402
19404
19413
19419
19442
19454
19455
19455
19456
19460
19480
19503
19506
19507
19536
19557
19567
19570
19574
19576
19581
19615
19616
19617
19623
19624
19630
19640
19647
19653
19655
19663
19677
19683
19687
19689
19692
19693
19694
19695
19697
19699
19702
19723
19727
19728
19730
19738
19738
19749
19756
19787
19789
19797
19798
19799
19803
19806
19815
19815
19818
19825
19838
19841
19855
19863
19888
19891
19935
19939
19949
19949
19951
19959
19976
19987
19996
20001
20023
20046
20050
20052
20061
20071
20075
20080
20086
20086
20106
20109
20112
20127
20133
20137
20140
20152
20153
20154
20171
20175
20181
20193
20193
20197
20198
20202
20202
20224
20242
20246
20253
20260
20278
20288
20288
20289
20317
20328
20333
20349
20355
20358
20362
20370
20389
20396
20396
20400
20403
20404
20405
20419
20445
20446
20457
20467
20474
20478
20482
20486
20488
20491
20494
20501
20506
20506
20507
20531
20535
20538
20545
20548
20552
20570
20576
20582
20592
20594
20596
20597
20600
20617
20641
20666
20682
20703
20713
20714
20720
20740
20756
20756
20763
20772
20772
20784
20787
20788
20796
20799
20808
20815
20824
20827
20842
20844
20868
20874
20878
20883
20887
20889
20896
20912
20917
20929
20931
20937
20945
20969
20970
20973
20981
21001
21010
21011
21037
21039
21048
21049
21052
21076
21087
21094
21110
21112
21114
21114
21134
21148
21151
21155
21159
21165
21170
21177
21183
21185
21187
21207
21212
21216
21223
21228
21237
21238
21244
21258
21273
21280
21280
21293
21295
21299
21306
21325
21330
21348
21352
21354
21362
21366
21367
21369
21372
21389
21395
21399
21401
21403
21410
21410
21412
21428
21434
21437
21452
21458
21473
21488
21494
21498
21504
21504
21509
21514
21526
21532
21539
21547
21582
21590
21598
21604
21610
21612
21631
21631
21634
21647
21652
21654
21659
21661
21661
21667
21669
21676
21680
21681
21684
21690
21690
21691
21694
21702
21703
21704
21705
21706
21708
21709
21725
21750
21751
21757
21759
21770
21781
21799
21802
21809
21810
21811
21819
21828
21836
21839
21877
21879
21881
21881
21887
21892
21905
21908
21910
21913
21916
21919
21926
21935
21945
21949
21950
21952
21953
21954
21958
21968
21975
21980
21981
21993
22016
22019
22020
22057
22059
22068
22073
22079
22080
22085
22096
22104
22118
22120
22125
22133
22138
22156
22157
22159
22172
22191
22197
22200
22207
22210
22226
22242
22244
22247
22264
22267
22276
22296
22297
22298
22300
22309
22311
22333
22337
22338
22343
22358
22360
22361
22362
22365
22365
22366
22374
22377
22378
22389
22389
22407
22410
22417
22428
22436
22442
22468
22469
22471
22480
22490
22490
22494
22508
22510
22521
22524
22528
22529
22534
22534
22537
22540
22554
22554
22556
22571
22603
22623
22628
22629
22634
22636
22636
22640
22644
22658
22664
22680
22690
22697
22700
22706
22709
22717
22725
22735
22752
22758
22761
22783
22789
22799
22812
22815
22819
22824
22851
22856
22862
22886
22904
22912
22915
22915
22918
22928
22937
22941
22942
22947
22953
22971
22979
22982
22999
23011
23012
23015
23022
23024
23025
23026
23060
23062
23065
23071
23080
23088
23096
23101
23107
23117
23146
23158
23170
23174
23183
23189
23193
23196
23197
23207
23246
23257
23276
23285
23287
23291
23302
23306
23307
23314
23338
23339
23342
23347
23350
23352
23356
23367
23371
23374
23377
23390
23393
23394
23400
23401
23408
23415
23431
23435
23442
23443
23446
23477
23481
23492
23511
23512
23515
23521
23522
23542
23559
23569
23584
23595
23605
23629
23641
23642
23645
23666
23674
23675
23679
23682
23685
23687
23700
23705
23728
23730
23744
23758
23769
23777
23777
23784
23789
23792
23793
23794
23799
23801
23802
23807
23839
23855
23869
23870
23874
23879
23883
23884
23895
23896
23898
23900
23903
23933
23943
23943
23948
23954
23954
23963
23965
23967
23969
23970
23978
23980
23991
24012
24016
24039
24044
24049
24050
24053
24074
24081
24084
24088
24090
24098
24105
24111
24114
24119
24123
24131
24142
24144
24146
24177
24180
24190
24196
24196
24223
24228
24234
24251
24256
24264
24267
24276
24282
24282
24284
24297
24298
24300
24304
24316
24318
24320
24324
24325
24330
24336
24339
24339
24351
24365
24367
24388
24408
24412
24412
24425
24430
24433
24436
24449
24463
24469
24476
24517
24518
24523
24544
24558
24572
24578
24583
24584
24592
24593
24603
24607
24631
24634
24638
24640
24649
24671
24673
24681
24691
24698
24702
24713
24714
24721
24723
24724
24727
24735
24735
24739
24743
24762
24765
24770
24771
24772
24784
24796
24796
24806
24810
24816
24824
24825
24833
24836
24843
24850
24866
24867
24872
24875
24882
24884
24906
24908
24910
24910
24915
24925
24945
24952
24957
24964
24966
24966
24967
24970
24982
24984
24998
25004
25005
25005
25007
25023
25023
25026
25029
25035
25039
25050
25050
25051
25053
25060
25072
25073
25075
25084
25090
25115
25116
25130
25136
25137
25141
25145
25145
25145
25148
25161
25172
25178
25182
25197
25215
25217
25220
25226
25229
25246
25250
25252
25264
25265
25281
25286
25289
25298
25312
25320
25321
25325
25327
25333
25342
25349
25374
25383
25387
25389
25391
25391
25404
25412
25423
25425
25425
25426
25432
25433
25443
25443
25458
25466
25468
25493
25530
25532
25547
25562
25563
25585
25590
25592
25596
25606
25606
25611
25625
25626
25666
25672
25682
25726
25728
25734
25734
25740
25749
25754
25755
25764
25766
25769
25774
25774
25777
25796
25799
25799
25805
25809
25815
25816
25828
25828
25835
25848
25859
25877
25891
25895
25903
25908
25914
25917
25920
25922
25925
25933
25941
25950
25962
25968
25969
25979
25983
26009
26014
26015
26026
26030
26034
26052
26055
26060
26062
26063
26065
26073
26074
26096
26114
26130
26139
26142
26150
26153
26156
26165
26167
26167
26184
26196
26203
26217
26219
26246
26247
26247
26248
26250
26251
26263
26263
26267
26268
26288
26294
26299
26304
26321
26340
26343
26355
26370
26372
26375
26379
26383
26402
26411
26420
26425
26436
26452
26455
26457
26468
26480
26481
26488
26497
26498
26509
26512
26516
26530
26547
26549
26554
26562
26576
26581
26588
26589
26592
26592
26597
26598
26600
26601
26618
26623
26628
26631
26642
26646
26646
26651
26652
26658
26660
26662
26662
26666
26670
26677
26679
26690
26694
26702
26704
26707
26741
26744
26749
26756
26761
26791
26801
26808
26812
26814
26819
26842
26851
26860
26869
26873
26873
26875
26884
26885
26900
26903
26905
26907
26915
26929
26936
26938
26962
26968
26971
26973
26975
26978
26978
26987
26987
26997
26998
27003
27006
27021
27025
27025
27030
27033
27042
27056
27059
27064
27069
27074
27080
27087
27098
27111
27111
27123
27124
27130
27137
27143
27152
27152
27152
27157
27159
27161
27166
27192
27192
27196
27199
27206
27209
27209
27217
27223
27239
27245
27256
27262
27264
27277
27296
27309
27311
27312
27315
27331
27345
27353
27356
27361
27371
27375
27379
27386
27387
27396
27400
27408
27410
27423
27427
27429
27434
27435
27441
27443
27451
27465
27468
27470
27477
27486
27487
27487
27490
27497
27500
27509
27524
27524
27536
27536
27546
27551
27557
27562
27566
27587
27623
27626
27628
27628
27635
27639
27652
27654
27657
27663
27669
27669
27671
27674
27675
27691
27698
27704
27705
27724
27748
27754
27774
27775
27791
27794
27802
27813
27825
27829
27845
27851
27862
27863
27870
27874
27875
27880
27893
27893
27896
27909
27926
27936
27937
27941
27942
27944
27945
27954
27967
27973
28005
28012
28017
28018
28029
28032
28038
28043
28047
28056
28065
28076
28082
28088
28089
28094
28095
28102
28121
28134
28135
28137
28138
28141
28151
28153
28165
28173
28174
28178
28191
28215
28217
28219
28219
28237
28240
28240
28266
28268
28271
28278
28280
28285
28287
28293
28307
28317
28324
28325
28327
28327
28328
28334
28340
28351
28352
28353
28359
28375
28378
28388
28392
28394
28398
28400
28403
28403
28405
28406
28420
28421
28421
28446
28454
28460
28481
28487
28487
28490
28494
28505
28506
28509
28509
28516
28524
28528
28528
28536
28538
28548
28551
28552
28565
28566
28575
28583
28585
28591
28602
28603
28603
28624
28632
28638
28638
28639
28668
28669
28689
28699
28703
28722
28731
28762
28777
28783
28785
28788
28792
28814
28827
28832
28838
28843
28854
28854
28873
28881
28883
28911
28914
28929
28943
28952
28955
28968
28970
28981
28995
29002
29007
29011
29013
29022
29030
29043
29044
29063
29076
29085
29095
29102
29116
29122
29129
29145
29155
29158
29165
29167
29172
29177
29187
29193
29207
29208
29245
29247
29248
29248
29249
29254
29273
29278
29281
29282
29282
29284
29293
29299
29299
29305
29309
29314
29328
29344
29346
29356
29377
29380
29389
29395
29399
29405
29420
29427
29428
29429
29437
29439
29445
29460
29472
29481
29496
29506
29512
29514
29525
29527
29534
29547
29552
29553
29566
29571
29577
29579
29580
29585
29588
29588
29605
29622
29633
29650
29655
29657
29658
29677
29687
29691
29701
29702
29702
29704
29709
29740
29758
29762
29762
29791
29855
29860
29882
29885
29886
29890
29898
29903
29905
29911
29912
29913
29916
29917
29920
29942
29943
29943
29949
29951
29967
29968
29990
29994
30005
30013
30020
30031
30070
30073
30078
30080
30083
30098
30104
30111
30112
30123
30134
30136
30138
30144
30146
30163
30165
30171
30184
30196
30199
30204
30210
30221
30229
30233
30234
30238
30241
30245
30246
30247
30266
30278
30281
30288
30298
30300
30314
30315
30332
30351
30354
30394
30401
30403
30412
30422
30447
30452
30458
30460
30465
30472
30477
30490
30492
30495
30495
30511
30517
30524
30533
30534
30537
30556
30564
30569
30569
30579
30585
30595
30601
30605
30608
30610
30611
30613
30613
30618
30651
30657
30662
30662
30667
30674
30674
30675
30686
30694
30701
30704
30708
30711
30719
30739
30755
30766
30770
30780
30785
30793
30797
30799
30815
30818
30818
30819
30825
30830
30831
30840
30846
30853
30859
30859
30865
30867
30872
30874
30879
30884
30891
30901
30904
30906
30924
30927
30934
30946
30948
30948
30951
30961
30968
30973
30976
30979
30984
30994
31001
31002
31006
31007
31008
31017
31023
31056
31082
31092
31102
31115
31116
31119
31121
31133
31143
31144
31144
31145
31147
31157
31164
31176
31183
31186
31196
31207
31219
31254
31254
31260
31261
31263
31263
31272
31285
31304
31312
31318
31325
31331
31332
31334
31348
31375
31380
31385
31387
31405
31414
31418
31426
31428
31432
31437
31437
31439
31448
31451
31457
31497
31509
31510
31515
31517
31522
31527
31546
31551
31552
31557
31571
31572
31579
31580
31590
31595
31600
31604
31604
31614
31616
31621
31631
31652
31674
31682
31690
31692
31697
31707
31707
31721
31722
31755
31756
31767
31771
31778
31787
31794
31799
31800
31805
31809
31821
31833
31837
31839
31841
31853
31854
31859
31863
31865
31880
31897
31904
31919
31926
31935
31937
31944
31944
31944
31948
31952
31961
31964
31973
31973
32003
32011
32014
32021
32026
32041
32043
32044
32053
32061
32063
32065
32075
32081
32088
32092
32113
32142
32163
32166
32194
32211
32214
32219
32219
32245
32256
32270
32275
32278
32301
32304
32307
32312
32318
32329
32332
32337
32341
32349
32354
32361
32366
32372
32372
32373
32378
32381
32384
32397
32414
32416
32419
32437
32438
32439
32441
32475
32480
32481
32488
32503
32507
32526
32527
32535
32551
32561
32566
32570
32579
32591
32595
32602
32606
32606
32644
32654
32664
32674
32676
32677
32682
32686
32696
32696
32726
32728
32728
32729
32761
32764
32771
32778
32792
32796
32799
32827
32830
32835
32836
32846
32857
32870
32878
32883
32890
32894
32910
32917
32928
32940
32941
32942
32947
32953
32963
32963
32977
32980
32981
32986
32993
32999
33001
33013
33031
33042
33044
33045
33070
33081
33082
33102
33137
33154
33155
33159
33159
33162
33169
33175
33190
33197
33212
33213
33214
33241
33241
33246
33248
33253
33272
33279
33290
33293
33294
33299
33308
33316
33338
33340
33341
33381
33404
33407
33413
33436
33438
33443
33451
33453
33463
33467
33498
33509
33520
33528
33545
33551
33567
33567
33573
33578
33584
33586
33587
33608
33611
33623
33639
33640
33642
33656
33660
33662
33667
33681
33682
33686
33694
33724
33724
33725
33734
33736
33741
33749
33759
33761
33777
33778
33781
33792
33797
33801
33813
33825
33826
33841
33846
33854
33860
33893
33896
33897
33903
33912
33919
33920
33939
33956
33968
33969
33986
33995
33996
34003
34013
34021
34042
34053
34054
34062
34064
34065
34075
34080
34084
34097
34099
34104
34109
34111
34115
34119
34127
34131
34132
34149
34149
34153
34159
34169
34172
34174
34176
34178
34181
34182
34184
34184
34189
34202
34205
34206
34209
34211
34214
34223
34227
34229
34232
34232
34238
34240
34242
34244
34248
34250
34252
34252
34254
34261
34262
34263
34267
34268
34268
34271
34283
34291
34296
34297
34297
34297
34299
34311
34313
34315
34322
34333
34337
34342
34348
34353
34353
34353
34354
34354
34369
34393
34411
34420
34423
34427
34430
34438
34446
34449
34454
34464
34479
34487
34493
34500
34526
34545
34547
34549
34555
34556
34559
34560
34578
34581
34582
34597
34599
34601
34602
34606
34609
34612
34614
34615
34621
34633
34643
34654
34662
34666
34667
34676
34684
34691
34698
34707
34726
34733
34744
34744
34748
34755
34759
34763
34764
34766
34770
34789
34791
34795
34797
34805
34817
34818
34828
34833
34849
34852
34853
34856
34863
34869
34881
34881
34893
34896
34899
34901
34921
34922
34924
34926
34944
34944
34946
34947
34953
34965
34971
34989
34998
35006
35024
35037
35043
35044
35048
35050
35053
35053
35057
35062
35063
35088
35089
35090
35094
35095
35101
35115
35138
35147
35148
35154
35158
35159
35166
35189
35189
35194
35213
35222
35223
35229
35238
35247
35252
35255
35267
35281
35291
35302
35306
35325
35329
35336
35354
35358
35362
35380
35383
35386
35420
35462
35471
35488
35488
35492
35507
35515
35522
35523
35529
35533
35534
35535
35540
35552
35555
35562
35566
35571
35573
35575
35589
35603
35604
35605
35607
35609
35613
35615
35620
35631
35643
35661
35665
35669
35680
35682
35688
35690
35690
35691
35692
35692
35699
35713
35730
35731
35736
35749
35749
35755
35757
35763
35768
35772
35779
35779
35790
35818
35834
35842
35845
35853
35863
35875
35901
35916
35917
35932
35939
35954
35954
35958
35962
35964
35971
35983
35984
35995
36006
36014
36015
36023
36029
36037
36044
36058
36059
36064
36068
36072
36075
36081
36084
36088
36091
36098
36105
36106
36107
36112
36114
36128
36140
36187
36190
36196
36205
36208
36209
36218
36220
36222
36225
36229
36231
36232
36236
36243
36251
36255
36259
36273
36284
36288
36293
36293
36301
36312
36330
36334
36342
36343
36361
36365
36374
36377
36381
36384
36388
36397
36412
36424
36432
36437
36442
36449
36454
36458
36462
36471
36479
36483
36491
36512
36513
36514
36516
36516
36517
36521
36524
36533
36542
36553
36558
36566
36579
36591
36591
36600
36601
36604
36616
36622
36628
36629
36630
36633
36648
36657
36660
36674
36676
36676
36677
36688
36700
36705
36707
36725
36733
36742
36755
36766
36769
36778
36779
36781
36781
36782
36786
36791
36791
36797
36806
36820
36820
36846
36847
36854
36854
36861
36867
36888
36894
36901
36916
36917
36926
36932
36943
36954
36958
36958
36959
36959
36980
36982
36988
37020
37036
37039
37043
37063
37079
37081
37090
37096
37099
37104
37118
37119
37122
37125
37139
37143
37145
37157
37166
37185
37191
37205
37206
37207
37218
37219
37226
37242
37248
37250
37250
37256
37263
37265
37277
37278
37282
37283
37292
37305
37310
37324
37328
37340
37345
37355
37359
37365
37375
37377
37382
37387
37391
37398
37404
37404
37405
37406
37409
37411
37414
37418
37423
37440
37442
37457
37462
37480
37487
37507
37511
37518
37521
37522
37531
37536
37546
37549
37549
37550
37553
37560
37577
37580
37590
37594
37603
37613
37616
37618
37622
37623
37624
37631
37632
37640
37643
37644
37645
37659
37661
37668
37670
37674
37695
37696
37703
37713
37713
37716
37729
37733
37736
37787
37790
37809
37814
37818
37822
37826
37837
37841
37864
37867
37869
37873
37892
37897
37901
37917
37924
37928
37939
37967
37970
37974
37980
37980
37982
37999
38015
38022
38026
38028
38032
38039
38047
38052
38056
38057
38066
38067
38079
38107
38108
38120
38128
38129
38133
38140
38146
38147
38148
38159
38166
38191
38197
38205
38219
38226
38235
38236
38239
38241
38247
38250
38251
38257
38265
38276
38289
38289
38289
38292
38304
38308
38309
38311
38319
38329
38331
38333
38337
38355
38367
38370
38376
38386
38386
38387
38406
38409
38409
38409
38413
38418
38420
38421
38426
38445
38460
38494
38496
38502
38504
38507
38509
38513
38549
38566
38591
38603
38610
38636
38645
38649
38656
38662
38665
38670
38673
38677
38682
38684
38694
38697
38699
38711
38720
38736
38739
38740
38750
38750
38753
38753
38759
38769
38772
38779
38784
38795
38801
38802
38805
38806
38813
38820
38824
38830
38830
38837
38847
38855
38866
38867
38871
38878
38878
38886
38896
38912
38926
38931
38933
38943
38948
38972
38975
38980
38983
38986
38987
38989
39004
39007
39012
39018
39020
39022
39024
39027
39029
39030
39031
39032
39035
39047
39053
39057
39068
39090
39095
39097
39098
39102
39105
39115
39115
39125
39129
39132
39133
39137
39157
39160
39168
39170
39173
39194
39195
39211
39211
39221
39224
39225
39230
39236
39248
39258
39263
39266
39296
39296
39312
39319
39332
39339
39351
39362
39363
39368
39375
39389
39401
39405
39405
39408
39412
39413
39419
39420
39426
39439
39440
39442
39449
39455
39475
39479
39480
39481
39499
39513
39524
39525
39526
39547
39551
39552
39575
39579
39612
39632
39640
39642
39661
39666
39670
39672
39678
39684
39696
39700
39701
39705
39721
39729
39732
39737
39745
39763
39771
39781
39786
39791
39797
39805
39812
39815
39815
39844
39850
39850
39852
39860
39874
39884
39887
39890
39891
39899
39904
39907
39912
39919
39923
39932
39936
39960
39968
39976
39976
39987
39987
39993
40008
40011
40012
40015
40015
40022
40057
40064
40111
40121
40122
40130
40132
40135
40144
40147
40187
40195
40199
40200
40201
40206
40210
40212
40215
40229
40234
40237
40245
40249
40257
40266
40267
40274
40275
40285
40294
40299
40303
40304
40308
40312
40322
40327
40331
40340
40355
40357
40364
40365
40367
40367
40369
40371
40373
40391
40392
40393
40393
40394
40417
40418
40429
40440
40443
40446
40452
40458
40460
40464
40482
40490
40503
40514
40521
40521
40529
40532
40532
40533
40536
40539
40545
40545
40565
40568
40569
40571
40574
40583
40594
40594
40612
40615
40616
40617
40621
40626
40630
40631
40636
40637
40643
40650
40652
40661
40669
40671
40673
40686
40688
40692
40694
40696
40705
40716
40726
40740
40744
40757
40771
40772
40782
40787
40787
40791
40794
40798
40812
40813
40816
40816
40818
40826
40826
40839
40839
40843
40853
40854
40869
40870
40872
40879
40884
40884
40886
40887
40899
40900
40908
40912
40939
40941
40948
40952
40968
40969
40972
40975
40978
40995
40997
41003
41004
41006
41013
41041
41051
41052
41055
41077
41081
41106
41107
41113
41125
41132
41133
41155
41170
41177
41180
41189
41223
41230
41234
41250
41256
41263
41263
41273
41297
41300
41309
41309
41310
41318
41318
41325
41363
41374
41384
41384
41387
41392
41395
41398
41399
41416
41419
41420
41424
41431
41433
41444
41445
41447
41463
41465
41471
41484
41502
41503
41503
41528
41538
41565
41581
41587
41593
41606
41623
41631
41643
41646
41650
41662
41672
41678
41693
41695
41700
41703
41735
41736
41738
41773
41776
41779
41781
41782
41806
41817
41821
41837
41837
41842
41871
41881
41884
41891
41898
41909
41916
41918
41927
41936
41937
41941
41944
41952
41963
41982
41982
41983
41987
41990
41998
41998
42015
42015
42021
42022
42034
42042
42056
42060
42078
42081
42091
42091
42097
42124
42130
42130
42134
42156
42169
42182
42183
42184
42187
42187
42188
42194
42196
42218
42219
42226
42230
42234
42235
42240
42245
42266
42268
42272
42282
42284
42293
42305
42309
42322
42331
42333
42336
42341
42347
42375
42382
42388
42391
42395
42395
42395
42406
42410
42424
42426
42428
42432
42442
42442
42459
42483
42491
42494
42498
42503
42532
42537
42559
42567
42570
42589
42593
42593
42593
42594
42604
42613
42635
42642
42656
42669
42672
42675
42678
42681
42697
42700
42703
42721
42740
42756
42760
42766
42783
42787
42792
42808
42812
42812
42821
42839
42840
42854
42872
42879
42886
42890
42894
42905
42914
42917
42919
42926
42943
42954
42957
42958
42973
42974
42980
42981
42989
42991
42992
43008
43011
43016
43024
43033
43038
43060
43062
43067
43075
43078
43081
43086
43090
43097
43104
43120
43136
43137
43148
43149
43153
43155
43158
43161
43183
43187
43196
43198
43212
43213
43213
43227
43242
43244
43249
43251
43256
43257
43259
43288
43311
43322
43322
43324
43334
43340
43344
43347
43348
43353
43361
43363
43373
43381
43390
43399
43401
43401
43405
43413
43419
43425
43428
43430
43459
43461
43481
43506
43508
43509
43511
43521
43524
43546
43549
43555
43556
43560
43566
43568
43571
43597
43598
43602
43610
43624
43625
43633
43638
43644
43652
43664
43666
43670
43671
43680
43683
43703
43718
43718
43720
43724
43724
43736
43738
43740
43751
43756
43759
43769
43779
43782
43785
43796
43799
43809
43826
43828
43848
43854
43857
43865
43880
43885
43890
43901
43918
43924
43936
43947
43952
43953
43965
43970
43971
43971
43972
43983
43986
43990
43991
43994
44000
44015
44019
44021
44021
44022
44025
44034
44052
44056
44060
44083
44090
44098
44110
44116
44137
44145
44149
44151
44151
44155
44163
44164
44175
44178
44183
44192
44204
44208
44221
44236
44238
44244
44247
44247
44248
44255
44258
44259
44273
44286
44295
44304
44307
44313
44315
44326
44326
44339
44341
44348
44365
44380
44381
44390
44423
44429
44430
44432
44450
44468
44471
44473
44474
44475
44481
44518
44549
44555
44560
44563
44565
44576
44586
44586
44591
44596
44598
44608
44611
44615
44617
44639
44651
44661
44665
44670
44679
44682
44688
44698
44704
44705
44707
44711
44712
44722
44722
44738
44740
44748
44749
44755
44787
44795
44809
44819
44828
44831
44840
44855
44863
44873
44888
44890
44897
44922
44923
44953
44972
44981
44993
45001
45010
45020
45027
45030
45034
45060
45077
45086
45088
45095
45103
45106
45116
45124
45124
45128
45146
45147
45159
45165
45168
45190
45196
45204
45209
45209
45210
45217
45223
45237
45238
45259
45262
45262
45267
45268
45272
45289
45290
45296
45302
45304
45316
45316
45333
45339
45344
45361
45363
45366
45368
45371
45371
45373
45376
45382
45394
45397
45427
45459
45466
45474
45479
45485
45487
45491
45492
45500
45507
45522
45522
45525
45527
45537
45544
45570
45593
45595
45596
45598
45601
45626
45638
45639
45644
45651
45663
45668
45672
45673
45680
45690
45696
45696
45739
45744
45752
45753
45754
45756
45768
45771
45773
45789
45800
45805
45808
45809
45817
45818
45818
45819
45823
45831
45836
45846
45853
45855
45859
45866
45878
45878
45916
45917
45923
45930
45935
45944
45944
45956
45959
45961
45975
45977
45986
45998
46002
46006
46027
46041
46072
46094
46100
46105
46112
46116
46152
46164
46180
46191
46198
46202
46203
46206
46218
46225
46235
46239
46242
46249
46263
46278
46292
46293
46294
46312
46317
46320
46340
46341
46344
46369
46376
46376
46400
46410
46415
46422
46424
46450
46452
46458
46467
46476
46497
46506
46554
46556
46559
46561
46561
46570
46572
46573
46608
46616
46623
46624
46635
46665
46680
46681
46692
46695
46709
46712
46712
46713
46721
46746
46754
46766
46768
46775
46779
46786
46787
46795
46803
46805
46810
46814
46820
46823
46842
46847
46852
46866
46869
46887
46888
46919
46924
46928
46940
46942
46947
46952
46955
46970
46978
47013
47018
47039
47045
47051
47059
47072
47073
47098
47100
47110
47112
47119
47121
47126
47128
47134
47139
47149
47159
47166
47168
47168
47174
47175
47176
47183
47189
47207
47213
47214
47232
47238
47240
47259
47265
47280
47286
47292
47301
47303
47316
47318
47319
47331
47332
47335
47336
47340
47345
47347
47349
47350
47352
47368
47371
47371
47374
47376
47379
47386
47387
47405
47424
47427
47453
47454
47465
47475
47483
47483
47494
47500
47510
47515
47516
47522
47536
47536
47538
47546
47591
47618
47620
47624
47633
47641
47642
47646
47662
47666
47675
47693
47699
47710
47720
47726
47726
47730
47730
47757
47792
47800
47802
47805
47805
47808
47810
47816
47824
47826
47827
47827
47837
47838
47845
47854
47860
47872
47874
47879
47902
47903
47904
47905
47906
47917
47927
47930
47938
47939
47947
47947
47952
47957
47961
47962
47976
47986
47990
47991
47997
47998
48007
48008
48009
48016
48024
48026
48030
48036
48040
48046
48049
48049
48059
48067
48068
48069
48079
48088
48091
48095
48099
48101
48119
48133
48163
48169
48172
48173
48173
48175
48178
48182
48185
48186
48198
48202
48209
48214
48223
48227
48231
48236
48237
48243
48249
48250
48263
48264
48277
48282
48284
48297
48299
48324
48332
48338
48338
48361
48362
48372
48376
48376
48395
48402
48411
48413
48420
48422
48439
48451
48464
48466
48480
48482
48484
48485
48492
48493
48495
48495
48502
48505
48509
48509
48515
48519
48525
48547
48550
48554
48561
48571
48578
48580
48585
48585
48585
48628
48636
48650
48663
48676
48677
48686
48688
48738
48741
48749
48765
48768
48777
48778
48820
48829
48845
48866
48880
48888
48891
48911
48918
48919
48925
48931
48932
48964
48981
48994
48995
48999
49017
49018
49024
49032
49035
49040
49051
49067
49073
49080
49103
49109
49116
49125
49139
49140
49159
49160
49164
49165
49166
49179
49186
49193
49195
49195
49207
49207
49212
49228
49235
49238
49260
49263
49275
49279
49286
49294
49298
49312
49313
49333
49347
49354
49374
49376
49389
49394
49396
49397
49404
49404
49406
49420
49431
49464
49468
49475
49489
49491
49493
49495
49496
49497
49504
49525
49525
49544
49557
49585
49585
49593
49599
49602
49605
49627
49636
49637
49657
49657
49671
49686
49693
49706
49726
49740
49742
49764
49780
49781
49792
49794
49806
49818
49840
49841
49842
49855
49855
49860
49867
49873
49874
49886
49886
49895
49896
49897
49897
49905
49905
49919
49923
49927
49930
49945
49952
49958
49981
49986
50018
50019
50021
50030
50030
50033
50044
50045
50053
50063
50063
50080
50086
50109
50110
50129
50129
50138
50160
50165
50196
50200
50220
50228
50234
50242
50247
50255
50257
50257
50260
50264
50271
50281
50282
50283
50288
50314
50315
50315
50316
50327
50331
50340
50343
50352
50367
50375
50383
50387
50393
50394
50401
50403
50421
50426
50429
50432
50432
50435
50437
50441
50465
50470
50475
50477
50479
50485
50489
50493
50498
50499
50525
50548
50557
50565
50572
50589
50602
50608
50619
50629
50653
50660
50664
50680
50698
50699
50700
50704
50706
50713
50716
50717
50723
50746
50775
50776
50784
50792
50806
50809
50812
50819
50832
50838
50839
50840
50849
50863
50877
50879
50889
50894
50910
50919
50933
50945
50948
50951
50955
50981
50981
50984
50987
50987
50988
50998
51002
51003
51016
51017
51021
51022
51035
51044
51045
51046
51049
51058
51063
51065
51071
51072
51074
51076
51081
51087
51105
51105
51110
51112
51113
51118
51135
51137
51150
51152
51153
51169
51174
51180
51182
51188
51190
51197
51205
51205
51206
51209
51211
51218
51220
51226
51237
51243
51265
51288
51294
51295
51298
51313
51324
51326
51329
51336
51339
51345
51374
51393
51396
51405
51419
51423
51431
51445
51446
51451
51459
51465
51470
51472
51485
51489
51491
51501
51503
51515
51519
51529
51532
51557
51562
51563
51566
51568
51584
51590
51598
51610
51614
51621
51621
51634
51635
51637
51641
51647
51653
51683
51686
51697
51721
51723
51730
51743
51762
51779
51799
51802
51802
51819
51822
51827
51855
51856
51856
51857
51865
51868
51887
51888
51889
51896
51897
51918
51926
51932
51935
51939
51945
51947
51956
51959
51963
51976
51989
51989
52001
52002
52011
52012
52018
52050
52064
52065
52071
52071
52074
52076
52090
52093
52094
52102
52108
52114
52126
52138
52148
52161
52173
52177
52180
52182
52182
52193
52200
52203
52206
52215
52229
52235
52241
52254
52257
52262
52269
52284
52288
52296
52312
52317
52323
52324
52327
52328
52338
52342
52351
52359
52372
52378
52383
52389
52425
52431
52431
52436
52438
52442
52453
52455
52460
52465
52477
52482
52489
52500
52503
52507
52518
52522
52527
52557
52559
52566
52567
52568
52570
52572
52574
52585
52588
52590
52597
52598
52601
52609
52619
52638
52645
52647
52650
52652
52662
52663
52665
52675
52676
52700
52713
52715
52718
52731
52731
52742
52749
52757
52764
52769
52774
52777
52778
52780
52797
52814
52821
52828
52829
52833
52835
52852
52854
52857
52860
52860
52871
52876
52890
52893
52914
52919
52919
52926
52937
52946
52947
52959
52965
52968
52969
53004
53019
53027
53030
53034
53040
53046
53051
53051
53055
53057
53059
53063
53067
53071
53082
53085
53093
53099
53100
53110
53115
53120
53123
53132
53133
53138
53139
53144
53149
53154
53166
53183
53214
53222
53226
53241
53250
53255
53260
53278
53280
53291
53297
53297
53304
53305
53310
53311
53317
53318
53320
53320
53322
53351
53353
53354
53354
53358
53360
53363
53387
53389
53390
53428
53433
53439
53440
53444
53451
53452
53453
53454
53457
53459
53460
53474
53474
53480
53483
53486
53493
53501
53501
53525
53533
53536
53552
53555
53561
53563
53567
53573
53575
53594
53594
53595
53597
53616
53627
53629
53630
53639
53641
53644
53646
53648
53649
53650
53651
53655
53657
53662
53682
53695
53696
53706
53711
53716
53738
53739
53740
53763
53764
53765
53766
53777
53781
53801
53803
53813
53824
53824
53829
53834
53837
53841
53846
53847
53850
53853
53855
53869
53894
53903
53904
53904
53907
53933
53948
53955
53982
53983
53985
53985
53988
53988
54007
54010
54011
54013
54018
54038
54041
54050
54054
54088
54104
54104
54114
54124
54126
54144
54151
54158
54162
54168
54175
54183
54190
54192
54192
54193
54202
54206
54212
54219
54227
54232
54238
54269
54274
54283
54295
54307
54315
54321
54331
54337
54355
54356
54362
54366
54372
54379
54391
54399
54416
54417
54418
54419
54435
54436
54438
54444
54447
54452
54490
54493
54496
54504
54519
54525
54530
54553
54559
54560
54560
54567
54586
54594
54596
54600
54604
54613
54648
54649
54686
54687
54700
54707
54708
54711
54711
54714
54718
54724
54735
54739
54754
54759
54769
54770
54785
54788
54792
54807
54840
54848
54853
54855
54857
54863
54866
54874
54881
54891
54892
54899
54931
54946
54947
54961
54961
54961
54965
54975
54984
54989
55007
55020
55027
55029
55032
55038
55038
55043
55050
55071
55074
55078
55096
55099
55102
55126
55127
55129
55134
55134
55144
55145
55172
55173
55186
55194
55195
55207
55220
55220
55221
55224
55233
55240
55243
55261
55263
55290
55294
55314
55314
55320
55321
55323
55325
55326
55331
55346
55346
55352
55355
55357
55366
55407
55417
55420
55434
55437
55438
55443
55443
55448
55450
55451
55461
55463
55465
55474
55494
55497
55518
55527
55541
55542
55542
55546
55547
55550
55552
55558
55563
55564
55567
55571
55579
55580
55597
55600
55604
55610
55610
55618
55635
55638
55641
55643
55644
55651
55662
55674
55674
55702
55702
55704
55705
55716
55718
55724
55729
55731
55731
55733
55737
55740
55745
55750
55759
55771
55773
55777
55795
55797
55798
55800
55800
55806
55808
55812
55812
55816
55841
55843
55853
55854
55855
55857
55861
55868
55888
55889
55895
55897
55912
55912
55915
55915
55918
55921
55927
55928
55938
55941
55942
55942
55944
55945
55962
55965
55965
55965
55967
55974
55985
55990
55991
55995
56003
56007
56008
56008
56011
56019
56023
56042
56072
56074
56080
56080
56086
56100
56105
56106
56108
56114
56129
56130
56131
56136
56162
56170
56170
56175
56178
56180
56189
56190
56197
56211
56213
56218
56225
56235
56240
56255
56255
56257
56270
56271
56274
56283
56289
56292
56296
56313
56314
56315
56337
56344
56345
56361
56363
56393
56435
56446
56452
56454
56457
56463
56485
56501
56507
56519
56523
56527
56537
56563
56565
56566
56569
56571
56571
56586
56586
56592
56599
56600
56600
56609
56618
56621
56625
56641
56644
56647
56648
56658
56667
56668
56669
56679
56697
56701
56705
56708
56710
56718
56723
56734
56739
56751
56754
56758
56759
56762
56774
56783
56787
56791
56797
56800
56817
56823
56840
56857
56860
56870
56880
56896
56899
56923
56935
56939
56941
56942
56954
56965
56974
56981
57001
57005
57017
57027
57033
57040
57054
57063
57063
57073
57078
57091
57096
57097
57098
57134
57137
57148
57183
57186
57188
57205
57215
57219
57228
57229
57235
57237
57238
57239
57250
57253
57278
57291
57295
57300
57301
57307
57311
57312
57315
57317
57318
57337
57355
57358
57361
57375
57402
57402
57417
57422
57428
57429
57446
57448
57453
57462
57465
57471
57471
57487
57498
57500
57508
57510
57513
57519
57520
57528
57534
57539
57551
57562
57585
57594
57597
57598
57600
57601
57608
57614
57640
57650
57651
57667
57670
57676
57677
57677
57680
57693
57698
57700
57717
57720
57725
57734
57746
57750
57762
57764
57770
57771
57772
57777
57778
57792
57793
57795
57798
57824
57841
57848
57886
57888
57892
57894
57895
57899
57900
57921
57923
57929
57929
57940
57949
57950
57955
57959
57984
57984
57991
57995
57998
58009
58013
58047
58049
58057
58074
58079
58082
58082
58089
58092
58095
58108
58108
58115
58115
58120
58129
58144
58149
58149
58153
58153
58164
58168
58170
58171
58187
58189
58203
58206
58213
58215
58219
58233
58241
58241
58241
58248
58254
58262
58263
58263
58266
58272
58284
58293
58320
58322
58330
58347
58348
58351
58360
58361
58369
58372
58378
58378
58381
58382
58394
58402
58404
58408
58439
58453
58453
58473
58478
58482
58497
58499
58501
58505
58516
58525
58527
58532
58534
58542
58545
58547
58554
58554
58560
58561
58567
58570
58579
58583
58589
58606
58611
58642
58648
58679
58687
58694
58699
58709
58726
58732
58736
58737
58739
58748
58763
58769
58774
58777
58779
58780
58783
58789
58799
58809
58812
58825
58826
58838
58867
58868
58877
58886
58887
58908
58915
58922
58929
58937
58939
58952
58962
58973
58975
58982
58983
59008
59009
59010
59014
59036
59039
59043
59051
59061
59066
59076
59105
59106
59107
59110
59114
59115
59122
59125
59125
59128
59136
59142
59144
59153
59154
59160
59160
59166
59171
59173
59179
59190
59214
59219
59224
59224
59235
59245
59248
59283
59284
59302
59309
59314
59332
59342
59346
59347
59363
59371
59374
59392
59393
59393
59409
59418
59420
59427
59445
59447
59453
59471
59491
59496
59506
59506
59513
59517
59519
59524
59524
59532
59535
59545
59546
59550
59554
59559
59562
59566
59567
59571
59589
59594
59600
59613
59613
59614
59622
59626
59643
59649
59650
59654
59655
59656
59666
59667
59680
59690
59701
59702
59705
59708
59716
59716
59717
59719
59725
59737
59744
59757
59759
59765
59766
59766
59767
59788
59793
59809
59811
59812
59812
59813
59827
59831
59832
59832
59842
59853
59860
59865
59868
59870
59878
59883
59884
59904
59913
59914
59919
59919
59927
59942
59944
59946
59961
59962
59965
59975
59991
59992
59995
60014
60017
60022
60031
60032
60042
60050
60056
60070
60091
60093
60098
60105
60106
60117
60128
60129
60129
60130
60132
60136
60142
60152
60166
60174
60175
60175
60180
60191
60199
60205
60206
60207
60215
60216
60221
60222
60225
60227
60240
60242
60252
60260
60263
60273
60276
60278
60279
60298
60302
60303
60308
60317
60320
60320
60345
60350
60353
60375
60379
60394
60407
60421
60428
60432
60441
60449
60470
60483
60487
60491
60500
60502
60505
60540
60544
60558
60563
60570
60576
60607
60609
60613
60619
60646
60656
60662
60664
60668
60696
60723
60724
60725
60725
60727
60735
60742
60743
60749
60763
60769
60773
60775
60785
60791
60802
60826
60826
60835
60840
60851
60851
60874
60875
60875
60876
60883
60887
60900
60905
60907
60914
60919
60926
60939
60957
60971
60983
61004
61013
61017
61018
61029
61041
61050
61050
61056
61056
61059
61060
61068
61083
61084
61087
61099
61107
61121
61121
61132
61155
61163
61165
61167
61168
61170
61170
61172
61174
61175
61179
61183
61184
61188
61209
61223
61240
61248
61268
61284
61290
61307
61311
61325
61328
61338
61341
61354
61356
61357
61358
61382
61387
61390
61408
61411
61416
61427
61444
61444
61447
61452
61468
61475
61479
61493
61500
61510
61518
61519
61527
61550
61555
61560
61563
61585
61592
61596
61596
61600
61609
61614
61617
61624
61633
61634
61642
61651
61651
61657
61662
61683
61688
61699
61699
61700
61716
61724
61727
61736
61739
61751
61761
61769
61773
61783
61803
61829
61843
61847
61847
61850
61853
61855
61859
61884
61904
61908
61911
61913
61926
61932
61941
61950
61956
61959
61962
61967
61979
61985
61997
61998
62004
62010
62012
62017
62020
62029
62029
62031
62031
62032
62035
62054
62056
62067
62072
62077
62086
62094
62099
62112
62114
62116
62119
62131
62135
62138
62151
62154
62165
62169
62172
62173
62178
62186
62209
62209
62213
62216
62259
62260
62261
62268
62290
62310
62316
62319
62319
62329
62332
62336
62338
62347
62367
62368
62377
62381
62383
62391
62410
62418
62429
62432
62434
62453
62458
62460
62480
62506
62509
62523
62527
62529
62541
62558
62564
62580
62594
62600
62602
62602
62614
62615
62629
62646
62650
62656
62675
62687
62690
62702
62707
62708
62710
62711
62719
62720
62734
62742
62762
62770
62772
62776
62776
62809
62816
62819
62823
62829
62838
62847
62848
62848
62850
62852
62854
62898
62899
62912
62924
62963
62983
63009
63027
63028
63044
63057
63067
63077
63100
63109
63112
63119
63121
63123
63128
63139
63150
63156
63156
63168
63169
63171
63199
63200
63213
63215
63220
63224
63226
63243
63251
63268
63276
63285
63289
63295
63295
63313
63320
63332
63332
63337
63349
63354
63359
63362
63363
63365
63373
63388
63391
63392
63396
63400
63408
63419
63420
63422
63436
63437
63438
63445
63445
63460
63465
63470
63471
63476
63477
63494
63516
63518
63525
63534
63536
63548
63549
63557
63560
63583
63586
63600
63617
63629
63641
63646
63647
63647
63662
63666
63667
63669
63678
63680
63685
63702
63706
63711
63716
63725
63736
63748
63752
63767
63771
63773
63784
63784
63790
63793
63820
63830
63831
63836
63837
63838
63860
63861
63862
63866
63872
63889
63897
63901
63920
63941
63946
63947
63950
63951
63952
63963
63966
63973
63985
63986
63992
63993
63995
64018
64028
64045
64050
64054
64058
64061
64063
64065
64080
64108
64112
64118
64118
64128
64132
64136
64143
64144
64147
64147
64149
64155
64158
64160
64171
64194
64221
64226
64229
64231
64234
64250
64251
64263
64272
64287
64335
64345
64347
64349
64358
64369
64370
64391
64398
64400
64421
64427
64432
64435
64448
64448
64449
64454
64486
64491
64516
64520
64525
64535
64543
64548
64548
64550
64552
64557
64558
64559
64562
64576
64587
64594
64597
64604
64604
64606
64609
64624
64625
64661
64664
64675
64676
64681
64707
64709
64728
64733
64737
64742
64743
64760
64776
64777
64779
64795
64797
64799
64813
64813
64822
64823
64833
64844
64847
64852
64868
64870
64874
64887
64889
64890
64902
64905
64926
64942
64955
64957
64969
64973
64974
64975
64995
64997
64998
65002
65039
65047
65052
65054
65070
65078
65079
65086
65095
65107
65122
65126
65130
65136
65162
65165
65180
65185
65202
65206
65241
65243
65244
65247
65261
65266
65268
65277
65278
65293
65294
65301
65318
65320
65323
65324
65341
65343
65343
65345
65354
65366
65372
65372
65380
65410
65410
65411
65418
65425
65425
65430
65435
65440
65443
65449
65451
65462
65466
65492
65501
65504
65517
65519
65520
65538
65551
65557
65574
65575
65578
65580
65584
65592
65594
65602
65604
65613
65614
65617
65625
65630
65631
65635
65641
65658
65663
65666
65670
65676
65697
65699
65700
65704
65706
65709
65711
65727
65729
65737
65743
65755
65763
65776
65789
65792
65805
65822
65832
65841
65849
65879
65885
65904
65917
65917
65926
65931
65936
65948
65949
65953
65957
65958
65977
66000
66009
66012
66014
66025
66034
66035
66036
66042
66052
66057
66061
66069
66071
66077
66080
66085
66116
66119
66130
66132
66141
66142
66142
66146
66146
66150
66162
66166
66174
66190
66214
66215
66216
66217
66223
66232
66233
66243
66263
66264
66267
66268
66272
66277
66282
66282
66295
66295
66296
66332
66334
66339
66340
66340
66342
66378
66379
66379
66385
66407
66410
66418
66419
66421
66425
66427
66440
66446
66448
66464
66465
66477
66495
66497
66499
66500
66502
66531
66548
66557
66566
66568
66577
66579
66590
66595
66610
66621
66621
66624
66626
66628
66634
66639
66642
66642
66645
66653
66661
66677
66686
66698
66699
66700
66702
66705
66713
66714
66716
66717
66718
66741
66765
66769
66774
66782
66783
66795
66798
66800
66806
66809
66810
66821
66837
66849
66853
66865
66873
66875
66888
66891
66899
66914
66917
66918
66923
66936
66937
66944
66950
66951
66970
66975
66981
66987
66996
66998
67000
67007
67010
67027
67029
67030
67032
67044
67053
67059
67061
67081
67103
67108
67112
67132
67139
67142
67160
67166
67175
67176
67183
67183
67184
67211
67222
67224
67230
67234
67239
67250
67254
67307
67308
67309
67309
67310
67315
67323
67327
67343
67350
67363
67370
67374
67378
67382
67384
67396
67408
67409
67410
67426
67428
67447
67455
67459
67465
67472
67472
67473
67477
67500
67507
67511
67511
67512
67513
67542
67549
67569
67592
67601
67619
67629
67640
67645
67662
67664
67689
67691
67696
67701
67706
67706
67707
67712
67728
67729
67733
67745
67747
67748
67750
67755
67770
67773
67777
67781
67785
67794
67803
67808
67824
67828
67829
67832
67850
67868
67870
67889
67892
67895
67897
67899
67906
67906
67909
67912
67915
67919
67925
67938
67944
67949
67954
67964
67980
67984
67987
67988
67994
68005
68019
68020
68021
68023
68034
68039
68048
68060
68069
68071
68074
68080
68083
68092
68096
68106
68108
68111
68112
68119
68124
68136
68138
68141
68150
68155
68160
68165
68167
68200
68223
68229
68243
68244
68264
68269
68277
68281
68287
68288
68289
68291
68303
68306
68312
68315
68324
68328
68331
68362
68362
68370
68371
68377
68383
68389
68401
68403
68407
68409
68409
68416
68417
68430
68436
68442
68448
68449
68461
68461
68469
68479
68482
68485
68489
68509
68513
68517
68519
68531
68541
68552
68563
68564
68573
68588
68614
68625
68629
68630
68636
68638
68656
68666
68682
68698
68739
68748
68750
68760
68766
68766
68767
68779
68780
68787
68788
68822
68829
68830
68838
68843
68851
68854
68870
68874
68877
68883
68889
68892
68900
68903
68904
68909
68923
68926
68930
68941
68941
68943
68949
68959
68969
68983
68984
69006
69024
69029
69040
69051
69051
69054
69065
69069
69072
69075
69079
69083
69084
69101
69108
69111
69124
69129
69131
69132
69137
69154
69166
69174
69194
69195
69222
69226
69227
69231
69232
69234
69252
69258
69268
69279
69282
69285
69288
69289
69298
69300
69314
69326
69329
69338
69351
69370
69372
69383
69386
69394
69402
69409
69413
69424
69428
69432
69432
69444
69456
69458
69476
69476
69481
69482
69486
69494
69495
69509
69517
69520
69520
69521
69524
69526
69564
69569
69569
69573
69574
69576
69591
69612
69621
69625
69631
69634
69640
69640
69641
69648
69654
69657
69694
69703
69709
69715
69726
69733
69737
69738
