21
37
37
44
47
69
70
72
91
94
120
121
131
153
154
159
167
177
180
185
187
200
218
224
234
236
239
244
244
273
293
299
303
308
313
313
314
331
334
335
347
358
369
369
375
383
409
414
414
420
421
433
455
470
474
480
491
502
504
520
528
536
537
539
575
577
587
590
603
614
617
618
632
647
647
659
697
703
705
705
719
719
728
752
757
762
767
768
769
777
779
781
782
803
807
824
825
854
864
875
909
914
919
922
936
938
940
943
943
945
949
950
983
985
987
989
998
1001
1021
1023
1032
1033
1033
1040
1043
1052
1055
1058
1071
1072
1076
1077
1079
1095
1100
1102
1143
1144
1157
1160
1170
1182
1187
1219
1222
1224
1228
1248
1267
1268
1268
1269
1270
1278
1315
1318
1319
1336
1343
1407
1408
1413
1417
1441
1442
1473
1473
1483
1486
1490
1491
1492
1522
1525
1527
1533
1537
1538
1541
1548
1561
1567
1569
1575
1578
1585
1589
1591
1599
1605
1617
1626
1634
1645
1646
1652
1654
1658
1663
1667
1668
1672
1682
1696
1705
1709
1711
1724
1732
1777
1785
1787
1794
1804
1806
1807
1811
1820
1822
1824
1828
1860
1863
1876
1885
1890
1905
1928
1930
1933
1938
1941
1958
1958
1978
1983
1999
2001
2013
2027
2030
2032
2047
2050
2051
2054
2057
2066
2073
2074
2080
2086
2090
2091
2093
2097
2105
2106
2110
2116
2133
2133
2134
2135
2156
2161
2164
2166
2178
2183
2190
2190
2199
2201
2209
2219
2225
2234
2244
2247
2260
2263
2265
2274
2291
2297
2345
2353
2354
2367
2370
2389
2391
2398
2409
2454
2460
2464
2471
2483
2484
2494
2495
2511
2534
2551
2561
2597
2599
2642
2660
2665
2677
2679
2690
2711
2711
2711
2719
2728
2739
2741
2751
2759
2771
2780
2791
2808
2812
2818
2823
2825
2829
2832
2833
2834
2842
2850
2854
2860
2860
2881
2887
2909
2910
2924
2937
2947
2950
2970
2980
2980
2983
2983
3008
3012
3015
3016
3025
3040
3047
3053
3054
3078
3079
3080
3085
3094
3099
3117
3123
3133
3138
3139
3157
3183
3183
3184
3186
3191
3205
3210
3218
3233
3244
3248
3250
3255
3256
3259
3262
3268
3274
3275
3277
3283
3288
3294
3297
3312
3344
3352
3356
3363
3367
3370
3374
3384
3408
3432
3445
3453
3454
3459
3460
3506
3521
3530
3536
3542
3548
3548
3549
3555
3583
3593
3595
3599
3645
3650
3662
3686
3693
3719
3719
3726
3731
3737
3738
3750
3761
3765
3769
3773
3783
3787
3794
3807
3809
3820
3835
3881
3905
3911
3934
3945
3946
3952
3955
3969
3972
3976
3982
3983
3997
3999
4019
4023
4025
4029
4047
4051
4056
4063
4068
4091
4110
4125
4128
4150
4156
4169
4180
4187
4195
4205
4213
4232
4233
4237
4237
4249
4253
4257
4259
4264
4271
4280
4308
4325
4337
4377
4388
4389
4401
4407
4428
4432
4453
4461
4466
4478
4490
4491
4517
4521
4521
4538
4546
4551
4554
4569
4574
4575
4575
4589
4591
4608
4616
4637
4637
4656
4660
4669
4671
4681
4685
4690
4713
4728
4732
4734
4746
4751
4754
4759
4760
4774
4816
4828
4845
4848
4851
4851
4855
4858
4862
4879
4887
4888
4891
4893
4895
4923
4927
4927
4946
4963
4966
4967
4974
4989
5018
5033
5043
5075
5077
5086
5103
5121
5124
5144
5159
5182
5185
5186
5203
5257
5268
5269
5280
5285
5289
5299
5335
5343
5344
5362
5370
5370
5371
5374
5388
5417
5418
5432
5451
5464
5480
5482
5497
5497
5517
5543
5548
5553
5557
5557
5572
5577
5584
5586
5595
5597
5606
5607
5621
5624
5628
5639
5651
5678
5690
5691
5696
5702
5713
5728
5731
5736
5743
5761
5766
5770
5782
5791
5804
5816
5819
5841
5848
5859
5874
5899
5911
5927
5930
5954
5967
5970
5976
5985
5985
5993
5994
5998
6011
6039
6046
6048
6052
6060
6073
6084
6086
6093
6099
6113
6117
6127
6129
6130
6158
6174
6174
6185
6188
6191
6192
6198
6199
6207
6210
6214
6220
6228
6233
6240
6247
6249
6269
6277
6293
6298
6315
6324
6350
6359
6371
6372
6376
6379
6381
6391
6421
6442
6448
6464
6465
6468
6478
6478
6481
6488
6489
6498
6499
6510
6512
6513
6517
6525
6542
6542
6555
6561
6576
6580
6581
6583
6593
6603
6603
6604
6604
6611
6629
6629
6636
6639
6647
6653
6657
6684
6688
6703
6708
6717
6726
6743
6750
6766
6769
6776
6779
6780
6783
6823
6823
6828
6830
6833
6836
6837
6848
6856
6867
6868
6877
6884
6909
6918
6922
6930
6939
6945
6957
6963
6964
6965
6968
6973
6987
6988
6995
7002
7006
7011
7039
7047
7069
7074
7087
7110
7118
7134
7141
7162
7167
7172
7173
7175
7186
7201
7211
7214
7220
7226
7230
7230
7255
7269
7275
7278
7285
7285
7294
7294
7304
7306
7314
7321
7321
7325
7340
7340
7341
7344
7350
7353
7379
7387
7390
7392
7407
7424
7467
7472
7472
7474
7475
7479
7480
7485
7494
7503
7522
7548
7568
7569
7572
7580
7583
7588
7594
7598
7602
7613
7625
7641
7642
7645
7648
7652
7654
7660
7662
7662
7678
7688
7694
7709
7712
7724
7739
7753
7760
7769
7770
7771
7772
7777
7784
7807
7815
7827
7829
7836
7864
7865
7867
7869
7870
7875
7897
7899
7899
7906
7906
7907
7909
7910
7918
7919
7920
7922
7922
7923
7924
7924
7929
7942
7958
7962
7969
7971
7988
7988
7991
8001
8011
8012
8023
8033
8038
8050
8058
8078
8082
8089
8090
8091
8096
8096
8109
8120
8133
8137
8141
8143
8145
8148
8165
8173
8173
8195
8235
8243
8246
8253
8270
8272
8279
8280
8299
8301
8302
8307
8322
8324
8326
8327
8330
8333
8341
8347
8347
8348
8354
8358
8365
8395
8396
8398
8400
8422
8427
8428
8435
8455
8460
8468
8480
8487
8503
8511
8511
8512
8522
8559
8560
8569
8574
8575
8584
8586
8596
8596
8598
8617
8617
8622
8630
8650
8653
8654
8659
8662
8666
8674
8683
8684
8691
8697
8705
8712
8719
8720
8732
8735
8738
8738
8772
8793
8809
8811
8822
8831
8845
8845
8845
8846
8850
8850
8852
8859
8861
8863
8863
8878
8880
8884
8898
8915
8921
8942
8947
8948
8949
8956
8958
8981
8982
8988
8997
9003
9011
9014
9029
9036
9043
9055
9090
9093
9114
9126
9128
9162
9164
9172
9189
9192
9205
9222
9223
9225
9227
9228
9248
9254
9258
9259
9261
9321
9326
9339
9342
9352
9357
9364
9370
9377
9408
9421
9422
9429
9455
9461
9470
9471
9478
9494
9499
9501
9513
9547
9551
9554
9561
9567
9577
9586
9598
9599
9603
9604
9610
9617
9631
9641
9644
9652
9655
9664
9668
9678
9682
9712
9724
9729
9732
9751
9756
9759
9763
9770
9779
9788
9810
9817
9826
9828
9828
9840
9870
9875
9889
9889
9891
9892
9894
9920
9927
9931
9932
9948
9949
9961
9972
9980
9982
9983
9987
9989
10005
10028
10030
10041
10051
10055
10069
10079
10085
10090
10092
10095
10113
10115
10115
10129
10131
10131
10134
10137
10139
10139
10146
10154
10158
10176
10181
10184
10196
10202
10208
10208
10219
10225
10240
10244
10248
10249
10257
10266
10268
10271
10286
10345
10355
10382
10385
10388
10396
10397
10401
10404
10405
10407
10411
10417
10420
10431
10432
10433
10460
10469
10476
10481
10483
10506
10513
10552
10555
10573
10594
10619
10623
10624
10628
10630
10630
10632
10650
10655
10659
10667
10671
10684
10697
10717
10743
10767
10777
10778
10781
10783
10793
10797
10798
10801
10807
10809
10837
10846
10856
10875
10880
10887
10890
10898
10898
10910
10915
10917
10929
10936
10938
10955
10969
10974
10983
11006
11016
11021
11021
11031
11035
11039
11047
11068
11069
11071
11084
11089
11090
11097
11106
11108
11114
11147
11160
11175
11185
11186
11191
11211
11234
11259
11272
11298
11317
11322
11323
11323
11335
11342
11344
11367
11367
11367
11372
11379
11382
11390
11392
11397
11417
11427
11435
11441
11446
11459
11459
11459
11471
11487
11496
11511
11523
11529
11545
11548
11549
11555
11555
11562
11570
11576
11613
11613
11614
11616
11622
11628
11636
11636
11640
11645
11649
11650
11653
11676
11684
11685
11691
11694
11695
11697
11703
11706
11727
11728
11731
11747
11751
11769
11777
11777
11783
11785
11795
11799
11822
11827
11838
11839
11850
11863
11869
11876
11887
11888
11915
11922
11926
11936
11947
11957
11967
11978
11986
12000
12001
12006
12017
12024
12028
12028
12029
12032
12039
12047
12063
12083
12088
12131
12134
12142
12150
12156
12168
12171
12172
12181
12189
12191
12196
12232
12239
12247
12264
12292
12307
12308
12324
12337
12340
12341
12348
12354
12355
12357
12359
12361
12373
12394
12400
12429
12434
12440
12459
12460
12463
12475
12475
12487
12498
12501
12509
12525
12544
12546
12548
12554
12557
12557
12561
12562
12569
12569
12570
12571
12573
12580
12580
12600
12605
12626
12640
12643
12644
12646
12652
12657
12662
12666
12672
12681
12695
12698
12699
12704
12705
12712
12714
12734
12743
12751
12755
12769
12777
12793
12798
12800
12802
12803
12810
12813
12828
12830
12832
12833
12848
12872
12876
12881
12881
12888
12894
12919
12925
12937
12939
12943
12948
12962
12970
12976
12983
12985
12988
12995
13005
13010
13011
13014
13030
13032
13037
13046
13071
13094
13107
13110
13111
13121
13122
13133
13142
13143
13162
13179
13184
13196
13224
13232
13233
13233
13235
13253
13255
13259
13261
13290
13315
13320
13323
13326
13342
13352
13352
13363
13371
13374
13389
13399
13404
13426
13461
13469
13485
13487
13495
13519
13570
13572
13576
13579
13581
13586
13599
13633
13657
13659
13659
13674
13676
13699
13707
13708
13711
13728
13766
13775
13782
13796
13803
13803
13803
13813
13819
13822
13837
13838
13843
13844
13858
13863
13868
13891
13895
13896
13901
13910
13943
13944
13956
13966
13976
13981
14016
14021
14027
14062
14072
14090
14097
14099
14104
14118
14137
14146
14153
14160
14160
14162
14179
14188
14212
14243
14267
14275
14276
14283
14288
14294
14307
14314
14326
14350
14372
14373
14375
14396
14397
14401
14406
14408
14424
14426
14450
14463
14468
14482
14488
14492
14497
14510
14523
14524
14534
14537
14580
14593
14612
14615
14616
14616
14633
14642
14657
14663
14667
14668
14674
14677
14680
14689
14694
14699
14741
14751
14757
14778
14804
14813
14818
14847
14878
14890
14894
14901
14913
14924
14933
14934
14949
14954
14962
14973
14978
14981
14983
14990
14991
14998
15000
15001
15002
15005
15005
15020
15024
15037
15037
15044
15059
15064
15077
15091
15096
15100
15103
15120
15135
15144
15156
15163
15168
15170
15171
15183
15197
15230
15243
15250
15252
15253
15258
15268
15273
15293
15305
15324
15324
15326
15336
15360
15378
15382
15398
15402
15414
15418
15419
15423
15444
15462
15467
15471
15474
15474
15482
15488
15510
15513
15524
15537
15537
15547
15550
15551
15551
15552
15557
15560
15573
15580
15587
15589
15618
15619
15624
15636
15639
15642
15643
15664
15667
15670
15674
15683
15686
15694
15714
15718
15728
15751
15793
15806
15826
15826
15829
15831
15839
15843
15862
15867
15883
15905
15910
15918
15928
15928
15929
15930
15938
15938
15943
15960
15965
15965
15969
15981
15982
15999
16012
16013
16034
16035
16047
16072
16085
16096
16100
16104
16105
16107
16125
16143
16154
16163
16198
16203
16205
16209
16212
16217
16236
16245
16268
16279
16292
16329
16332
16341
16344
16344
16347
16348
16351
16369
16377
16387
16388
16403
16410
16410
16413
16423
16425
16432
16444
16451
16459
16467
16468
16470
16477
16484
16504
16505
16519
16527
16529
16536
16544
16561
16567
16573
16582
16591
16598
16609
16615
16626
16643
16662
16664
16685
16693
16710
16779
16787
16793
16826
16861
16866
16870
16877
16886
16925
16956
16966
16973
16981
17007
17014
17033
17033
17042
17044
17063
17071
17079
17083
17090
17141
17156
17157
17157
17168
17198
17205
17249
17251
17253
17289
17295
17297
17299
17301
17321
17327
17335
17355
17377
17383
17396
17401
17407
17419
17438
17459
17464
17483
17495
17510
17522
17534
17535
17560
17586
17594
17594
17614
17618
17625
17626
17627
17629
17639
17648
17668
17683
17686
17766
17775
17782
17788
17798
17802
17804
17806
17817
17819
17824
17828
17838
17842
17844
17844
17866
17876
17883
17885
17886
17889
17899
17900
17930
17935
17944
17953
17954
17958
17961
17961
17969
17970
18001
18002
18016
18020
18027
18042
18050
18068
18074
18078
18098
18101
18121
18127
18128
18132
18138
18138
18151
18162
18170
18183
18205
18214
18220
18236
18245
18262
18304
18320
18334
18340
18349
18366
18386
18386
18416
18447
18458
18473
18484
18494
18509
18514
18562
18574
18578
18590
18595
18596
18596
18599
18604
18605
18607
18611
18614
18642
18645
18661
18690
18701
18702
18716
18740
18741
18752
18753
18756
18758
18760
18770
18779
18801
18807
18809
18833
18835
18842
18867
18887
18889
18901
18906
18938
18943
18974
18986
18989
18993
18997
19026
19051
19054
19085
19090
19095
19097
19100
19105
19116
19127
19132
19151
19170
19172
19182
19184
19188
19195
19197
19227
19235
19239
19250
19266
19270
19295
19304
19305
19306
19326
19331
19337
19351
19356
19371
19375
19379
19383
19394
19394
19408
19409
19416
19416
19418
19431
19439
19443
19448
19451
19452
19460
19467
19472
19477
19477
19483
19495
19495
19496
19500
19510
19510
19519
19524
19528
19531
19542
19542
19548
19551
19558
19563
19565
19585
19588
19595
19625
19634
19669
19683
19695
19709
19721
19723
19723
19744
19755
19763
19765
19777
19782
19788
19797
19806
19809
19813
19820
19849
19854
19865
19883
19884
19885
19895
19898
19900
19906
19906
19907
19912
19921
19924
19929
19934
19939
19953
19958
19965
19986
20000
20005
20025
20036
20039
20041
20070
20091
20092
20095
20099
20103
20130
20134
20137
20147
20153
20153
20157
20160
20160
20163
20174
20177
20183
20199
20203
20208
20213
20231
20249
20271
20278
20299
20300
20300
20304
20310
20319
20328
20345
20355
20365
20374
20394
20397
20398
20410
20428
20451
20452
20469
20479
20480
20490
20520
20524
20529
20547
20553
20577
20586
20589
20605
20625
20626
20627
20629
20656
20673
20676
20705
20721
20722
20728
20756
20762
20775
20775
20778
20808
20825
20838
20845
20861
20863
20879
20881
20883
20894
20903
20904
20909
20911
20916
20937
20941
20941
20946
20975
20983
20989
20994
20995
21014
21023
21026
21041
21043
21045
21068
21072
21080
21093
21096
21102
21102
21103
21110
21112
21125
21128
21131
21139
21141
21142
21150
21151
21165
21179
21195
21195
21198
21230
21239
21240
21246
21247
21260
21270
21274
21278
21301
21309
21317
21327
21328
21331
21333
21345
21345
21348
21362
21365
21371
21391
21395
21399
21405
21425
21426
21438
21458
21464
21466
21470
21480
21483
21494
21496
21521
21522
21530
21537
21549
21550
21550
21551
21567
21582
21584
21590
21604
21653
21670
21679
21690
21701
21712
21721
21740
21743
21752
21771
21779
21784
21808
21816
21816
21817
21826
21826
21827
21841
21843
21844
21856
21863
21874
21878
21882
21884
21890
21899
21909
21919
21932
21944
21947
21950
21963
21969
21974
21983
21983
21989
21989
21989
21993
22007
22008
22017
22019
22054
22063
22066
22091
22118
22119
22119
22129
22141
22146
22157
22161
22166
22167
22180
22190
22196
22213
22217
22233
22252
22254
22271
22274
22316
22316
22321
22339
22354
22380
22397
22411
22429
22431
22431
22433
22446
22474
22478
22482
22484
22510
22526
22529
22544
22555
22560
22580
22585
22591
22598
22610
22614
22615
22620
22624
22627
22636
22640
22642
22642
22653
22655
22656
22659
22669
22678
22678
22680
22683
22699
22724
22725
22727
22749
22760
22763
22764
22789
22793
22807
22818
22829
22856
22858
22869
22877
22880
22885
22886
22888
22896
22924
22924
22931
22956
22961
22968
22973
22995
23001
23002
23008
23009
23022
23032
23038
23042
23046
23056
23056
23056
23057
23058
23060
23063
23123
23130
23137
23139
23146
23153
23157
23171
23179
23204
23208
23209
23242
23244
23256
23261
23284
23299
23303
23327
23331
23341
23351
23352
23353
23361
23364
23421
23422
23432
23456
23457
23472
23484
23490
23500
23523
23526
23527
23528
23538
23540
23547
23551
23559
23573
23582
23590
23595
23597
23608
23610
23641
23652
23655
23660
23666
23695
23711
23718
23729
23733
23735
23739
23742
23752
23754
23758
23762
23763
23775
23781
23793
23796
23804
23808
23835
23839
23884
23905
23914
23928
23942
23957
23958
23971
23971
23972
23978
23985
23991
24005
24018
24019
24020
24021
24026
24037
24040
24045
24046
24066
24069
24083
24134
24137
24139
24147
24148
24151
24152
24158
24167
24171
24182
24184
24185
24190
24222
24273
24280
24320
24326
24368
24380
24412
24418
24438
24446
24447
24455
24462
24463
24464
24475
24481
24487
24491
24533
24542
24551
24566
24567
24582
24586
24589
24593
24607
24613
24614
24614
24636
24640
24647
24648
24653
24654
24661
24661
24663
24664
24667
24671
24675
24680
24681
24693
24699
24701
24702
24711
24713
24713
24720
24721
24724
24726
24735
24769
24778
24778
24788
24791
24795
24804
24824
24830
24835
24850
24863
24867
24868
24872
24875
24875
24879
24888
24904
24904
24908
24910
24911
24911
24921
24924
24946
24946
24946
24953
24953
24962
24970
24975
24983
24986
24991
25000
25002
25003
25014
25031
25039
25045
25055
25061
25062
25066
25067
25088
25112
25113
25116
25125
25132
25147
25164
25166
25170
25171
25171
25204
25205
25208
25214
25214
25222
25255
25261
25265
25284
25300
25314
25322
25323
25328
25339
25348
25358
25375
25375
25382
25396
25430
25434
25446
25447
25450
25450
25450
25472
25474
25484
25491
25503
25515
25551
25558
25558
25560
25580
25600
25602
25611
25612
25617
25619
25625
25657
25665
25668
25673
25675
25686
25690
25695
25696
25707
25708
25708
25713
25736
25740
25742
25751
25752
25754
25770
25773
25777
25783
25798
25810
25822
25843
25844
25856
25868
25869
25871
25877
25882
25884
25886
25888
25925
25932
25940
25943
25946
25947
25951
25952
25953
25954
25963
25974
25984
25990
25992
25997
25998
26009
26042
26053
26069
26081
26082
26089
26099
26104
26115
26119
26127
26130
26148
26157
26173
26173
26181
26181
26183
26185
26197
26199
26216
26226
26233
26235
26250
26258
26263
26266
26266
26285
26301
26308
26311
26315
26316
26319
26320
26324
26327
26327
26330
26330
26333
26333
26341
26346
26361
26379
26387
26392
26403
26428
26435
26464
26475
26477
26485
26491
26501
26533
26533
26535
26538
26544
26565
26571
26584
26589
26613
26629
26642
26643
26646
26657
26659
26675
26684
26684
26705
26715
26732
26732
26763
26770
26794
26794
26797
26805
26808
26820
26832
26839
26848
26852
26852
26857
26858
26868
26872
26886
26887
26894
26897
26907
26911
26926
26929
26956
26956
26961
26961
26964
26978
26984
27003
27003
27008
27011
27014
27033
27037
27038
27039
27055
27067
27072
27095
27096
27097
27101
27101
27104
27111
27126
27147
27155
27178
27188
27195
27199
27202
27215
27219
27219
27229
27230
27234
27270
27272
27290
27313
27347
27348
27358
27366
27380
27400
27401
27422
27435
27441
27441
27450
27454
27463
27470
27471
27483
27487
27493
27495
27496
27516
27518
27520
27538
27548
27575
27575
27585
27597
27610
27615
27621
27624
27625
27625
27637
27640
27644
27647
27649
27658
27658
27667
27680
27685
27689
27703
27719
27725
27730
27731
27732
27757
27769
27770
27780
27782
27785
27793
27798
27801
27815
27826
27833
27844
27845
27854
27854
27862
27889
27905
27905
27913
27920
27930
27932
27935
27950
27950
27952
27955
27955
27973
27976
27976
27977
27985
27989
27992
27994
27995
27996
28002
28007
28027
28027
28035
28037
28059
28067
28076
28086
28097
28102
28108
28110
28112
28117
28118
28126
28139
28143
28171
28173
28176
28179
28186
28190
28195
28213
28219
28238
28257
28273
28334
28336
28337
28346
28364
28380
28380
28400
28402
28403
28403
28420
28422
28446
28473
28490
28501
28501
28502
28503
28516
28539
28549
28550
28552
28558
28567
28572
28574
28580
28584
28608
28625
28630
28634
28642
28658
28667
28668
28682
28685
28701
28720
28723
28758
28761
28771
28778
28797
28802
28831
28835
28840
28847
28853
28878
28881
28883
28886
28901
28906
28923
28938
28954
28958
28960
28973
28976
28987
28999
29038
29048
29052
29054
29056
29073
29081
29099
29104
29138
29145
29157
29165
29179
29189
29211
29222
29237
29239
29247
29266
29268
29273
29293
29301
29314
29315
29319
29323
29325
29326
29340
29346
29349
29350
29353
29387
29391
29399
29405
29408
29415
29443
29463
29463
29467
29498
29510
29518
29520
29550
29553
29554
29587
29592
29613
29633
29645
29650
29661
29661
29662
29662
29678
29703
29707
29715
29723
29724
29737
29739
29761
29776
29781
29792
29792
29806
29827
29832
29843
29850
29850
29851
29859
29895
29910
29910
29913
29932
29942
29945
29949
29950
29966
29968
29972
29977
29980
29982
29990
29992
29995
29998
30035
30041
30042
30061
30062
30080
30122
30143
30153
30160
30173
30173
30179
30180
30184
30196
30208
30210
30213
30224
30232
30237
30246
30257
30263
30266
30275
30278
30280
30288
30309
30316
30316
30344
30348
30412
30415
30433
30445
30458
30472
30476
30484
30485
30490
30490
30545
30547
30553
30560
30569
30569
30578
30593
30631
30639
30641
30646
30647
30658
30661
30661
30670
30676
30697
30700
30705
30712
30713
30715
30778
30780
30809
30820
30821
30829
30830
30830
30840
30843
30848
30860
30896
30908
30910
30911
30921
30924
30928
30937
30941
30942
30963
30967
30968
30973
30977
30983
30987
31003
31051
31064
31065
31070
31077
31081
31088
31093
31094
31096
31099
31101
31101
31109
31112
31121
31125
31133
31134
31138
31146
31154
31155
31161
31163
31174
31189
31189
31212
31214
31218
31239
31251
31253
31259
31267
31282
31285
31296
31299
31305
31310
31326
31340
31351
31352
31360
31369
31371
31375
31387
31406
31435
31449
31453
31459
31462
31472
31485
31490
31495
31525
31527
31539
31554
31572
31579
31581
31598
31625
31627
31634
31636
31640
31643
31649
31649
31683
31701
31703
31715
31718
31751
31752
31763
31764
31781
31782
31800
31802
31806
31808
31821
31843
31860
31863
31863
31866
31903
31907
31911
31913
31914
31919
31922
31943
31948
31952
31958
31981
31984
31990
31991
31994
31999
32008
32010
32016
32034
32041
32050
32079
32085
32100
32103
32109
32116
32136
32138
32143
32155
32164
32169
32182
32184
32187
32190
32214
32220
32245
32248
32249
32250
32257
32258
32266
32270
32271
32278
32293
32295
32313
32320
32329
32335
32340
32343
32345
32356
32358
32369
32372
32373
32375
32375
32382
32385
32395
32401
32408
32416
32417
32428
32439
32490
32493
32500
32510
32532
32542
32548
32556
32569
32570
32572
32574
32592
32602
32606
32609
32616
32620
32622
32625
32639
32639
32649
32666
32696
32719
32728
32730
32735
32741
32751
32759
32762
32769
32770
32772
32783
32786
32814
32817
32826
32844
32854
32860
32876
32892
32898
32908
32910
32916
32932
32933
32950
32972
32978
32979
32984
32985
33001
33012
33016
33020
33025
33042
33044
33048
33050
33071
33086
33097
33107
33113
33116
33124
33135
33148
33152
33155
33159
33164
33166
33183
33187
33191
33197
33218
33222
33244
33249
33254
33255
33263
33266
33288
33290
33290
33302
33309
33315
33326
33333
33348
33351
33352
33357
33357
33374
33375
33389
33397
33420
33429
33444
33445
33451
33455
33463
33465
33490
33492
33509
33547
33549
33583
33590
33616
33616
33624
33632
33655
33662
33688
33697
33698
33705
33717
33717
33722
33731
33734
33748
33760
33773
33801
33809
33822
33843
33850
33860
33868
33870
33875
33878
33879
33883
33895
33910
33916
33916
33917
33928
33937
33938
33956
33962
33969
33979
33993
34001
34006
34019
34021
34029
34030
34030
34034
34035
34037
34039
34040
34054
34055
34068
34073
34074
34090
34091
34098
34114
34122
34138
34153
34165
34170
34172
34174
34182
34200
34216
34220
34228
34228
34230
34232
34251
34257
34259
34262
34263
34275
34291
34314
34319
34328
34346
34350
34351
34360
34362
34376
34377
34378
34382
34389
34396
34396
34401
34404
34408
34415
34434
34437
34449
34452
34458
34486
34493
34509
34523
34530
34531
34532
34543
34546
34550
34561
34564
34573
34594
34595
34606
34618
34621
34623
34630
34632
34644
34652
34659
34662
34665
34666
34672
34679
34682
34684
34699
34723
34725
34741
34744
34746
34756
34761
34764
34771
34787
34791
34798
34811
34820
34847
34859
34873
34895
34907
34909
34934
34945
34957
34960
34960
34987
35009
35010
35020
35056
35067
35089
35090
35096
35111
35132
35137
35149
35170
35189
35201
35207
35211
35213
35219
35224
35235
35237
35246
35248
35255
35256
35261
35264
35277
35279
35284
35285
35292
35300
35305
35307
35309
35312
35328
35332
35338
35339
35345
35346
35347
35360
35377
35393
35396
35400
35407
35416
35423
35442
35451
35451
35490
35525
35530
35547
35551
35558
35563
35572
35572
35581
35587
35605
35611
35612
35616
35622
35632
35646
35648
35652
35655
35664
35665
35669
35687
35691
35698
35702
35716
35733
35743
35766
35766
35773
35803
35811
35843
35849
35869
35872
35881
35907
35927
35936
35938
35949
35950
35955
35958
35987
35996
36008
36018
36023
36030
36034
36036
36046
36060
36069
36085
36113
36140
36140
36147
36147
36151
36153
36167
36169
36170
36171
36171
36187
36187
36196
36204
36207
36225
36272
36282
36283
36287
36288
36299
36311
36312
36328
36330
36340
36351
36356
36356
36376
36383
36387
36393
36398
36401
36405
36423
36442
36443
36450
36460
36478
36498
36520
36521
36523
36525
36525
36538
36563
36565
36577
36578
36589
36614
36616
36636
36646
36660
36662
36684
36694
36706
36710
36712
36719
36739
36760
36762
36773
36775
36779
36799
36800
36809
36810
36821
36835
36837
36841
36855
36859
36863
36864
36873
36874
36875
36875
36892
36897
36905
36914
36919
36920
36927
36928
36928
36936
36937
36950
36956
36967
36982
36992
36995
37028
37030
37034
37035
37055
37065
37066
37075
37078
37079
37108
37117
37118
37121
37126
37153
37169
37183
37187
37188
37193
37214
37217
37225
37230
37230
37243
37249
37249
37273
37278
37282
37286
37290
37292
37299
37299
37320
37321
37342
37348
37349
37354
37356
37359
37366
37368
37374
37374
37408
37423
37424
37441
37449
37449
37450
37471
37477
37483
37497
37506
37507
37522
37525
37529
37554
37557
37579
37589
37606
37644
37665
37696
37711
37730
37733
37739
37749
37756
37765
37765
37772
37782
37786
37790
37801
37807
37810
37814
37817
37821
37822
37826
37829
37843
37851
37853
37855
37864
37879
37885
37888
37895
37920
37921
37944
37948
37955
37959
37982
37984
37986
37998
38011
38014
38021
38027
38041
38047
38048
38052
38080
38082
38084
38089
38100
38103
38113
38114
38123
38125
38160
38165
38167
38172
38172
38172
38173
38174
38195
38199
38201
38203
38206
38206
38215
38222
38229
38233
38248
38250
38252
38255
38270
38274
38276
38297
38305
38313
38327
38337
38349
38366
38410
38424
38425
38447
38451
38463
38478
38495
38503
38508
38530
38553
38559
38569
38576
38582
38585
38599
38607
38614
38617
38619
38626
38633
38635
38636
38637
38645
38652
38653
38672
38672
38689
38703
38708
38709
38716
38718
38728
38735
38736
38738
38769
38776
38778
38779
38794
38806
38808
38811
38811
38812
38812
38820
38847
38852
38855
38855
38857
38859
38859
38872
38889
38900
38913
38914
38918
38950
38957
38980
38985
38995
38996
39000
39001
39024
39033
39035
39041
39065
39081
39082
39091
39100
39109
39117
39139
39143
39144
39150
39155
39158
39178
39187
39201
39203
39213
39214
39215
39218
39220
39220
39237
39241
39241
39243
39260
39264
39273
39287
39295
39298
39301
39302
39302
39317
39321
39325
39331
39341
39344
39359
39372
39374
39386
39394
39410
39419
39460
39468
39489
39493
39495
39500
39505
39506
39523
39536
39545
39557
39566
39578
39591
39594
39598
39604
39606
39611
39614
39620
39630
39648
39657
39661
39667
39669
39675
39678
39681
39694
39721
39732
39744
39755
39760
39769
39799
39826
39867
39867
39868
39870
39875
39881
39888
39890
39892
39892
39897
39899
39903
39904
39908
39916
39917
39918
39918
39921
39924
39932
39938
39939
39962
39965
39977
40008
40017
40045
40050
40070
40076
40081
40104
40105
40115
40122
40159
40172
40192
40201
40209
40220
40234
40241
40245
40258
40258
40260
40270
40278
40279
40282
40287
40289
40294
40311
40319
40321
40347
40352
40365
40380
40385
40386
40386
40407
40409
40410
40415
40417
40437
40450
40453
40457
40459
40477
40493
40503
40511
40511
40525
40527
40532
40553
40556
40576
40584
40603
40606
40608
40618
40623
40627
40631
40631
40632
40636
40647
40679
40686
40696
40703
40708
40709
40712
40725
40732
40734
40738
40756
40759
40765
40771
40781
40783
40787
40790
40810
40816
40824
40830
40832
40852
40853
40863
40901
40903
40904
40915
40921
40924
40931
40936
40941
40943
40944
40950
40952
40965
40983
40992
40994
40997
41000
41009
41019
41020
41039
41043
41044
41054
41063
41075
41097
41099
41110
41112
41132
41155
41172
41174
41181
41190
41222
41245
41277
41278
41294
41294
41330
41332
41336
41344
41345
41365
41370
41375
41378
41411
41411
41412
41418
41419
41425
41441
41441
41456
41492
41495
41508
41518
41523
41526
41535
41545
41549
41549
41549
41551
41552
41564
41577
41582
41583
41590
41602
41603
41621
41622
41630
41647
41657
41689
41691
41693
41715
41720
41729
41733
41737
41738
41790
41792
41799
41808
41817
41827
41842
41846
41848
41880
41889
41895
41908
41923
41925
41930
41940
41995
42002
42012
42022
42039
42044
42045
42083
42085
42102
42105
42121
42153
42158
42160
42173
42181
42181
42198
42200
42207
42207
42210
42213
42232
42239
42244
42252
42256
42271
42281
42291
42304
42329
42331
42335
42336
42337
42348
42359
42362
42364
42371
42376
42424
42459
42459
42470
42475
42475
42476
42477
42489
42497
42514
42516
42523
42530
42550
42556
42572
42576
42578
42584
42593
42603
42620
42628
42660
42673
42705
42719
42722
42727
42728
42738
42749
42754
42760
42768
42771
42772
42780
42793
42825
42828
42850
42861
42862
42871
42871
42926
42937
42954
42974
42982
43002
43018
43029
43039
43044
43050
43072
43091
43092
43092
43094
43107
43122
43133
43158
43169
43177
43177
43181
43213
43214
43220
43230
43231
43231
43235
43245
43259
43261
43261
43287
43289
43293
43298
43306
43309
43309
43321
43325
43329
43334
43336
43355
43384
43388
43396
43404
43416
43421
43433
43435
43445
43452
43466
43478
43482
43489
43490
43492
43497
43511
43555
43555
43570
43575
43587
43598
43615
43617
43630
43637
43640
43661
43677
43680
43686
43689
43695
43696
43698
43730
43741
43745
43748
43774
43775
43777
43792
43806
43823
43847
43849
43849
43860
43864
43873
43876
43876
43879
43882
43890
43907
43913
43920
43923
43925
43926
43945
43961
43963
43971
43976
43983
44011
44031
44044
44045
44049
44057
44064
44074
44082
44110
44123
44129
44133
44135
44136
44138
44143
44147
44151
44157
44162
44198
44199
44224
44238
44242
44249
44251
44263
44265
44266
44274
44280
44321
44325
44338
44340
44346
44349
44362
44371
44391
44397
44427
44429
44439
44442
44453
44466
44466
44470
44494
44524
44536
44541
44559
44563
44583
44592
44593
44595
44598
44602
44608
44631
44656
44672
44701
44711
44714
44714
44715
44723
44732
44736
44743
44754
44763
44775
44782
44808
44823
44826
44840
44845
44871
44871
44872
44880
44895
44895
44900
44924
44932
44938
44942
44953
44967
44969
44972
44984
44986
44990
45003
45010
45024
45030
45054
45057
45057
45064
45069
45074
45075
45079
45082
45088
45099
45111
45114
45115
45119
45129
45129
45150
45159
45186
45191
45196
45211
45219
45233
45237
45238
45245
45248
45260
45275
45282
45305
45321
45334
45342
45366
45384
45384
45384
45392
45398
45401
45408
45418
45422
45424
45425
45428
45437
45451
45452
45460
45464
45479
45481
45504
45505
45520
45538
45546
45554
45566
45591
45598
45606
45635
45660
45665
45682
45689
45699
45704
45708
45715
45716
45728
45737
45747
45754
45760
45762
45779
45784
45808
45810
45818
45819
45822
45829
45842
45855
45871
45876
45877
45883
45886
45887
45894
45900
45910
45920
45927
45934
45938
45941
45945
45959
45981
45990
45995
45998
46028
46030
46032
46046
46051
46056
46062
46066
46076
46080
46088
46089
46092
46109
46110
46111
46114
46114
46115
46125
46144
46150
46163
46172
46177
46190
46200
46209
46225
46226
46240
46241
46267
46286
46295
46320
46342
46352
46359
46359
46373
46388
46396
46408
46408
46412
46428
46445
46455
46456
46459
46471
46485
46494
46499
46538
46544
46552
46581
46587
46588
46593
46594
46597
46603
46616
46627
46632
46634
46641
46644
46664
46666
46666
46668
46683
46685
46717
46723
46776
46786
46793
46799
46800
46821
46830
46860
46868
46880
46893
46898
46907
46919
46919
46924
46938
46947
46952
46971
46976
46991
46991
47021
47029
47036
47042
47044
47055
47066
47069
47083
47087
47101
47109
47116
47129
47134
47139
47139
47144
47165
47181
47195
47206
47208
47209
47235
47242
47256
47262
47266
47284
47310
47345
47348
47350
47351
47355
47387
47388
47391
47396
47406
47409
47412
47416
47436
47441
47451
47455
47458
47461
47461
47466
47470
47470
47477
47477
47492
47509
47515
47531
47535
47539
47541
47544
47553
47570
47572
47576
47591
47619
47624
47627
47629
47636
47638
47647
47653
47667
47681
47692
47693
47697
47703
47706
47721
47728
47730
47736
47737
47740
47769
47774
47790
47794
47809
47813
47825
47828
47836
47838
47844
47846
47848
47856
47858
47874
47903
47916
47916
47925
47929
47937
47944
47950
47952
47952
47956
47982
48002
48005
48016
48024
48038
48040
48059
48068
48082
48091
48091
48093
48095
48099
48116
48121
48125
48128
48143
48148
48172
48173
48173
48177
48187
48198
48212
48215
48215
48221
48236
48239
48243
48244
48252
48255
48262
48263
48263
48265
48275
48285
48291
48304
48315
48318
48323
48331
48336
48351
48351
48358
48366
48375
48382
48386
48407
48414
48419
48431
48441
48442
48448
48454
48461
48514
48523
48525
48534
48546
48553
48555
48559
48593
48615
48618
48640
48641
48643
48668
48672
48675
48679
48694
48695
48703
48714
48718
48756
48775
48776
48783
48794
48801
48814
48819
48824
48832
48847
48857
48858
48863
48866
48871
48874
48883
48890
48895
48901
48902
48910
48917
48924
48929
48931
48931
48937
48942
48944
48954
48969
48971
48987
48996
49014
49035
49043
49049
49054
49056
49068
49077
49077
49082
49086
49089
49089
49119
49128
49135
49139
49140
49170
49172
49174
49181
49188
49198
49198
49204
49222
49226
49226
49234
49246
49270
49288
49310
49312
49341
49349
49371
49387
49401
49402
49422
49435
49435
49445
49447
49477
49479
49485
49506
49521
49523
49527
49537
49544
49545
49548
49553
49558
49571
49582
49583
49588
49600
49604
49618
49623
49640
49682
49704
49712
49722
49734
49740
49742
49752
49755
49755
49765
49792
49795
49807
49809
49819
49820
49828
49834
49839
49848
49854
49859
49874
49883
49883
49884
49901
49904
49919
49923
49932
49937
49962
49966
49969
49974
49993
50012
50013
50017
50028
50036
50092
50131
50139
50148
50175
50194
50209
50221
50221
50257
50262
50268
50287
50305
50315
50343
50351
50382
50386
50398
50398
50408
50413
50446
50451
50457
50488
50503
50509
50511
50523
50534
50540
50573
50576
50578
50586
50588
50598
50630
50638
50656
50666
50671
50697
50726
50738
50739
50789
50793
50802
50805
50808
50808
50809
50820
50824
50827
50837
50843
50848
50871
50871
50892
50902
50903
50905
50913
50959
50975
50977
50986
50989
50997
51010
51011
51031
51031
51042
51046
51055
51055
51073
51087
51099
51099
51107
51112
51113
51120
51120
51123
51128
51136
51139
51140
51144
51147
51167
51168
51169
51196
51207
51230
51235
51240
51250
51292
51306
51315
51335
51342
51348
51376
51381
51395
51429
51453
51456
51460
51473
51505
51508
51530
51533
51543
51546
51557
51563
51574
51596
51608
51610
51662
51664
51666
51668
51668
51668
51689
51713
51716
51725
51738
51762
51768
51770
51799
51801
51803
51807
51824
51839
51841
51864
51864
51871
51876
51882
51904
51912
51927
51933
51937
51943
51952
51983
51989
51992
52004
52007
52009
52010
52012
52018
52029
52033
52054
52055
52064
52067
52067
52073
52084
52088
52100
52115
52116
52132
52137
52138
52147
52149
52156
52168
52180
52181
52189
52191
52195
52197
52197
52209
52241
52242
52244
52247
52257
52269
52271
52287
52287
52288
52293
52298
52302
52308
52326
52329
52337
52337
52338
52340
52341
52345
52361
52362
52373
52423
52423
52448
52449
52459
52461
52474
52479
52483
52483
52490
52490
52504
52507
52512
52519
52522
52526
52542
52542
52543
52544
52544
52548
52562
52584
52589
52591
52599
52613
52620
52635
52642
52651
52658
52684
52692
52694
52701
52701
52721
52731
52731
52740
52749
52752
52769
52771
52796
52798
52805
52810
52832
52845
52851
52855
52857
52867
52871
52880
52882
52890
52920
52928
52956
52960
52969
52971
52973
52979
52988
53001
53003
53004
53007
53011
53028
53036
53052
53052
53069
53084
53086
53088
53091
53092
53100
53108
53111
53115
53137
53139
53143
53150
53155
53156
53159
53175
53175
53196
53207
53207
53226
53235
53253
53258
53280
53291
53297
53304
53307
53326
53328
53336
53341
53356
53357
53364
53366
53384
53399
53401
53410
53417
53418
53426
53430
53453
53454
53458
53469
53469
53475
53477
53478
53480
53481
53482
53487
53495
53509
53517
53519
53536
53561
53567
53568
53582
53621
53622
53626
53636
53638
53641
53669
53682
53695
53701
53705
53742
53745
53756
53766
53795
53802
53807
53845
53851
53868
53872
53882
53888
53900
53908
53912
53932
53932
53936
53967
53967
53972
53986
53991
54008
54012
54016
54043
54043
54061
54062
54102
54110
54110
54112
54113
54122
54141
54179
54180
54200
54206
54207
54214
54217
54217
54247
54257
54258
54259
54264
54265
54267
54273
54280
54290
54294
54304
54314
54323
54323
54342
54354
54358
54358
54360
54368
54388
54389
54399
54407
54408
54410
54431
54452
54464
54469
54488
54500
54501
54512
54523
54538
54541
54542
54543
54544
54549
54590
54591
54594
54615
54618
54638
54640
54672
54677
54682
54694
54702
54707
54710
54744
54745
54747
54756
54757
54765
54777
54778
54790
54793
54816
54831
54831
54832
54843
54844
54859
54885
54891
54900
54909
54922
54935
54936
54937
54941
54970
54974
54975
54985
54996
55009
55014
55037
55043
55063
55074
55075
55082
55085
55088
55103
55133
55134
55137
55163
55175
55185
55190
55192
55221
55237
55272
55306
55307
55311
55316
55317
55326
55330
55332
55335
55337
55351
55351
55371
55375
55387
55388
55401
55402
55402
55406
55415
55425
55447
55452
55453
55455
55490
55492
55529
55533
55544
55546
55559
55569
55585
55595
55598
55604
55617
55629
55641
55646
55663
55681
55694
55697
55704
55708
55715
55725
55730
55734
55738
55740
55754
55760
55763
55768
55769
55785
55807
55811
55827
55832
55833
55843
55863
55864
55864
55868
55900
55916
55920
55922
55930
55936
55946
55962
55968
55979
55987
55990
55997
55999
56005
56030
56031
56038
56042
56047
56047
56049
56052
56057
56069
56080
56085
56098
56125
56128
56133
56134
56137
56160
56181
56195
56198
56224
56240
56255
56266
56267
56269
56282
56291
56297
56303
56314
56332
56338
56340
56351
56361
56364
56364
56399
56399
56403
56409
56410
56423
56427
56444
56452
56455
56457
56488
56514
56526
56533
56535
56554
56554
56561
56566
56581
56587
56589
56592
56603
56605
56613
56615
56635
56652
56660
56673
56677
56697
56713
56716
56716
56720
56721
56728
56735
56742
56744
56747
56757
56761
56763
56763
56765
56766
56769
56779
56780
56813
56816
56820
56828
56835
56840
56845
56845
56876
56896
56928
56943
56944
56947
56951
56955
56962
56965
56966
56967
56988
56997
57002
57019
57023
57030
57050
57059
57068
57074
57090
57093
57096
57099
57107
57109
57116
57148
57152
57168
57177
57181
57193
57199
57205
57207
57210
57217
57220
57230
57233
57237
57242
57244
57254
57264
57288
57291
57302
57303
57303
57305
57342
57350
57356
57371
57373
57378
57399
57410
57412
57417
57421
57437
57438
57449
57452
57458
57473
57473
57474
57477
57488
57506
57511
57545
57550
57562
57565
57575
57591
57597
57618
57644
57649
57653
57662
57668
57676
57696
57706
57714
57716
57716
57740
57743
57747
57753
57772
57776
57791
57803
57813
57821
57825
57828
57836
57839
57841
57871
57880
57881
57883
57883
57887
57896
57903
57907
57909
57947
57950
57953
57961
57962
57973
57984
57985
58002
58011
58017
58022
58027
58053
58061
58063
58071
58095
58097
58098
58114
58115
58120
58122
58143
58145
58146
58149
58161
58181
58190
58193
58197
58202
58233
58241
58252
58270
58275
58292
58294
58302
58305
58306
58306
58311
58315
58315
58323
58335
58351
58355
58377
58379
58392
58406
58425
58433
58439
58475
58508
58512
58512
58522
58531
58566
58575
58575
58589
58617
58620
58621
58624
58652
58656
58665
58667
58688
58694
58704
58715
58728
58730
58732
58770
58772
58773
58786
58790
58792
58794
58795
58807
58808
58831
58843
58851
58869
58869
58870
58872
58883
58898
58901
58914
58917
58950
58958
58968
58991
59033
59066
59072
59090
59102
59109
59114
59120
59126
59132
59141
59160
59161
59173
59175
59188
59190
59197
59202
59208
59218
59228
59231
59239
59240
59281
59288
59314
59338
59341
59347
59348
59356
59364
59381
59385
59394
59395
59410
59415
59419
59425
59428
59443
59445
59457
59467
59468
59492
59495
59500
59522
59543
59545
59561
59570
59581
59584
59590
59592
59642
59643
59651
59656
59658
59658
59659
59671
59672
59680
59682
59682
59683
59702
59707
59709
59715
59716
59716
59721
59725
59725
59746
59758
59761
59775
59800
59806
59808
59834
59858
59871
59887
59889
59892
59907
59931
59939
59969
59971
59973
60000
60003
60007
60013
60031
60038
60049
60052
60076
60087
60088
60095
60099
60104
60120
60121
60130
60131
60135
60141
60152
60156
60158
60178
60179
60185
60197
60199
60223
60224
60226
60227
60229
60239
60244
60266
60298
60299
60301
60307
60315
60317
60334
60338
60346
60360
60365
60373
60410
60416
60423
60441
60444
60484
60487
60523
60525
60553
60572
60574
60577
60586
60591
60602
60624
60627
60686
60689
60692
60693
60710
60719
60727
60735
60754
60769
60780
60783
60784
60785
60795
60796
60805
60806
60822
60825
60833
60850
60859
60868
60884
60917
60922
60929
60949
60978
60979
60985
60993
61004
61010
61012
61015
61059
61076
61129
61130
61139
61151
61153
61162
61166
61193
61234
61234
61239
61243
61254
61260
61275
61283
61285
61286
61290
61303
61310
61331
61347
61352
61354
61370
61376
61385
61391
61399
61401
61410
61414
61415
61417
61435
61439
61455
61467
61471
61471
61481
61488
61504
61508
61526
61529
61529
61529
61544
61554
61555
61560
61563
61576
61579
61580
61588
61594
61602
61612
61632
61636
61637
61648
61653
61656
61656
61676
61683
61697
61699
61704
61765
61768
61785
61808
61815
61824
61827
61845
61846
61861
61861
61890
61898
61910
61911
61922
61925
61937
61938
61938
61947
61950
61966
62011
62013
62019
62020
62034
62039
62049
62059
62078
62094
62103
62106
62109
62117
62118
62129
62138
62139
62154
62160
62169
62175
62188
62193
62195
62210
62228
62241
62250
62255
62255
62277
62281
62304
62318
62318
62360
62383
62401
62410
62416
62419
62423
62431
62432
62448
62448
62457
62466
62467
62499
62509
62511
62512
62514
62521
62522
62530
62538
62545
62560
62572
62586
62592
62606
62608
62615
62620
62631
62648
62658
62664
62666
62676
62688
62697
62708
62710
62710
62725
62728
62731
62732
62749
62761
62775
62783
62791
62791
62795
62795
62796
62807
62809
62820
62826
62827
62834
62836
62837
62853
62861
62875
62888
62895
62897
62901
62911
62919
62935
62947
62947
62947
62951
62954
62957
62957
62967
62977
63013
63027
63031
63066
63073
63082
63094
63106
63121
63125
63135
63146
63170
63199
63240
63266
63271
63274
63277
63278
63323
63332
63340
63341
63347
63349
63350
63350
63361
63366
63371
63387
63397
63408
63421
63425
63446
63452
63468
63469
63469
63483
63489
63511
63521
63531
63536
63536
63536
63541
63544
63549
63558
63562
63563
63565
63567
63569
63578
63583
63584
63592
63614
63624
63631
63632
63634
63649
63656
63665
63665
63675
63682
63707
63714
63718
63723
63733
63733
63738
63748
63748
63755
63756
63760
63766
63802
63805
63805
63830
63832
63841
63848
63876
63878
63884
63900
63920
63925
63925
63941
63949
63963
63987
64051
64053
64072
64075
64107
64114
64123
64129
64130
64138
64158
64162
64164
64176
64182
64195
64218
64240
64247
64272
64279
64285
64289
64301
64302
64337
64338
64345
64352
64354
64354
64364
64383
64412
64423
64441
64444
64445
64453
64469
64510
64521
64526
64533
64544
64563
64569
64575
64580
64586
64593
64594
64614
64615
64638
64649
64653
64656
64661
64663
64681
64686
64687
64695
64698
64716
64717
64725
64730
64731
64738
64756
64759
64764
64766
64773
64774
64786
64802
64805
64811
64814
64829
64841
64854
64864
64885
64889
64893
64896
64912
64918
64919
64924
64925
64926
64933
64969
64972
64985
64989
65001
65009
65026
65027
65060
65064
65065
65074
65078
65085
65085
65103
65115
65130
65131
65138
65163
65201
65209
65210
65211
65215
65215
65219
65219
65219
65223
65232
65237
65237
65252
65256
65263
65278
65299
65316
65323
65335
65358
65382
65396
65406
65415
65416
65417
65422
65423
65438
65480
65498
65501
65511
65522
65526
65531
65534
65548
65562
65580
65582
65589
65600
65613
65625
65636
65637
65643
65647
65649
65661
65675
65680
65681
65685
65706
65728
65736
65746
65753
65786
65799
65803
65807
65810
65833
65833
65834
65843
65846
65848
65855
65855
65859
65863
65875
65883
65896
65909
65912
65916
65958
65962
65973
65983
65988
65994
66011
66016
66025
66030
66033
66043
66076
66076
66084
66101
66102
66110
66131
66132
66132
66146
66167
66185
66192
66195
66202
66206
66213
66216
66217
66221
66222
66233
66255
66268
66271
66280
66298
66300
66301
66301
66308
66341
66350
66357
66360
66361
66362
66367
66383
66390
66399
66401
66412
66421
66426
66434
66436
66439
66441
66441
66450
66450
66451
66452
66454
66454
66463
66465
66470
66472
66473
66491
66494
66502
66508
66531
66552
66557
66561
66562
66564
66565
66565
66569
66569
66577
66578
66593
66598
66600
66605
66608
66616
66619
66628
66632
66650
66653
66665
66669
66670
66675
66675
66678
66684
66724
66727
66730
66736
66745
66745
66749
66760
66781
66783
66785
66790
66798
66801
66802
66814
66826
66858
66869
66881
66886
66923
66926
66953
66953
66962
66967
66974
66983
66990
66991
66999
67002
67004
67014
67017
67035
67045
67085
67087
67091
67094
67096
67124
67125
67127
67128
67130
67133
67134
67166
67171
67172
67175
67177
67185
67215
67216
67217
67218
67237
67239
67250
67258
67281
67293
67296
67298
67309
67325
67327
67329
67333
67352
67353
67354
67360
67360
67369
67373
67411
67421
67426
67442
67449
67460
67461
67482
67485
67491
67503
67505
67522
67532
67554
67561
67615
67617
67618
67625
67635
67635
67637
67641
67646
67649
67657
67663
67687
67691
67706
67719
67746
67764
67775
67801
67818
67828
67843
67853
67857
67857
67865
67873
67875
67879
67884
67886
67898
67903
67916
67925
67944
67951
67955
67966
67969
67983
67984
67996
67998
68011
68029
68041
68046
68053
68053
68069
68077
68088
68101
68103
68104
68104
68104
68104
68112
68128
68145
68150
68160
68162
68200
68254
68257
68260
68316
68318
68371
68375
68377
68384
68393
68395
68396
68402
68404
68404
68421
68423
68451
68462
68463
68466
68467
68467
68475
68482
68498
68502
68516
68519
68539
68539
68579
68580
68580
68588
68593
68610
68616
68620
68658
68660
68664
68671
68674
68677
68688
68689
68689
68692
68692
68694
68698
68699
68724
68726
68743
68744
68745
68745
68751
68770
68776
68778
68782
68783
68789
68806
68817
68819
68820
68826
68827
68834
68840
68842
68849
68850
68852
68853
68861
68874
68877
68886
68925
68930
68934
68949
68970
68994
69011
69011
69019
69020
69025
69036
69041
69046
69059
69059
69060
69079
69088
69089
69093
69094
69103
69105
69106
69120
69129
69130
69137
69137
69145
69153
69160
69171
69175
69184
69190
69202
69206
69207
69209
69226
69238
69239
69243
69243
69245
69247
69268
69271
69284
69289
69289
69292
69293
69301
69304
69317
69332
69337
69343
69352
69354
69363
69380
69391
69391
69404
69405
69420
69425
69431
69438
69444
69453
69454
69458
69494
69505
69523
69526
69529
69532
69548
69549
69569
69572
69587
69598
69598
69605
69610
69629
69652
69661
69662
69677
69706
69716
69744
69745
