4
16
31
53
67
73
86
87
91
99
102
111
117
118
119
126
128
135
143
158
162
178
189
199
205
209
227
228
237
240
242
249
253
278
283
285
287
303
305
327
329
333
351
359
359
370
371
375
393
395
403
410
411
426
455
463
466
470
472
473
478
479
492
498
527
530
536
543
545
550
560
569
571
573
582
582
582
588
600
600
602
603
617
636
640
644
672
706
713
717
723
724
730
737
739
750
755
765
768
779
780
795
798
828
830
836
847
857
858
868
879
900
902
907
909
912
913
914
927
935
938
938
960
966
969
975
981
988
990
992
997
997
1004
1018
1018
1040
1044
1057
1061
1074
1083
1092
1107
1113
1115
1119
1120
1129
1137
1141
1144
1147
1168
1169
1169
1179
1192
1216
1220
1247
1254
1258
1260
1266
1268
1270
1273
1279
1282
1289
1324
1329
1342
1344
1361
1367
1370
1372
1377
1391
1410
1420
1450
1451
1451
1459
1460
1464
1464
1469
1473
1481
1489
1500
1530
1536
1552
1560
1562
1573
1589
1589
1596
1599
1600
1604
1619
1622
1622
1631
1634
1641
1649
1662
1670
1670
1677
1679
1686
1688
1690
1698
1701
1714
1738
1749
1753
1758
1762
1791
1791
1793
1800
1805
1808
1835
1840
1841
1844
1851
1866
1866
1867
1916
1917
1923
1923
1942
1946
1947
1958
1962
1963
1968
1988
2003
2025
2055
2067
2073
2078
2082
2097
2098
2098
2099
2104
2110
2121
2145
2147
2172
2174
2186
2188
2190
2199
2230
2249
2250
2257
2266
2267
2275
2277
2295
2303
2308
2313
2314
2323
2335
2350
2359
2370
2379
2380
2380
2380
2383
2390
2396
2400
2418
2431
2443
2444
2445
2481
2509
2524
2529
2533
2536
2545
2550
2559
2570
2573
2580
2580
2589
2593
2594
2636
2675
2678
2691
2695
2712
2713
2720
2721
2731
2743
2765
2775
2777
2780
2791
2801
2814
2833
2834
2845
2847
2850
2869
2871
2872
2878
2892
2932
2959
2960
2968
2976
2981
2989
2992
3007
3009
3015
3021
3042
3047
3050
3063
3063
3067
3067
3068
3082
3084
3086
3110
3116
3125
3144
3148
3155
3162
3179
3181
3183
3192
3195
3208
3210
3240
3240
3241
3266
3270
3283
3291
3312
3335
3346
3347
3374
3381
3381
3385
3388
3389
3408
3436
3444
3460
3477
3487
3493
3500
3514
3520
3547
3581
3591
3603
3615
3616
3623
3629
3631
3641
3645
3655
3672
3677
3679
3685
3694
3694
3694
3707
3708
3710
3720
3724
3735
3739
3740
3750
3759
3783
3784
3785
3792
3800
3810
3826
3829
3839
3857
3858
3860
3862
3863
3870
3871
3881
3920
3944
3963
3964
3977
3990
4022
4026
4032
4047
4054
4062
4064
4076
4078
4094
4096
4118
4120
4154
4167
4169
4173
4183
4187
4192
4196
4211
4215
4215
4225
4228
4237
4242
4252
4271
4278
4303
4316
4318
4321
4322
4323
4335
4341
4349
4352
4352
4354
4358
4361
4370
4374
4376
4382
4393
4398
4399
4408
4416
4416
4423
4423
4425
4426
4443
4454
4456
4468
4469
4481
4485
4497
4503
4511
4522
4528
4529
4553
4555
4557
4565
4577
4586
4594
4595
4599
4599
4608
4609
4618
4631
4632
4649
4667
4668
4668
4688
4689
4689
4699
4713
4738
4740
4744
4761
4765
4770
4781
4790
4794
4799
4807
4817
4844
4854
4861
4892
4907
4918
4921
4932
4945
4974
4992
5001
5017
5029
5029
5030
5045
5060
5066
5081
5089
5093
5115
5132
5135
5140
5156
5161
5176
5202
5225
5226
5229
5231
5239
5245
5246
5279
5291
5298
5304
5304
5308
5318
5330
5332
5339
5348
5361
5383
5389
5394
5398
5402
5406
5409
5414
5421
5421
5430
5431
5432
5444
5452
5469
5471
5479
5482
5482
5494
5496
5502
5507
5513
5523
5531
5540
5544
5555
5572
5573
5584
5589
5591
5595
5609
5645
5645
5646
5647
5672
5675
5678
5685
5685
5691
5723
5726
5730
5734
5740
5742
5750
5752
5757
5768
5769
5771
5779
5786
5801
5808
5816
5821
5821
5830
5831
5847
5848
5867
5875
5882
5917
5921
5922
5923
5929
5931
5933
5933
5949
5955
5960
5964
5973
5988
6019
6026
6034
6035
6044
6045
6046
6059
6069
6070
6073
6074
6076
6091
6093
6105
6118
6135
6136
6139
6160
6168
6224
6236
6245
6248
6293
6311
6315
6320
6326
6332
6345
6347
6355
6362
6368
6391
6392
6395
6398
6413
6413
6421
6434
6442
6442
6451
6476
6479
6483
6483
6484
6491
6498
6502
6507
6508
6514
6525
6525
6528
6528
6528
6537
6545
6549
6549
6553
6556
6558
6566
6580
6588
6591
6599
6609
6614
6617
6619
6623
6624
6628
6645
6654
6661
6668
6676
6710
6711
6712
6719
6727
6732
6733
6737
6744
6744
6750
6757
6760
6761
6775
6781
6783
6794
6816
6822
6836
6843
6846
6850
6851
6868
6876
6885
6891
6903
6905
6908
6917
6922
6928
6937
6940
6947
6949
6971
6981
6996
6997
6997
7004
7006
7010
7016
7024
7044
7056
7082
7094
7096
7100
7100
7120
7125
7139
7140
7151
7166
7184
7202
7206
7212
7215
7237
7250
7260
7262
7263
7268
7272
7279
7300
7330
7335
7338
7364
7371
7392
7393
7396
7397
7408
7410
7427
7437
7440
7457
7457
7458
7464
7466
7469
7470
7472
7473
7479
7489
7517
7521
7529
7533
7536
7544
7549
7550
7552
7562
7569
7584
7592
7604
7619
7629
7634
7634
7647
7648
7649
7651
7653
7655
7663
7679
7680
7691
7715
7725
7728
7733
7753
7754
7755
7775
7775
7782
7790
7796
7799
7799
7816
7827
7829
7830
7836
7843
7862
7883
7887
7901
7939
7951
7963
7984
7989
7989
8000
8001
8018
8036
8050
8066
8073
8074
8083
8087
8099
8112
8123
8123
8131
8131
8139
8166
8178
8178
8181
8183
8188
8193
8201
8206
8213
8223
8224
8232
8250
8262
8271
8291
8292
8304
8307
8310
8310
8311
8312
8319
8337
8340
8352
8367
8382
8391
8398
8399
8416
8443
8449
8449
8456
8465
8474
8477
8479
8497
8498
8505
8510
8513
8527
8531
8581
8584
8585
8594
8607
8624
8632
8638
8649
8667
8685
8688
8702
8710
8712
8731
8751
8753
8760
8767
8789
8793
8794
8821
8850
8851
8858
8863
8882
8890
8894
8918
8924
8928
8930
8934
8960
8963
8976
8984
8985
8997
9004
9024
9025
9028
9052
9067
9070
9096
9096
9100
9114
9130
9153
9157
9166
9175
9210
9214
9216
9220
9226
9234
9238
9253
9268
9271
9271
9274
9285
9292
9297
9314
9318
9319
9321
9323
9325
9331
9334
9338
9342
9349
9352
9354
9356
9361
9373
9375
9381
9385
9393
9398
9403
9403
9406
9407
9415
9416
9418
9419
9424
9427
9437
9438
9440
9443
9458
9459
9464
9467
9498
9498
9499
9518
9521
9525
9526
9531
9534
9537
9543
9547
9548
9549
9556
9562
9565
9568
9571
9576
9577
9579
9595
9602
9617
9635
9637
9641
9645
9655
9657
9665
9673
9695
9699
9705
9764
9765
9784
9788
9791
9798
9801
9811
9826
9829
9836
9839
9839
9862
9871
9876
9895
9906
9908
9918
9920
9926
9927
9934
9957
9960
9971
9979
9980
9980
9982
9982
9983
9991
10007
10009
10016
10025
10036
10044
10055
10065
10072
10092
10111
10128
10135
10151
10186
10214
10222
10236
10244
10259
10266
10266
10273
10302
10310
10317
10320
10325
10330
10350
10354
10356
10366
10367
10385
10411
10414
10425
10435
10456
10468
10473
10479
10483
10516
10523
10531
10537
10538
10546
10558
10590
10592
10596
10597
10609
10613
10614
10620
10624
10626
10626
10662
10663
10663
10664
10669
10672
10677
10690
10694
10707
10717
10717
10730
10755
10759
10760
10772
10795
10796
10809
10828
10829
10840
10850
10858
10879
10880
10906
10909
10914
10920
10930
10931
10933
10954
10973
10999
11005
11008
11010
11015
11026
11029
11042
11045
11053
11084
11084
11085
11085
11096
11100
11100
11110
11130
11135
11141
11142
11149
11179
11179
11180
11186
11203
11220
11220
11232
11246
11252
11269
11269
11271
11296
11299
11308
11312
11317
11318
11323
11323
11328
11330
11333
11339
11346
11367
11370
11387
11392
11392
11393
11428
11432
11437
11441
11466
11466
11481
11481
11485
11496
11499
11519
11550
11565
11578
11585
11586
11594
11611
11636
11637
11657
11671
11675
11679
11686
11689
11704
11705
11711
11711
11714
11733
11754
11755
11761
11769
11774
11776
11783
11803
11822
11829
11841
11850
11866
11873
11884
11893
11914
11921
11922
11929
11931
11938
11940
11946
11950
11965
11975
11978
11980
12014
12046
12078
12083
12089
12097
12097
12113
12114
12114
12114
12116
12165
12174
12183
12186
12188
12218
12218
12226
12229
12241
12244
12250
12263
12291
12310
12323
12324
12330
12341
12341
12349
12357
12367
12394
12407
12411
12412
12437
12438
12442
12452
12472
12484
12493
12502
12503
12508
12519
12520
12531
12534
12535
12536
12540
12542
12551
12560
12569
12569
12573
12591
12592
12601
12602
12605
12608
12614
12623
12624
12624
12639
12650
12659
12671
12688
12706
12740
12750
12758
12760
12770
12783
12789
12790
12794
12823
12827
12828
12842
12844
12848
12852
12858
12863
12880
12888
12903
12909
12917
12928
12931
12934
12939
12951
12979
12987
12992
12998
13006
13013
13024
13028
13028
13031
13042
13043
13050
13050
13053
13056
13059
13065
13066
13092
13098
13105
13109
13117
13127
13132
13141
13144
13148
13154
13156
13166
13191
13197
13197
13207
13221
13225
13245
13245
13248
13256
13257
13267
13270
13288
13293
13325
13325
13333
13337
13341
13352
13368
13379
13380
13389
13395
13437
13441
13447
13448
13449
13450
13452
13457
13460
13470
13491
13502
13510
13518
13524
13536
13567
13611
13620
13627
13630
13632
13642
13643
13648
13653
13654
13707
13730
13742
13745
13745
13749
13752
13754
13773
13777
13787
13792
13795
13812
13818
13827
13837
13838
13840
13841
13854
13877
13894
13897
13905
13909
13910
13912
13921
13928
13930
13959
13960
13986
13997
14000
14022
14035
14045
14052
14066
14068
14075
14081
14082
14082
14099
14101
14116
14123
14148
14160
14161
14166
14186
14198
14202
14204
14208
14209
14220
14223
14223
14226
14228
14267
14296
14302
14308
14312
14324
14351
14357
14360
14362
14382
14387
14393
14395
14397
14403
14416
14422
14448
14451
14465
14468
14471
14476
14485
14502
14521
14528
14547
14549
14552
14555
14555
14564
14573
14582
14584
14594
14606
14628
14639
14659
14663
14667
14689
14692
14702
14710
14722
14724
14748
14756
14760
14772
14780
14797
14799
14815
14823
14859
14881
14883
14888
14891
14894
14903
14904
14924
14926
14933
14948
14953
14953
14985
14998
15007
15009
15014
15017
15026
15027
15028
15076
15098
15116
15122
15123
15136
15136
15142
15151
15157
15163
15178
15207
15217
15245
15279
15285
15295
15305
15308
15323
15344
15349
15352
15354
15381
15387
15391
15394
15396
15399
15401
15407
15408
15418
15419
15436
15460
15473
15476
15477
15479
15485
15492
15497
15498
15502
15505
15534
15544
15547
15555
15561
15573
15588
15592
15611
15641
15642
15649
15651
15652
15661
15677
15680
15682
15697
15701
15706
15710
15716
15722
15725
15732
15754
15767
15793
15795
15823
15835
15855
15860
15860
15865
15868
15874
15875
15879
15901
15906
15907
15921
15926
15929
15930
15931
15933
15935
15955
15961
15964
15980
15988
15989
15992
15994
16006
16032
16047
16054
16056
16070
16073
16078
16091
16097
16102
16121
16139
16144
16163
16163
16180
16197
16197
16198
16209
16209
16216
16219
16235
16251
16262
16272
16274
16288
16290
16300
16303
16308
16310
16329
16341
16342
16345
16347
16350
16362
16363
16371
16371
16376
16406
16409
16409
16414
16436
16458
16459
16460
16470
16484
16506
16517
16522
16530
16531
16535
16547
16548
16564
16580
16583
16587
16591
16592
16598
16599
16638
16646
16663
16664
16668
16676
16681
16694
16711
16716
16733
16752
16762
16769
16774
16780
16790
16800
16807
16812
16817
16833
16838
16846
16856
16856
16874
16883
16888
16900
16900
16911
16913
16916
16916
16949
16953
16956
16964
16965
16999
17000
17004
17019
17048
17058
17058
17060
17061
17071
17082
17087
17122
17123
17124
17149
17155
17174
17180
17180
17181
17192
17193
17212
17213
17214
17217
17220
17222
17223
17236
17256
17265
17266
17276
17280
17289
17292
17295
17301
17302
17318
17320
17324
17351
17357
17367
17382
17385
17414
17419
17420
17426
17465
17465
17465
17475
17477
17492
17502
17515
17519
17520
17534
17536
17537
17540
17570
17574
17586
17606
17624
17632
17633
17638
17654
17670
17688
17693
17706
17716
17731
17732
17738
17743
17766
17777
17784
17785
17791
17791
17792
17813
17814
17838
17876
17878
17879
17880
17893
17901
17905
17910
17946
17965
17969
18028
18039
18058
18063
18076
18081
18108
18114
18120
18133
18145
18146
18158
18166
18167
18186
18196
18211
18224
18228
18235
18236
18240
18242
18243
18260
18262
18262
18267
18285
18286
18294
18307
18320
18321
18334
18341
18363
18366
18379
18387
18390
18392
18398
18399
18406
18414
18421
18431
18463
18469
18469
18476
18491
18493
18504
18504
18505
18508
18509
18531
18533
18558
18565
18567
18592
18600
18600
18601
18606
18610
18645
18649
18670
18671
18673
18674
18676
18688
18693
18696
18700
18707
18718
18719
18739
18760
18767
18770
18771
18771
18775
18777
18787
18796
18810
18810
18825
18826
18842
18844
18854
18864
18869
18872
18889
18898
18908
18911
18933
18934
18938
18940
18941
18946
18953
18954
18966
18983
19000
19011
19013
19028
19030
19039
19068
19076
19091
19095
19110
19127
19145
19145
19151
19155
19157
19175
19189
19201
19201
19205
19207
19218
19219
19223
19227
19227
19230
19236
19237
19243
19247
19250
19251
19252
19256
19258
19260
19277
19278
19294
19298
19302
19306
19316
19318
19319
19338
19346
19362
19365
19370
19393
19433
19440
19457
19477
19491
19493
19509
19535
19565
19568
19568
19576
19592
19611
19613
19619
19620
19635
19643
19645
19668
19673
19679
19685
19709
19719
19725
19728
19730
19731
19741
19744
19746
19748
19749
19752
19759
19760
19765
19766
19773
19781
19783
19791
19799
19799
19804
19810
19820
19854
19857
19859
19870
19884
19885
19891
19892
19902
19907
19910
19912
19940
19943
19954
19957
19958
19962
19974
19975
19992
20009
20015
20016
20018
20019
20027
20027
20030
20041
20050
20051
20056
20058
20058
20083
20085
20093
20097
20105
20113
20118
20128
20141
20148
20150
20152
20155
20159
20175
20179
20186
20187
20198
20201
20236
20245
20247
20248
20250
20256
20262
20269
20273
20284
20292
20297
20301
20306
20308
20321
20328
20328
20342
20344
20347
20363
20372
20376
20378
20387
20398
20407
20407
20410
20416
20420
20436
20438
20438
20440
20452
20457
20462
20471
20480
20515
20523
20554
20556
20558
20562
20570
20573
20578
20584
20588
20589
20591
20626
20628
20638
20650
20654
20654
20668
20675
20679
20683
20699
20710
20738
20742
20742
20747
20752
20753
20754
20763
20767
20768
20779
20782
20792
20793
20805
20824
20865
20876
20876
20882
20884
20889
20891
20903
20905
20908
20915
20921
20956
20957
20966
20975
20976
20977
20987
20995
20997
20997
21007
21017
21024
21024
21037
21040
21043
21050
21054
21064
21069
21076
21091
21099
21102
21118
21145
21149
21164
21168
21170
21183
21186
21186
21205
21234
21236
21239
21241
21262
21268
21272
21289
21296
21296
21302
21319
21323
21326
21328
21329
21337
21339
21348
21359
21398
21410
21411
21411
21412
21413
21420
21427
21428
21446
21482
21483
21484
21486
21486
21500
21513
21519
21534
21535
21538
21553
21564
21569
21572
21588
21604
21618
21626
21631
21633
21647
21654
21657
21659
21660
21664
21668
21668
21673
21682
21683
21692
21709
21711
21715
21728
21730
21730
21738
21746
21747
21752
21755
21756
21758
21782
21793
21794
21799
21800
21804
21808
21821
21833
21839
21842
21843
21844
21851
21860
21861
21870
21880
21886
21889
21898
21899
21900
21926
21927
21928
21930
21934
21958
21959
21960
21975
21975
21997
21997
22004
22008
22010
22015
22032
22036
22050
22069
22070
22077
22094
22096
22110
22125
22137
22155
22158
22163
22174
22174
22177
22185
22187
22208
22210
22214
22237
22243
22247
22248
22250
22256
22274
22279
22292
22300
22308
22312
22313
22330
22336
22336
22346
22362
22369
22378
22379
22379
22419
22430
22431
22431
22453
22464
22497
22509
22517
22528
22535
22544
22545
22551
22572
22593
22626
22629
22639
22644
22647
22649
22664
22674
22675
22678
22678
22690
22718
22722
22723
22751
22764
22765
22768
22775
22775
22780
22782
22787
22796
22799
22800
22806
22826
22829
22832
22835
22836
22841
22851
22890
22891
22934
22938
22971
22974
22976
22985
23003
23019
23026
23040
23044
23048
23055
23062
23077
23077
23078
23079
23082
23087
23090
23094
23095
23116
23128
23140
23151
23159
23161
23163
23165
23166
23168
23237
23241
23243
23244
23276
23295
23337
23345
23350
23376
23390
23395
23397
23426
23433
23436
23444
23445
23455
23468
23474
23476
23477
23490
23519
23525
23531
23541
23548
23549
23575
23580
23588
23589
23611
23649
23654
23662
23684
23696
23711
23712
23716
23736
23737
23739
23741
23743
23751
23753
23755
23759
23760
23774
23780
23790
23800
23807
23820
23824
23828
23829
23830
23833
23838
23851
23853
23859
23860
23877
23900
23912
23940
23941
23956
23976
23980
23993
24002
24021
24027
24028
24032
24032
24034
24041
24044
24056
24056
24061
24067
24070
24075
24096
24101
24105
24110
24126
24137
24152
24167
24191
24193
24200
24201
24205
24206
24221
24222
24227
24235
24242
24254
24269
24284
24284
24284
24286
24288
24289
24290
24293
24297
24297
24298
24323
24326
24327
24327
24340
24341
24342
24343
24345
24346
24347
24347
24352
24354
24357
24362
24371
24378
24380
24392
24403
24435
24446
24446
24450
24463
24465
24472
24492
24492
24517
24529
24534
24534
24569
24601
24603
24606
24607
24614
24623
24629
24633
24646
24657
24666
24669
24670
24673
24683
24684
24686
24687
24702
24708
24714
24722
24726
24729
24738
24739
24746
24755
24756
24769
24770
24773
24777
24784
24787
24796
24803
24818
24829
24852
24866
24870
24872
24886
24903
24948
24971
25003
25009
25025
25037
25039
25045
25048
25049
25051
25051
25064
25068
25072
25077
25077
25086
25090
25107
25107
25113
25115
25115
25117
25118
25123
25125
25128
25129
25155
25166
25177
25186
25187
25190
25195
25224
25227
25235
25260
25266
25267
25297
25299
25303
25320
25327
25328
25339
25340
25342
25358
25362
25365
25374
25375
25378
25379
25384
25390
25392
25393
25420
25437
25445
25448
25458
25480
25490
25495
25503
25504
25527
25542
25546
25583
25588
25590
25599
25612
25626
25629
25631
25674
25678
25684
25685
25689
25695
25695
25698
25703
25704
25716
25745
25756
25781
25791
25795
25796
25801
25817
25819
25819
25834
25841
25854
25856
25864
25871
25881
25888
25892
25898
25899
25907
25908
25918
25921
25969
25980
25980
25981
25988
26007
26012
26018
26025
26032
26034
26063
26088
26097
26110
26116
26116
26117
26120
26121
26123
26130
26133
26138
26141
26149
26150
26155
26173
26186
26189
26190
26193
26201
26207
26212
26214
26248
26249
26257
26271
26272
26286
26301
26316
26330
26337
26345
26348
26367
26368
26379
26399
26455
26484
26491
26495
26510
26512
26515
26516
26517
26518
26544
26544
26552
26557
26558
26566
26567
26572
26573
26593
26613
26634
26654
26657
26678
26684
26700
26701
26715
26735
26736
26747
26748
26764
26779
26792
26796
26805
26813
26818
26837
26851
26853
26873
26879
26890
26892
26895
26904
26913
26919
26919
26929
26930
26944
26945
26951
26956
26967
26970
26975
26985
26999
27003
27003
27006
27022
27039
27060
27060
27071
27080
27081
27092
27093
27099
27106
27131
27146
27148
27151
27164
27172
27188
27207
27213
27228
27237
27248
27261
27261
27267
27275
27278
27279
27281
27283
27294
27304
27309
27352
27359
27368
27369
27390
27393
27393
27399
27417
27420
27431
27478
27482
27501
27503
27513
27514
27526
27527
27545
27559
27572
27587
27589
27589
27610
27616
27655
27659
27665
27676
27679
27683
27683
27698
27710
27715
27732
27748
27767
27770
27784
27786
27793
27799
27812
27813
27819
27836
27839
27839
27842
27842
27855
27862
27865
27866
27868
27885
27885
27906
27912
27917
27931
27945
27945
27960
27968
27971
27976
27978
27985
27991
28015
28020
28021
28030
28037
28047
28048
28058
28065
28066
28084
28087
28091
28095
28105
28107
28115
28119
28126
28130
28131
28131
28131
28137
28149
28157
28166
28173
28176
28201
28203
28213
28214
28224
28242
28247
28251
28253
28256
28266
28271
28283
28299
28304
28339
28340
28347
28356
28358
28371
28379
28387
28394
28395
28396
28401
28408
28420
28427
28440
28444
28459
28470
28474
28480
28481
28483
28498
28515
28518
28526
28527
28542
28545
28548
28550
28554
28566
28577
28578
28586
28587
28591
28596
28599
28599
28604
28606
28634
28655
28657
28659
28666
28670
28672
28677
28688
28690
28694
28710
28715
28715
28723
28728
28730
28732
28736
28742
28769
28769
28777
28782
28790
28792
28793
28800
28814
28815
28832
28858
28876
28883
28914
28923
28940
28950
28958
28969
28970
28972
28973
28978
28980
29013
29023
29027
29049
29063
29102
29111
29117
29117
29128
29128
29129
29139
29139
29146
29158
29166
29172
29175
29180
29203
29207
29212
29238
29251
29292
29293
29298
29310
29340
29344
29346
29361
29366
29388
29390
29392
29393
29406
29406
29419
29424
29427
29431
29443
29450
29456
29463
29467
29471
29484
29487
29490
29502
29505
29505
29513
29524
29525
29532
29542
29542
29563
29580
29588
29599
29608
29618
29630
29636
29677
29677
29677
29686
29714
29714
29716
29746
29751
29756
29764
29770
29773
29774
29779
29790
29790
29800
29804
29808
29816
29831
29832
29842
29856
29857
29866
29867
29867
29868
29871
29882
29924
29924
29931
29934
29946
29949
29954
29966
29969
29969
29970
29970
29973
29987
29987
30000
30011
30014
30016
30040
30043
30059
30101
30117
30124
30130
30139
30143
30170
30171
30172
30178
30192
30216
30217
30222
30234
30238
30245
30246
30273
30281
30286
30295
30316
30329
30338
30338
30374
30375
30390
30400
30402
30406
30418
30422
30426
30436
30443
30458
30467
30478
30490
30499
30507
30510
30512
30520
30523
30551
30557
30575
30610
30615
30617
30617
30625
30642
30644
30646
30647
30680
30681
30693
30702
30703
30710
30726
30729
30737
30737
30761
30761
30762
30764
30766
30810
30818
30824
30829
30836
30852
30857
30858
30868
30884
30887
30889
30889
30906
30915
30915
30918
30918
30947
30999
31005
31006
31009
31014
31018
31023
31031
31053
31060
31070
31077
31080
31092
31107
31122
31122
31123
31132
31140
31150
31161
31161
31181
31183
31184
31191
31199
31201
31206
31214
31223
31230
31235
31238
31238
31243
31260
31262
31264
31269
31273
31287
31287
31304
31308
31309
31311
31311
31323
31324
31327
31335
31336
31337
31340
31345
31345
31346
31358
31368
31375
31381
31388
31401
31405
31428
31436
31445
31445
31446
31452
31455
31457
31464
31476
31513
31519
31524
31524
31532
31539
31559
31567
31580
31583
31585
31585
31597
31610
31616
31616
31620
31638
31643
31643
31645
31647
31659
31670
31680
31694
31701
31709
31721
31722
31723
31728
31730
31733
31746
31746
31768
31780
31781
31785
31786
31797
31799
31812
31827
31836
31837
31841
31842
31849
31853
31858
31868
31873
31904
31908
31918
31920
31931
31967
31972
31972
31975
31975
31976
31986
32004
32010
32016
32016
32018
32021
32022
32035
32043
32061
32082
32090
32090
32111
32117
32132
32136
32137
32138
32149
32149
32151
32157
32161
32171
32172
32187
32202
32204
32206
32212
32214
32232
32241
32242
32256
32278
32294
32296
32298
32329
32331
32335
32336
32336
32347
32353
32376
32386
32388
32395
32398
32403
32407
32423
32424
32434
32441
32447
32450
32472
32477
32479
32481
32482
32488
32493
32510
32513
32514
32532
32552
32555
32564
32581
32584
32591
32592
32595
32615
32621
32627
32640
32642
32645
32656
32663
32664
32679
32681
32685
32686
32709
32717
32719
32729
32738
32744
32753
32758
32762
32787
32792
32800
32803
32820
32821
32825
32829
32834
32879
32881
32888
32892
32896
32901
32902
32918
32928
32948
32961
32965
32968
32972
32972
32972
32976
32998
33000
33002
33015
33019
33027
33030
33031
33043
33057
33057
33073
33075
33088
33096
33096
33111
33113
33121
33124
33134
33151
33156
33170
33173
33194
33202
33228
33234
33242
33244
33246
33252
33262
33273
33274
33277
33282
33284
33285
33293
33296
33325
33326
33343
33349
33353
33357
33368
33373
33374
33382
33394
33402
33416
33419
33426
33426
33444
33455
33465
33485
33495
33500
33510
33530
33532
33537
33545
33566
33569
33589
33591
33593
33595
33596
33596
33608
33608
33609
33617
33618
33624
33642
33667
33670
33679
33682
33697
33702
33716
33720
33726
33739
33753
33779
33785
33794
33809
33812
33840
33843
33845
33848
33852
33860
33868
33869
33906
33929
33952
33959
33961
33966
33970
34000
34028
34037
34041
34073
34081
34082
34099
34106
34108
34113
34117
34121
34150
34150
34156
34160
34165
34166
34172
34173
34181
34189
34203
34205
34210
34224
34232
34251
34258
34262
34264
34273
34279
34279
34282
34290
34304
34310
34318
34339
34343
34347
34349
34349
34351
34355
34362
34371
34377
34381
34382
34384
34399
34423
34425
34436
34446
34447
34458
34473
34478
34491
34494
34497
34499
34504
34505
34508
34512
34512
34530
34545
34583
34615
34633
34639
34648
34649
34686
34705
34705
34706
34709
34723
34732
34736
34737
34754
34758
34766
34776
34776
34782
34808
34813
34823
34824
34853
34858
34860
34867
34869
34876
34877
34877
34890
34910
34924
34938
34940
34946
34948
34957
34964
34968
34978
34982
34986
34987
35008
35038
35043
35053
35057
35067
35069
35078
35083
35091
35103
35104
35109
35124
35131
35131
35132
35137
35148
35174
35178
35189
35194
35196
35203
35204
35228
35228
35231
35232
35233
35234
35234
35237
35246
35267
35283
35287
35288
35289
35304
35305
35308
35311
35324
35343
35356
35371
35396
35400
35404
35417
35419
35430
35440
35453
35462
35472
35476
35478
35483
35484
35496
35515
35515
35517
35520
35539
35543
35548
35550
35559
35559
35561
35583
35597
35607
35613
35614
35628
35633
35637
35642
35658
35665
35673
35690
35705
35717
35731
35759
35765
35770
35775
35794
35795
35801
35818
35842
35845
35855
35855
35862
35863
35865
35868
35875
35888
35892
35895
35909
35912
35916
35922
35923
35943
35948
35948
35949
35956
35956
35963
35964
35966
35982
35986
35994
36001
36001
36003
36015
36023
36023
36036
36037
36037
36038
36042
36043
36056
36057
36062
36076
36078
36100
36114
36140
36148
36151
36154
36175
36183
36194
36213
36218
36219
36240
36249
36266
36271
36291
36302
36307
36315
36326
36329
36330
36335
36335
36343
36344
36346
36348
36348
36363
36370
36375
36385
36390
36391
36395
36406
36424
36426
36434
36436
36449
36460
36462
36466
36470
36470
36472
36495
36507
36522
36522
36528
36538
36550
36575
36597
36605
36605
36620
36627
36660
36668
36670
36671
36672
36675
36675
36680
36683
36685
36692
36703
36716
36719
36730
36735
36745
36748
36755
36769
36778
36795
36806
36811
36817
36829
36834
36836
36845
36848
36849
36852
36854
36870
36880
36884
36886
36896
36901
36908
36909
36911
36913
36933
36934
36938
36945
36948
36958
36975
36982
36985
36992
36998
37003
37008
37021
37034
37045
37050
37053
37054
37061
37067
37074
37079
37088
37102
37126
37132
37132
37138
37139
37143
37180
37191
37193
37217
37221
37225
37226
37235
37240
37253
37257
37264
37264
37283
37286
37287
37295
37303
37307
37308
37309
37312
37321
37323
37328
37344
37346
37346
37354
37359
37360
37363
37370
37372
37376
37395
37397
37426
37440
37455
37455
37456
37469
37471
37482
37488
37489
37494
37506
37508
37519
37523
37541
37544
37563
37567
37590
37593
37598
37598
37609
37615
37617
37630
37636
37645
37663
37666
37667
37675
37683
37706
37715
37717
37759
37769
37853
37858
37860
37870
37872
37880
37895
37897
37909
37916
37927
37950
37953
37954
37954
37972
38025
38026
38047
38052
38065
38080
38090
38091
38103
38118
38128
38130
38130
38167
38190
38192
38203
38207
38209
38219
38221
38253
38255
38283
38301
38305
38322
38323
38323
38333
38342
38349
38350
38359
38379
38380
38381
38386
38388
38392
38398
38399
38404
38406
38427
38429
38434
38472
38484
38490
38525
38535
38546
38554
38557
38575
38578
38601
38607
38614
38628
38636
38641
38643
38676
38697
38715
38720
38725
38726
38729
38732
38741
38742
38752
38753
38765
38774
38786
38801
38801
38806
38808
38809
38809
38831
38845
38849
38856
38857
38865
38867
38869
38874
38921
38932
38944
38969
38985
38995
38998
38998
39008
39022
39027
39050
39055
39055
39071
39074
39083
39085
39091
39091
39102
39115
39115
39118
39119
39137
39141
39183
39214
39218
39224
39231
39237
39253
39257
39265
39271
39271
39306
39306
39307
39316
39326
39344
39357
39359
39362
39365
39371
39372
39378
39385
39388
39421
39421
39428
39436
39444
39480
39482
39509
39518
39535
39542
39544
39550
39556
39568
39585
39594
39595
39597
39604
39615
39617
39632
39638
39645
39654
39670
39673
39673
39681
39684
39694
39709
39719
39727
39728
39728
39729
39743
39758
39767
39799
39801
39805
39813
39818
39858
39864
39870
39871
39877
39889
39894
39905
39906
39909
39913
39920
39920
39922
39923
39927
39942
39958
39972
39984
40007
40019
40032
40042
40043
40044
40045
40051
40060
40074
40079
40083
40115
40127
40135
40135
40141
40146
40150
40153
40168
40172
40172
40173
40175
40185
40188
40192
40232
40233
40233
40234
40240
40245
40248
40251
40272
40276
40285
40300
40300
40304
40321
40321
40321
40322
40325
40326
40339
40362
40365
40374
40393
40410
40413
40426
40434
40435
40447
40458
40481
40494
40498
40504
40508
40510
40511
40526
40534
40537
40545
40549
40554
40579
40580
40585
40605
40606
40608
40612
40612
40616
40626
40645
40646
40652
40653
40654
40658
40675
40684
40686
40689
40696
40703
40707
40711
40711
40729
40733
40737
40749
40759
40769
40793
40827
40836
40836
40856
40871
40872
40872
40890
40893
40907
40912
40921
40922
40927
40934
40939
40945
40949
40952
40963
40971
40977
40999
41014
41015
41020
41026
41073
41080
41085
41101
41120
41126
41129
41129
41134
41148
41153
41161
41192
41194
41195
41207
41208
41221
41230
41231
41244
41254
41263
41273
41278
41280
41282
41293
41300
41300
41307
41314
41323
41324
41335
41336
41364
41370
41376
41378
41383
41438
41447
41457
41459
41460
41470
41484
41484
41487
41499
41507
41509
41513
41514
41517
41518
41523
41541
41564
41568
41575
41577
41580
41580
41594
41598
41607
41608
41610
41621
41630
41640
41655
41699
41707
41708
41734
41735
41736
41745
41779
41794
41811
41814
41833
41835
41840
41847
41861
41862
41863
41870
41872
41880
41884
41889
41901
41913
41923
41928
41929
41938
41943
41951
41968
41990
41994
42000
42007
42008
42011
42014
42015
42025
42033
42033
42035
42036
42036
42052
42055
42056
42067
42079
42085
42087
42096
42100
42103
42106
42106
42106
42114
42120
42121
42124
42141
42155
42160
42171
42181
42190
42196
42198
42201
42205
42210
42229
42237
42240
42255
42261
42270
42275
42291
42298
42301
42303
42305
42306
42308
42317
42337
42376
42377
42381
42382
42383
42383
42383
42383
42393
42424
42426
42428
42428
42435
42447
42447
42470
42472
42486
42489
42491
42523
42537
42537
42545
42553
42556
42561
42564
42616
42622
42626
42637
42649
42653
42658
42658
42666
42670
42675
42679
42685
42717
42717
42718
42721
42733
42735
42739
42748
42750
42753
42755
42771
42772
42782
42790
42791
42791
42795
42796
42816
42819
42826
42832
42832
42840
42867
42867
42868
42872
42889
42899
42900
42908
42916
42928
42947
42951
42958
42961
42967
42974
42983
42985
43010
43027
43031
43034
43057
43064
43073
43075
43081
43084
43085
43099
43110
43110
43124
43124
43139
43143
43153
43163
43170
43174
43180
43187
43209
43218
43230
43252
43259
43265
43283
43286
43297
43299
43305
43310
43316
43318
43328
43332
43353
43366
43368
43379
43387
43401
43427
43428
43449
43453
43501
43507
43510
43515
43523
43527
43527
43540
43551
43571
43572
43581
43586
43588
43591
43594
43614
43623
43625
43630
43638
43639
43642
43647
43647
43665
43667
43668
43682
43718
43722
43729
43733
43734
43747
43756
43760
43761
43774
43782
43788
43790
43791
43813
43826
43833
43863
43865
43877
43879
43882
43887
43899
43901
43906
43909
43961
43963
43966
43969
43974
43977
43990
43998
44001
44010
44013
44024
44029
44029
44036
44040
44048
44048
44063
44068
44069
44074
44099
44109
44114
44130
44135
44137
44137
44146
44151
44153
44155
44160
44169
44170
44171
44171
44192
44207
44219
44236
44243
44244
44247
44248
44256
44256
44262
44262
44272
44290
44316
44318
44318
44323
44336
44363
44365
44371
44373
44386
44387
44393
44394
44399
44403
44409
44413
44418
44421
44423
44427
44441
44455
44473
44481
44487
44493
44514
44537
44544
44544
44557
44562
44570
44572
44581
44593
44594
44602
44602
44613
44627
44630
44636
44657
44667
44672
44689
44692
44708
44726
44736
44743
44746
44758
44761
44769
44775
44776
44787
44796
44796
44798
44814
44823
44837
44848
44877
44878
44886
44890
44909
44911
44918
44928
44928
44949
44960
44961
44970
44971
44972
44981
44985
44989
44992
44998
45005
45011
45020
45029
45031
45032
45044
45044
45047
45048
45054
45064
45090
45098
45106
45127
45127
45130
45150
45151
45164
45173
45174
45192
45194
45195
45200
45200
45200
45207
45212
45228
45238
45252
45256
45265
45268
45274
45289
45315
45329
45343
45366
45368
45375
45383
45395
45395
45397
45401
45402
45423
45428
45433
45448
45454
45459
45460
45468
45496
45502
45505
45506
45511
45515
45520
45536
45540
45556
45557
45579
45588
45636
45642
45650
45653
45661
45664
45669
45684
45689
45706
45707
45715
45721
45721
45731
45735
45759
45763
45768
45781
45798
45799
45807
45815
45823
45831
45843
45854
45869
45891
45928
45935
45935
45938
45965
45968
45970
45970
45975
45980
46008
46015
46017
46019
46029
46035
46044
46048
46050
46067
46067
46068
46069
46072
46090
46092
46093
46104
46105
46118
46131
46132
46138
46155
46177
46180
46181
46181
46193
46195
46199
46207
46208
46258
46268
46269
46272
46272
46274
46275
46279
46284
46293
46298
46301
46323
46326
46335
46345
46346
46389
46404
46407
46410
46415
46419
46432
46443
46443
46447
46448
46449
46450
46452
46456
46483
46494
46495
46503
46508
46516
46537
46550
46560
46560
46562
46564
46570
46577
46580
46585
46586
46590
46595
46596
46602
46609
46617
46641
46643
46647
46662
46666
46672
46678
46681
46682
46683
46684
46691
46698
46701
46740
46742
46747
46749
46749
46756
46765
46768
46798
46800
46802
46813
46815
46826
46828
46839
46853
46859
46869
46870
46873
46879
46889
46889
46904
46904
46910
46918
46935
46961
46962
46970
46977
46992
46998
47015
47020
47022
47029
47031
47032
47043
47055
47060
47065
47067
47074
47100
47100
47104
47105
47106
47106
47130
47134
47143
47146
47149
47152
47157
47157
47166
47175
47180
47180
47181
47185
47191
47192
47208
47228
47244
47249
47251
47256
47270
47275
47283
47291
47299
47300
47302
47310
47310
47320
47320
47322
47335
47348
47350
47367
47370
47371
47383
47401
47410
47429
47430
47438
47439
47469
47472
47501
47535
47542
47542
47543
47554
47557
47580
47580
47581
47592
47611
47618
47626
47626
47630
47649
47665
47665
47679
47686
47689
47696
47702
47703
47740
47750
47750
47769
47778
47782
47783
47786
47802
47826
47833
47839
47860
47900
47904
47923
47924
47946
47948
47962
47962
47971
47987
48013
48056
48064
48065
48069
48147
48196
48197
48198
48203
48208
48208
48213
48215
48233
48257
48269
48300
48313
48322
48326
48329
48347
48366
48376
48380
48390
48393
48421
48430
48433
48455
48464
48467
48468
48475
48478
48480
48491
48500
48501
48513
48518
48525
48531
48544
48544
48563
48573
48574
48578
48605
48607
48608
48634
48635
48637
48657
48660
48662
48668
48671
48679
48682
48694
48711
48717
48724
48734
48738
48741
48769
48787
48793
48804
48810
48815
48832
48839
48840
48864
48869
48878
48892
48901
48905
48906
48916
48922
48925
48934
48942
48953
48954
48955
48963
48964
48965
48972
48992
48994
48998
49004
49019
49023
49024
49028
49030
49036
49045
49045
49050
49058
49062
49067
49077
49091
49093
49100
49113
49115
49116
49119
49129
49134
49152
49155
49158
49164
49167
49173
49178
49181
49182
49184
49203
49222
49227
49243
49245
49247
49248
49259
49263
49268
49274
49279
49286
49291
49295
49299
49302
49309
49314
49321
49325
49326
49329
49352
49359
49369
49405
49408
49432
49433
49450
49462
49463
49470
49483
49485
49499
49506
49513
49553
49558
49564
49581
49601
49614
49620
49621
49629
49639
49648
49653
49668
49695
49699
49708
49712
49721
49754
49755
49791
49793
49808
49818
49825
49839
49843
49846
49846
49855
49861
49866
49870
49873
49876
49889
49889
49890
49894
49898
49908
49931
49939
49941
49947
49952
49959
49985
49989
49998
49998
50027
50029
50030
50043
50054
50069
50102
50102
50109
50114
50128
50134
50141
50141
50164
50172
50177
50177
50188
50192
50194
50194
50198
50204
50205
50207
50208
50211
50217
50218
50221
50239
50256
50279
50289
50297
50310
50340
50342
50344
50349
50355
50358
50367
50374
50380
50398
50401
50401
50402
50403
50403
50413
50417
50418
50422
50423
50449
50449
50470
50497
50509
50510
50521
50528
50540
50548
50559
50561
50563
50566
50571
50580
50603
50609
50617
50621
50628
50630
50640
50646
50652
50663
50674
50675
50677
50678
50681
50690
50699
50703
50705
50717
50721
50722
50726
50728
50730
50731
50739
50749
50765
50773
50775
50794
50796
50803
50831
50851
50852
50854
50877
50879
50886
50889
50898
50899
50899
50928
50932
50938
50946
50955
50967
50977
50982
50993
51015
51016
51021
51024
51029
51034
51045
51056
51065
51067
51068
51076
51078
51082
51086
51093
51094
51103
51129
51150
51173
51186
51190
51203
51203
51216
51226
51233
51238
51243
51245
51251
51280
51290
51293
51294
51336
51343
51362
51378
51381
51384
51387
51390
51393
51394
51394
51395
51403
51407
51412
51421
51425
51427
51436
51453
51457
51459
51482
51485
51512
51526
51527
51547
51563
51563
51569
51574
51575
51599
51605
51612
51614
51622
51625
51633
51637
51658
51665
51671
51673
51679
51706
51713
51715
51718
51726
51760
51762
51792
51797
51797
51811
51813
51820
51832
51832
51844
51844
51852
51869
51871
51879
51879
51883
51890
51893
51898
51923
51932
51933
51939
51942
51969
51983
52001
52030
52038
52039
52039
52041
52043
52050
52060
52061
52065
52073
52078
52085
52086
52099
52104
52109
52112
52117
52118
52122
52123
52124
52136
52142
52144
52147
52161
52163
52176
52190
52193
52221
52228
52240
52242
52262
52264
52264
52268
52282
52285
52285
52286
52299
52304
52319
52335
52339
52349
52350
52356
52362
52369
52388
52391
52429
52437
52445
52449
52449
52455
52459
52462
52473
52476
52484
52499
52511
52529
52536
52541
52559
52572
52573
52580
52623
52641
52644
52658
52672
52674
52675
52677
52680
52688
52704
52719
52720
52737
52742
52762
52781
52792
52804
52812
52819
52844
52849
52860
52878
52891
52908
52931
52937
52945
52965
52966
52969
52970
52999
53006
53019
53022
53034
53041
53043
53046
53059
53079
53089
53090
53099
53100
53107
53109
53128
53128
53153
53156
53161
53186
53187
53187
53189
53216
53218
53228
53229
53248
53253
53255
53256
53256
53260
53270
53292
53293
53294
53318
53349
53351
53354
53380
53393
53395
53419
53421
53423
53428
53432
53435
53437
53447
53462
53481
53483
53491
53507
53508
53513
53523
53525
53526
53537
53555
53555
53566
53568
53573
53577
53581
53585
53596
53602
53605
53615
53619
53621
53635
53641
53642
53644
53657
53662
53663
53671
53681
53682
53693
53694
53694
53695
53703
53719
53740
53742
53744
53752
53766
53767
53774
53790
53800
53822
53842
53846
53850
53857
53865
53875
53883
53887
53893
53894
53896
53930
53941
53959
53960
53969
53973
53978
53983
53998
54028
54029
54049
54056
54080
54086
54099
54119
54120
54152
54155
54168
54173
54184
54191
54196
54205
54231
54233
54242
54254
54283
54291
54297
54313
54314
54319
54319
54332
54332
54334
54358
54364
54374
54387
54404
54407
54411
54446
54473
54473
54478
54481
54490
54499
54502
54508
54520
54522
54530
54532
54545
54545
54550
54567
54575
54579
54601
54610
54620
54622
54631
54632
54637
54640
54649
54663
54673
54688
54689
54698
54706
54708
54711
54730
54735
54746
54748
54753
54753
54755
54764
54777
54777
54781
54796
54812
54813
54817
54851
54861
54862
54865
54869
54879
54881
54886
54890
54898
54919
54925
54932
54939
54943
54950
54963
54973
54975
54976
54976
54983
54987
54989
55039
55045
55045
55061
55066
55066
55071
55090
55103
55106
55108
55124
55129
55136
55163
55167
55173
55181
55183
55184
55186
55200
55211
55240
55267
55267
55277
55310
55330
55331
55339
55353
55356
55377
55384
55399
55422
55434
55438
55454
55468
55471
55476
55481
55494
55506
55509
55512
55514
55515
55529
55532
55535
55542
55562
55592
55600
55602
55603
55608
55610
55616
55626
55634
55639
55649
55651
55654
55660
55666
55678
55693
55698
55703
55708
55728
55735
55740
55744
55762
55776
55781
55788
55800
55805
55816
55818
55820
55850
55881
55884
55901
55927
55935
55940
55941
55947
55956
55966
55982
55982
55989
55995
56003
56005
56006
56008
56011
56029
56032
56036
56036
56043
56044
56050
56073
56081
56093
56102
56113
56117
56124
56139
56144
56146
56150
56154
56161
56202
56216
56221
56223
56233
56234
56239
56246
56248
56254
56264
56307
56308
56309
56309
56311
56318
56330
56332
56333
56341
56342
56354
56375
56398
56404
56420
56433
56436
56441
56452
56464
56478
56481
56485
56485
56494
56495
56502
56509
56515
56517
56526
56539
56544
56551
56558
56586
56591
56601
56604
56607
56610
56613
56662
56671
56674
56680
56688
56692
56693
56707
56755
56764
56770
56772
56776
56780
56780
56792
56793
56801
56810
56823
56832
56836
56855
56858
56870
56873
56890
56894
56903
56909
56912
56914
56918
56936
56936
56948
56964
56978
57005
57008
57023
57023
57031
57032
57037
57040
57050
57051
57052
57064
57086
57121
57156
57164
57183
57186
57189
57190
57194
57209
57211
57221
57227
57227
57233
57237
57248
57259
57260
57266
57271
57281
57294
57300
57305
57315
57340
57347
57352
57357
57360
57371
57395
57401
57401
57403
57412
57412
57426
57435
57437
57449
57455
57463
57468
57477
57490
57493
57501
57503
57513
57524
57526
57537
57542
57579
57599
57605
57617
57623
57652
57657
57662
57664
57668
57679
57679
57682
57689
57693
57713
57734
57740
57759
57759
57774
57776
57781
57788
57790
57820
57827
57845
57852
57861
57867
57868
57870
57871
57882
57882
57900
57905
57913
57915
57922
57946
57950
57965
57969
57988
57996
58001
58004
58005
58015
58018
58036
58043
58064
58067
58083
58088
58088
58091
58092
58102
58103
58120
58124
58128
58136
58145
58155
58156
58156
58172
58174
58180
58191
58192
58193
58201
58201
58218
58222
58224
58229
58236
58282
58285
58296
58301
58318
58322
58333
58338
58347
58362
58382
58390
58390
58408
58426
58427
58435
58437
58441
58444
58454
58455
58460
58467
58473
58485
58495
58500
58502
58507
58510
58515
58558
58564
58575
58576
58586
58587
58607
58611
58616
58619
58628
58639
58643
58643
58646
58650
58651
58653
58659
58660
58672
58673
58673
58688
58697
58703
58710
58719
58730
58734
58735
58753
58782
58790
58793
58796
58805
58823
58825
58838
58853
58868
58876
58883
58884
58886
58889
58899
58903
58912
58934
58953
58960
58967
58975
58990
58995
58998
59001
59004
59010
59033
59042
59062
59071
59072
59087
59091
59103
59110
59116
59129
59133
59154
59155
59156
59170
59188
59190
59198
59198
59205
59213
59213
59214
59217
59223
59274
59299
59324
59339
59340
59348
59354
59357
59357
59373
59391
59411
59412
59418
59420
59422
59428
59429
59430
59440
59443
59448
59457
59461
59464
59474
59492
59495
59510
59511
59555
59564
59569
59575
59577
59579
59584
59589
59591
59606
59616
59620
59627
59631
59635
59640
59651
59654
59660
59670
59680
59683
59696
59697
59705
59740
59749
59761
59798
59822
59828
59830
59833
59835
59844
59851
59852
59862
59866
59898
59903
59907
59914
59928
59933
59933
59934
59936
59937
59945
59980
59982
59984
60004
60025
60034
60038
60042
60067
60074
60088
60088
60095
60107
60112
60117
60128
60134
60139
60146
60174
60177
60180
60181
60186
60196
60212
60226
60231
60239
60248
60259
60266
60280
60285
60288
60290
60298
60309
60313
60339
60351
60394
60402
60410
60422
60430
60431
60443
60449
60456
60457
60465
60467
60469
60498
60509
60511
60526
60533
60537
60543
60544
60551
60563
60581
60582
60582
60586
60599
60601
60601
60606
60611
60628
60630
60665
60671
60676
60686
60687
60687
60693
60700
60702
60720
60728
60734
60756
60804
60810
60813
60815
60818
60825
60831
60858
60861
60866
60869
60879
60895
60897
60898
60923
60925
60936
60938
60947
60948
60962
60979
61004
61014
61014
61067
61072
61075
61078
61080
61115
61116
61125
61126
61133
61148
61151
61153
61160
61168
61177
61189
61192
61199
61206
61224
61228
61232
61243
61273
61279
61281
61283
61288
61291
61292
61298
61302
61302
61328
61385
61388
61390
61398
61431
61431
61437
61439
61460
61482
61505
61507
61509
61512
61512
61532
61534
61536
61544
61556
61562
61571
61572
61583
61592
61596
61623
61627
61627
61632
61636
61641
61648
61652
61664
61665
61665
61672
61674
61675
61690
61705
61707
61728
61748
61761
61775
61780
61785
61798
61804
61808
61810
61813
61814
61816
61827
61835
61872
61880
61889
61890
61892
61894
61904
61912
61915
61946
61968
61972
61974
61975
61979
61979
61985
61997
62037
62041
62048
62070
62076
62085
62087
62088
62091
62103
62104
62109
62118
62138
62146
62150
62151
62162
62162
62168
62175
62190
62191
62197
62199
62199
62203
62238
62238
62239
62251
62269
62279
62281
62336
62348
62350
62362
62376
62397
62400
62409
62410
62436
62440
62457
62471
62496
62506
62507
62508
62509
62528
62528
62559
62562
62574
62602
62624
62630
62660
62662
62672
62680
62687
62688
62691
62693
62700
62719
62719
62740
62750
62756
62757
62772
62778
62785
62789
62805
62809
62809
62810
62816
62827
62844
62845
62845
62859
62862
62870
62872
62893
62894
62900
62914
62917
62923
62924
62928
62941
62943
62948
62951
62955
62980
62989
63006
63020
63022
63022
63023
63025
63026
63034
63035
63045
63046
63047
63055
63060
63076
63093
63094
63109
63111
63111
63140
63143
63144
63165
63166
63167
63183
63183
63187
63196
63205
63206
63219
63227
63235
63237
63268
63295
63301
63319
63340
63342
63344
63358
63372
63375
63384
63385
63386
63387
63392
63409
63427
63437
63444
63449
63463
63463
63471
63482
63500
63509
63520
63524
63528
63566
63574
63575
63579
63585
63588
63620
63624
63626
63636
63636
63654
63654
63657
63659
63671
63679
63689
63699
63708
63719
63729
63734
63738
63748
63751
63756
63760
63764
63765
63765
63767
63769
63780
63783
63785
63793
63795
63799
63801
63811
63812
63813
63814
63820
63832
63838
63838
63883
63909
63921
63924
63926
63932
63935
63948
63949
63951
63953
63993
63994
64010
64036
64045
64049
64072
64083
64087
64091
64100
64104
64107
64107
64115
64116
64131
64135
64148
64153
64165
64180
64182
64189
64192
64200
64214
64215
64220
64232
64266
64267
64274
64274
64281
64290
64296
64317
64342
64351
64360
64361
64380
64388
64406
64412
64429
64434
64440
64441
64456
64481
64488
64492
64498
64501
64503
64505
64512
64544
64551
64562
64563
64567
64571
64574
64579
64581
64610
64613
64630
64643
64644
64651
64652
64654
64660
64662
64663
64679
64681
64682
64685
64696
64701
64709
64716
64716
64745
64754
64761
64763
64804
64818
64835
64838
64840
64846
64859
64862
64867
64869
64869
64871
64872
64886
64890
64901
64943
64946
64955
64962
64963
64972
64975
64980
64981
64987
64998
65008
65012
65013
65017
65024
65040
65043
65049
65052
65064
65071
65074
65082
65094
65109
65113
65114
65115
65117
65129
65129
65135
65140
65140
65145
65145
65147
65152
65155
65155
65166
65175
65179
65181
65192
65195
65195
65195
65202
65206
65208
65222
65224
65234
65237
65251
65253
65256
65260
65261
65263
65268
65292
65295
65304
65306
65316
65325
65358
65379
65380
65385
65394
65419
65420
65422
65422
65429
65433
65437
65442
65449
65451
65463
65464
65466
65466
65475
65478
65481
65492
65508
65516
65530
65535
65552
65552
65558
65568
65575
65604
65613
65616
65620
65630
65631
65647
65658
65661
65665
65666
65668
65668
65669
65676
65682
65688
65707
65710
65720
65763
65766
65766
65768
65774
65777
65778
65835
65844
65845
65872
65876
65886
65887
65888
65902
65912
65932
65956
65959
65978
65991
66013
66015
66018
66024
66024
66026
66039
66055
66064
66064
66071
66076
66086
66086
66089
66093
66119
66124
66140
66161
66168
66201
66203
66220
66234
66240
66263
66269
66273
66275
66278
66287
66289
66289
66312
66324
66337
66350
66350
66352
66353
66358
66376
66380
66384
66388
66395
66396
66397
66407
66410
66412
66413
66419
66423
66431
66434
66436
66440
66448
66459
66482
66486
66502
66509
66535
66536
66557
66561
66562
66569
66582
66585
66586
66596
66600
66616
66617
66623
66624
66633
66634
66638
66649
66650
66665
66674
66678
66693
66699
66705
66713
66717
66726
66727
66730
66734
66735
66744
66749
66763
66765
66780
66782
66785
66794
66798
66805
66818
66820
66831
66848
66868
66871
66871
66893
66894
66895
66899
66910
66912
66912
66912
66914
66921
66924
66929
66932
66933
66938
66950
66960
66960
66961
66961
66966
66985
66999
67000
67003
67019
67030
67039
67042
67053
67057
67064
67066
67067
67075
67079
67079
67090
67120
67141
67144
67165
67166
67189
67199
67203
67214
67224
67234
67253
67257
67258
67264
67266
67283
67285
67292
67305
67319
67330
67331
67332
67349
67349
67359
67363
67384
67420
67421
67427
67436
67439
67447
67448
67458
67465
67485
67492
67501
67503
67506
67519
67527
67534
67534
67536
67540
67552
67559
67567
67568
67574
67594
67601
67603
67609
67617
67650
67663
67667
67669
67679
67679
67680
67692
67694
67705
67728
67734
67736
67765
67766
67769
67770
67784
67804
67825
67847
67847
67847
67849
67851
67852
67874
67875
67878
67879
67884
67907
67908
67919
67925
67925
67934
67935
67952
67959
67982
67990
68022
68027
68034
68040
68045
68046
68051
68061
68063
68076
68083
68083
68109
68122
68125
68126
68142
68154
68157
68163
68171
68186
68188
68191
68192
68199
68207
68214
68224
68227
68243
68246
68253
68260
68263
68270
68271
68295
68303
68315
68350
68360
68363
68364
68378
68379
68402
68405
68412
68415
68418
68436
68447
68464
68494
68495
68496
68509
68535
68564
68576
68583
68597
68597
68603
68612
68614
68620
68623
68626
68627
68639
68644
68644
68652
68656
68661
68671
68691
68703
68712
68713
68727
68733
68739
68752
68755
68772
68773
68787
68790
68796
68821
68823
68824
68825
68828
68837
68846
68855
68856
68861
68872
68873
68881
68904
68908
68916
68917
68922
68934
68944
68947
68952
68959
68968
68999
69025
69049
69050
69061
69061
69089
69091
69107
69115
69130
69135
69142
69155
69185
69197
69222
69222
69238
69246
69287
69288
69293
69303
69304
69304
69307
69326
69350
69355
69376
69376
69376
69380
69385
69392
69406
69406
69410
69426
69438
69444
69465
69483
69485
69493
69493
69514
69520
69527
69536
69537
69543
69551
69553
69555
69557
69561
69587
69592
69599
69603
69622
69630
69639
69640
69640
69646
69650
69653
69654
69660
69665
69669
69672
69695
69702
69709
69720
69726
69735
69742
69743
