6
8
32
57
67
71
95
99
109
117
132
132
160
169
178
180
184
192
206
221
225
236
241
251
264
273
275
277
285
286
324
335
336
347
383
397
429
436
446
473
479
492
494
495
510
510
513
513
513
516
521
530
533
536
545
565
569
575
583
600
628
634
636
637
640
647
652
661
668
671
671
671
673
678
682
710
730
732
733
736
740
775
777
779
784
791
794
799
804
809
817
818
844
847
850
863
869
879
889
902
903
909
909
915
919
936
945
954
955
959
962
969
987
1033
1040
1046
1052
1056
1065
1080
1094
1099
1099
1109
1116
1116
1120
1121
1136
1141
1142
1166
1197
1198
1213
1219
1220
1254
1261
1265
1277
1282
1287
1290
1291
1318
1322
1334
1334
1339
1343
1359
1364
1369
1373
1374
1376
1382
1387
1389
1393
1394
1413
1431
1434
1438
1449
1463
1471
1490
1490
1494
1498
1517
1526
1528
1541
1542
1547
1552
1562
1576
1590
1597
1598
1602
1606
1622
1624
1625
1629
1653
1653
1655
1657
1659
1663
1671
1681
1703
1713
1724
1727
1732
1748
1784
1797
1811
1815
1816
1823
1831
1848
1862
1870
1874
1877
1881
1888
1902
1915
1918
1922
1930
1952
1957
1966
1966
1970
1985
1988
2013
2031
2036
2039
2040
2046
2047
2089
2103
2123
2137
2163
2190
2190
2220
2221
2223
2228
2229
2232
2240
2271
2278
2290
2301
2305
2311
2344
2380
2381
2385
2386
2402
2439
2446
2447
2461
2465
2465
2509
2520
2528
2532
2536
2537
2544
2552
2579
2591
2593
2614
2626
2634
2641
2648
2649
2656
2661
2667
2673
2697
2710
2734
2742
2747
2775
2777
2787
2794
2796
2813
2817
2832
2844
2858
2865
2871
2874
2883
2894
2907
2909
2917
2923
2927
2930
2935
2958
2961
2963
3002
3012
3015
3025
3030
3033
3035
3041
3065
3068
3068
3077
3086
3093
3099
3106
3117
3119
3120
3126
3141
3156
3176
3182
3192
3202
3204
3231
3240
3244
3246
3259
3263
3274
3284
3293
3293
3297
3300
3301
3307
3319
3322
3322
3326
3328
3342
3360
3362
3378
3389
3394
3397
3409
3413
3416
3420
3421
3430
3489
3492
3515
3523
3524
3534
3538
3545
3551
3554
3573
3578
3581
3594
3605
3620
3648
3653
3656
3668
3674
3680
3683
3694
3699
3713
3734
3735
3744
3759
3763
3786
3797
3799
3801
3803
3804
3811
3814
3818
3827
3837
3842
3844
3845
3856
3873
3880
3885
3890
3895
3898
3906
3922
3941
3945
3948
3959
3959
3975
3979
3981
3992
3993
3996
3999
4002
4022
4023
4045
4060
4064
4069
4073
4073
4081
4087
4095
4097
4102
4104
4121
4122
4140
4142
4145
4178
4189
4192
4217
4234
4239
4244
4245
4248
4257
4257
4277
4283
4288
4301
4315
4317
4317
4322
4323
4349
4368
4373
4379
4400
4418
4431
4433
4438
4439
4447
4449
4474
4514
4533
4542
4549
4567
4572
4574
4580
4587
4587
4592
4593
4612
4627
4636
4659
4675
4678
4698
4700
4700
4714
4727
4735
4743
4751
4770
4771
4779
4792
4795
4803
4806
4808
4808
4841
4842
4864
4873
4874
4879
4891
4912
4919
4922
4923
4929
4941
4957
4973
4986
5030
5031
5033
5042
5049
5051
5058
5073
5076
5078
5099
5106
5109
5110
5131
5135
5141
5153
5171
5184
5192
5194
5200
5209
5213
5225
5242
5243
5252
5257
5275
5276
5276
5277
5283
5290
5299
5306
5309
5311
5316
5329
5361
5389
5390
5396
5396
5401
5404
5433
5457
5471
5475
5488
5497
5505
5507
5511
5518
5534
5536
5539
5540
5552
5566
5585
5606
5616
5620
5622
5630
5637
5654
5670
5675
5681
5692
5717
5731
5733
5747
5749
5757
5761
5774
5789
5795
5797
5799
5801
5802
5811
5813
5856
5870
5877
5882
5897
5914
5919
5923
5929
5936
5944
5948
5963
5966
5978
5981
5992
6005
6005
6019
6029
6039
6047
6055
6056
6060
6061
6064
6067
6071
6072
6077
6086
6118
6131
6134
6162
6167
6177
6178
6187
6187
6188
6190
6216
6221
6230
6238
6245
6253
6280
6284
6286
6291
6305
6306
6333
6334
6336
6340
6342
6350
6351
6375
6383
6395
6397
6397
6398
6407
6415
6418
6451
6453
6453
6476
6477
6495
6500
6503
6513
6514
6521
6522
6540
6548
6551
6555
6565
6570
6576
6579
6584
6605
6610
6632
6634
6634
6664
6675
6713
6723
6725
6731
6746
6756
6763
6778
6803
6815
6820
6828
6836
6837
6837
6838
6855
6871
6891
6899
6905
6920
6922
6927
6928
6947
6957
6962
6974
6978
6985
6988
6997
7008
7022
7035
7053
7061
7064
7077
7086
7106
7124
7131
7135
7139
7147
7148
7158
7158
7164
7168
7171
7178
7181
7182
7192
7197
7206
7207
7207
7212
7216
7229
7230
7235
7239
7244
7250
7253
7255
7261
7269
7283
7287
7292
7311
7319
7345
7349
7349
7361
7393
7399
7405
7418
7422
7424
7450
7461
7466
7484
7495
7506
7509
7515
7533
7540
7544
7548
7550
7551
7553
7583
7589
7590
7603
7615
7638
7640
7644
7657
7669
7672
7696
7702
7712
7712
7735
7754
7756
7763
7763
7774
7775
7782
7797
7803
7803
7809
7833
7842
7844
7854
7855
7864
7884
7885
7904
7916
7923
7928
7966
7971
7972
7999
8001
8010
8010
8016
8018
8018
8033
8048
8050
8052
8070
8075
8078
8083
8085
8119
8122
8128
8131
8136
8141
8142
8156
8187
8199
8199
8202
8216
8217
8234
8240
8270
8273
8278
8288
8305
8308
8316
8343
8351
8355
8375
8389
8394
8404
8424
8426
8427
8432
8443
8448
8464
8488
8503
8514
8515
8516
8520
8529
8531
8532
8536
8543
8546
8550
8559
8577
8595
8605
8635
8642
8651
8664
8666
8683
8708
8712
8720
8731
8739
8745
8779
8782
8783
8784
8785
8793
8801
8810
8815
8823
8828
8829
8853
8859
8864
8870
8888
8890
8916
8923
8936
8936
8939
8943
8950
8951
8956
8959
8961
8968
8971
8976
8981
9012
9034
9045
9048
9064
9069
9082
9093
9109
9146
9169
9192
9202
9203
9216
9217
9217
9224
9227
9231
9242
9243
9258
9260
9279
9282
9305
9308
9318
9319
9321
9326
9333
9336
9338
9364
9370
9384
9386
9409
9410
9412
9415
9426
9428
9433
9446
9451
9456
9467
9470
9474
9480
9480
9519
9525
9535
9535
9539
9544
9557
9558
9577
9594
9610
9612
9620
9629
9651
9664
9666
9667
9667
9670
9671
9676
9680
9696
9700
9704
9717
9719
9756
9765
9772
9773
9774
9796
9800
9817
9819
9828
9837
9837
9838
9855
9860
9862
9884
9892
9907
9916
9919
9926
9929
9937
9944
9954
9970
9970
9998
10002
10006
10007
10012
10023
10027
10049
10058
10061
10063
10066
10073
10094
10097
10098
10100
10106
10121
10132
10141
10148
10151
10183
10183
10197
10206
10208
10225
10227
10269
10279
10315
10319
10329
10334
10334
10346
10352
10367
10368
10402
10409
10413
10430
10431
10438
10438
10470
10472
10473
10474
10477
10490
10492
10495
10516
10517
10522
10528
10542
10550
10552
10555
10569
10571
10590
10595
10612
10618
10624
10626
10639
10644
10646
10647
10673
10676
10679
10684
10714
10741
10741
10741
10768
10776
10778
10786
10788
10819
10821
10844
10845
10874
10883
10887
10904
10904
10907
10912
10922
10935
10935
10959
10995
10996
10997
10999
11030
11034
11035
11047
11049
11056
11059
11061
11065
11078
11086
11101
11102
11103
11114
11125
11149
11150
11152
11160
11165
11166
11166
11166
11175
11189
11200
11206
11206
11218
11226
11228
11241
11251
11256
11281
11293
11303
11309
11323
11324
11337
11339
11372
11375
11376
11387
11387
11399
11411
11414
11431
11452
11458
11473
11475
11483
11484
11485
11487
11495
11522
11527
11549
11558
11560
11576
11579
11607
11623
11666
11673
11700
11742
11765
11779
11814
11815
11822
11823
11825
11832
11850
11855
11866
11873
11879
11881
11895
11909
11912
11912
11918
11925
11925
11941
11943
11943
11943
11947
11949
11955
11962
11965
11973
12023
12023
12025
12029
12039
12045
12048
12055
12068
12068
12075
12078
12085
12090
12096
12101
12118
12127
12198
12204
12224
12224
12235
12242
12245
12246
12251
12258
12262
12267
12273
12275
12281
12294
12311
12312
12313
12316
12328
12330
12341
12347
12350
12359
12364
12366
12368
12374
12384
12402
12420
12420
12421
12431
12443
12463
12470
12478
12480
12481
12495
12496
12498
12513
12522
12527
12533
12534
12537
12548
12548
12557
12561
12564
12565
12574
12591
12596
12618
12625
12628
12654
12680
12690
12697
12701
12703
12711
12729
12729
12739
12746
12748
12756
12775
12783
12785
12787
12796
12799
12805
12829
12841
12870
12878
12880
12889
12902
12904
12914
12917
12921
12927
12931
12937
12948
12948
12960
12963
12967
12971
12973
12978
12988
12993
13003
13015
13027
13054
13069
13086
13087
13094
13125
13139
13146
13150
13152
13199
13201
13209
13209
13223
13251
13275
13293
13296
13310
13337
13342
13349
13353
13386
13392
13393
13403
13411
13422
13433
13433
13440
13453
13479
13484
13492
13500
13513
13513
13529
13550
13580
13585
13588
13599
13601
13612
13620
13621
13647
13654
13656
13664
13666
13666
13683
13687
13690
13691
13694
13694
13706
13713
13725
13727
13730
13731
13735
13736
13760
13761
13772
13772
13798
13802
13804
13805
13814
13819
13824
13827
13851
13912
13913
13934
13944
13946
13962
13976
13976
13980
13996
14012
14023
14024
14037
14041
14047
14054
14054
14056
14061
14071
14088
14091
14091
14092
14116
14124
14139
14142
14173
14185
14189
14190
14190
14203
14222
14222
14225
14233
14235
14237
14260
14261
14266
14276
14283
14327
14329
14346
14348
14356
14359
14374
14375
14379
14408
14410
14419
14420
14427
14452
14456
14460
14461
14465
14472
14472
14478
14490
14500
14504
14526
14551
14556
14563
14571
14576
14588
14593
14601
14603
14604
14606
14613
14650
14684
14685
14690
14693
14702
14714
14722
14726
14736
14742
14744
14749
14759
14762
14777
14778
14807
14808
14810
14820
14825
14838
14854
14860
14867
14870
14891
14892
14894
14895
14902
14909
14910
14916
14930
14947
14948
14951
14982
15004
15012
15018
15032
15048
15055
15056
15057
15058
15076
15079
15093
15096
15098
15105
15113
15128
15151
15157
15159
15163
15172
15179
15183
15220
15234
15237
15254
15258
15260
15264
15269
15273
15274
15284
15295
15299
15304
15330
15337
15337
15343
15352
15355
15357
15381
15381
15389
15402
15404
15408
15423
15428
15435
15436
15484
15492
15502
15502
15505
15509
15529
15541
15552
15561
15564
15590
15609
15620
15621
15630
15638
15640
15641
15664
15673
15680
15697
15731
15734
15759
15767
15783
15783
15799
15807
15809
15819
15820
15831
15836
15836
15836
15841
15841
15860
15869
15875
15894
15922
15926
15944
15946
15954
15985
15989
16002
16034
16039
16045
16048
16077
16083
16086
16097
16099
16107
16118
16121
16125
16157
16168
16176
16210
16210
16213
16219
16235
16241
16259
16288
16290
16294
16306
16317
16318
16326
16335
16356
16364
16367
16368
16373
16377
16386
16394
16411
16423
16437
16438
16461
16485
16494
16495
16496
16501
16542
16543
16543
16549
16576
16580
16591
16592
16611
16627
16646
16647
16664
16668
16678
16690
16695
16698
16704
16717
16746
16760
16778
16779
16785
16788
16799
16810
16837
16856
16860
16861
16876
16876
16892
16901
16903
16916
16924
16935
16940
16948
16959
16959
16962
16968
16996
17022
17027
17037
17072
17073
17083
17125
17132
17133
17139
17149
17155
17156
17161
17168
17176
17188
17205
17233
17235
17241
17253
17254
17268
17272
17282
17291
17296
17298
17302
17317
17318
17318
17319
17326
17332
17335
17346
17349
17351
17363
17369
17379
17385
17397
17413
17415
17437
17442
17449
17454
17476
17478
17481
17484
17487
17488
17499
17508
17510
17520
17521
17531
17544
17544
17549
17569
17572
17608
17610
17617
17622
17643
17679
17692
17692
17699
17715
17727
17735
17736
17739
17746
17747
17766
17776
17798
17803
17818
17822
17862
17867
17889
17897
17898
17907
17910
17911
17915
17922
17925
17934
17941
17955
17960
17963
17971
17977
17978
18000
18007
18009
18029
18030
18046
18047
18053
18070
18075
18090
18092
18097
18104
18104
18118
18131
18135
18137
18150
18152
18162
18168
18176
18178
18189
18195
18200
18215
18219
18231
18231
18236
18237
18240
18265
18271
18282
18283
18284
18286
18298
18309
18317
18329
18345
18363
18371
18373
18374
18375
18398
18406
18421
18422
18451
18463
18473
18473
18482
18497
18511
18520
18528
18537
18574
18575
18594
18597
18606
18616
18625
18639
18664
18667
18668
18669
18684
18701
18707
18710
18711
18712
18714
18725
18728
18748
18751
18751
18752
18757
18760
18779
18789
18793
18805
18807
18817
18818
18832
18835
18835
18839
18844
18854
18856
18859
18859
18862
18864
18866
18868
18880
18884
18905
18911
18912
18921
18925
18930
18938
18939
18943
18987
18993
19001
19001
19006
19017
19026
19038
19047
19048
19051
19072
19076
19078
19080
19088
19089
19096
19120
19128
19128
19137
19137
19146
19168
19178
19180
19190
19196
19200
19207
19209
19220
19230
19242
19263
19263
19266
19270
19288
19319
19321
19321
19335
19352
19354
19368
19394
19402
19412
19419
19420
19447
19463
19464
19470
19475
19496
19517
19525
19528
19528
19534
19551
19555
19565
19569
19583
19599
19619
19621
19625
19636
19639
19640
19640
19656
19661
19663
19666
19686
19688
19705
19711
19721
19724
19726
19738
19761
19763
19773
19792
19800
19801
19802
19813
19826
19841
19856
19864
19865
19870
19871
19901
19913
19913
19918
19921
19943
19959
19971
19973
19997
19998
19999
20006
20008
20020
20026
20028
20037
20038
20040
20046
20049
20061
20064
20065
20076
20082
20086
20087
20093
20098
20123
20146
20164
20168
20178
20186
20188
20195
20196
20200
20201
20205
20228
20229
20231
20233
20241
20248
20258
20267
20275
20276
20292
20311
20323
20341
20344
20356
20357
20359
20359
20370
20374
20378
20380
20383
20404
20406
20413
20424
20426
20429
20431
20462
20464
20508
20525
20525
20527
20531
20537
20542
20545
20555
20559
20562
20584
20585
20588
20600
20606
20625
20639
20645
20645
20678
20691
20700
20711
20714
20717
20723
20723
20732
20742
20742
20752
20764
20779
20789
20790
20810
20811
20812
20819
20821
20825
20832
20842
20848
20848
20853
20854
20891
20892
20911
20912
20915
20917
20922
20946
20955
20956
20963
20969
20971
20976
20985
21035
21042
21046
21073
21098
21102
21105
21107
21112
21114
21120
21121
21149
21151
21165
21180
21185
21190
21206
21207
21209
21209
21209
21214
21227
21231
21231
21252
21257
21258
21264
21265
21291
21296
21302
21327
21327
21369
21376
21376
21381
21385
21390
21395
21426
21435
21443
21454
21460
21462
21465
21473
21476
21479
21486
21506
21508
21510
21533
21535
21548
21555
21577
21598
21610
21612
21628
21640
21645
21647
21655
21661
21677
21688
21703
21711
21712
21714
21728
21731
21733
21759
21765
21782
21790
21800
21807
21812
21820
21823
21824
21830
21846
21868
21888
21894
21908
21911
21926
21939
21942
21948
21957
21963
21968
21991
21995
21998
22006
22009
22011
22029
22040
22047
22050
22057
22065
22066
22070
22077
22079
22079
22081
22083
22085
22091
22099
22123
22126
22132
22140
22156
22166
22168
22178
22178
22194
22195
22196
22199
22211
22217
22219
22225
22227
22243
22256
22257
22259
22263
22264
22293
22294
22295
22300
22307
22309
22321
22321
22325
22333
22346
22359
22364
22368
22384
22385
22400
22414
22417
22427
22430
22438
22438
22456
22459
22476
22482
22493
22498
22524
22535
22562
22574
22576
22580
22587
22610
22636
22655
22655
22673
22720
22732
22782
22784
22791
22813
22819
22832
22839
22847
22851
22854
22865
22866
22871
22874
22884
22899
22902
22914
22916
22927
22936
22942
23004
23004
23007
23035
23038
23041
23042
23059
23064
23081
23095
23118
23132
23141
23146
23153
23157
23158
23192
23201
23205
23207
23243
23252
23280
23287
23296
23298
23308
23316
23320
23328
23338
23338
23374
23384
23445
23458
23469
23473
23481
23484
23497
23500
23502
23508
23527
23545
23561
23574
23591
23597
23604
23617
23635
23640
23666
23672
23687
23709
23730
23732
23737
23743
23753
23757
23760
23760
23768
23794
23794
23803
23804
23806
23818
23847
23869
23869
23873
23875
23891
23896
23897
23911
23922
23922
23925
23930
23937
23940
23956
23989
23995
23997
23998
24017
24022
24023
24034
24035
24046
24065
24068
24077
24095
24113
24132
24144
24145
24146
24166
24166
24193
24199
24200
24207
24235
24247
24248
24249
24250
24261
24268
24280
24293
24298
24299
24314
24319
24335
24335
24348
24349
24350
24355
24364
24367
24382
24391
24415
24420
24445
24459
24480
24485
24492
24495
24502
24524
24552
24553
24569
24574
24586
24587
24592
24606
24608
24611
24615
24643
24643
24664
24676
24690
24699
24712
24722
24726
24737
24750
24763
24764
24765
24766
24767
24789
24795
24802
24805
24827
24845
24847
24859
24864
24870
24901
24920
24921
24933
24945
24947
24957
24959
24964
24964
24966
24969
24984
24991
24991
24997
25001
25005
25009
25010
25022
25042
25045
25048
25063
25093
25093
25110
25113
25119
25147
25148
25151
25171
25181
25189
25189
25266
25268
25272
25283
25294
25316
25321
25327
25351
25355
25355
25358
25364
25369
25370
25401
25423
25473
25520
25521
25539
25546
25555
25583
25600
25608
25608
25613
25622
25627
25639
25650
25653
25654
25655
25664
25667
25679
25680
25680
25682
25684
25695
25707
25714
25725
25748
25763
25763
25778
25783
25793
25808
25814
25815
25820
25821
25839
25840
25856
25856
25858
25864
25864
25870
25895
25901
25920
25921
25931
25951
25952
25967
25970
25979
25985
25990
25994
26000
26014
26015
26016
26042
26056
26057
26071
26078
26083
26101
26129
26143
26154
26158
26161
26164
26177
26177
26180
26199
26227
26235
26247
26256
26272
26283
26283
26294
26296
26335
26342
26345
26346
26348
26359
26363
26366
26381
26387
26394
26420
26436
26445
26451
26462
26467
26474
26489
26513
26523
26529
26579
26583
26584
26585
26588
26589
26606
26618
26623
26626
26634
26646
26661
26667
26686
26688
26689
26690
26700
26705
26706
26714
26716
26736
26748
26749
26793
26797
26851
26856
26858
26859
26860
26862
26868
26897
26904
26905
26905
26916
26919
26924
26962
26963
26992
26993
26996
27003
27015
27015
27015
27021
27044
27049
27050
27052
27062
27064
27065
27074
27076
27102
27108
27123
27132
27139
27150
27157
27158
27160
27196
27198
27209
27213
27217
27217
27227
27234
27237
27245
27254
27258
27259
27260
27288
27289
27293
27326
27344
27346
27348
27371
27371
27376
27382
27388
27395
27402
27404
27409
27413
27421
27425
27432
27434
27452
27460
27486
27494
27499
27503
27518
27518
27526
27542
27555
27558
27566
27568
27580
27581
27586
27593
27599
27604
27606
27611
27617
27630
27658
27665
27668
27677
27700
27706
27709
27714
27736
27736
27740
27751
27761
27778
27781
27784
27792
27795
27799
27803
27829
27850
27878
27885
27889
27900
27902
27910
27913
27919
27930
27931
27940
27941
27946
27976
27990
27991
28029
28032
28041
28043
28046
28053
28056
28064
28094
28101
28112
28116
28132
28134
28146
28146
28162
28188
28190
28193
28201
28205
28210
28217
28228
28235
28238
28239
28263
28271
28279
28284
28296
28301
28308
28333
28335
28350
28355
28360
28364
28389
28390
28393
28421
28440
28442
28443
28479
28490
28498
28498
28511
28519
28522
28531
28539
28540
28543
28544
28545
28557
28558
28581
28613
28648
28668
28670
28677
28680
28699
28701
28715
28719
28719
28731
28733
28734
28735
28746
28749
28757
28767
28785
28786
28793
28797
28799
28812
28812
28826
28840
28847
28874
28879
28887
28888
28890
28890
28892
28894
28900
28901
28904
28911
28914
28918
28921
28948
28966
28967
28971
28971
28974
28975
28985
28993
28993
28998
29008
29029
29045
29059
29111
29111
29119
29120
29125
29128
29144
29144
29150
29155
29157
29164
29174
29179
29186
29189
29200
29205
29206
29211
29227
29233
29236
29237
29239
29277
29290
29303
29310
29311
29312
29317
29322
29322
29323
29324
29325
29327
29334
29360
29368
29374
29377
29379
29388
29389
29399
29422
29422
29424
29430
29450
29466
29470
29474
29476
29489
29500
29506
29510
29521
29522
29538
29548
29556
29557
29606
29608
29615
29619
29642
29643
29654
29657
29667
29673
29687
29730
29751
29751
29758
29763
29772
29810
29828
29830
29865
29901
29917
29923
29923
29926
29941
29941
29947
29948
29966
29991
29991
30011
30020
30022
30037
30068
30107
30122
30124
30134
30136
30150
30195
30198
30199
30206
30225
30229
30236
30246
30255
30258
30258
30258
30260
30273
30276
30278
30280
30285
30290
30291
30296
30297
30298
30307
30323
30331
30348
30349
30353
30355
30402
30411
30455
30460
30469
30470
30475
30479
30483
30487
30489
30491
30493
30499
30505
30510
30511
30512
30513
30513
30526
30526
30532
30535
30538
30539
30545
30553
30563
30571
30578
30580
30584
30599
30603
30604
30610
30612
30612
30622
30632
30646
30646
30648
30657
30673
30674
30678
30715
30716
30732
30737
30765
30765
30771
30780
30782
30794
30796
30799
30819
30822
30840
30850
30854
30903
30904
30913
30921
30922
30923
30945
30984
30992
30997
31011
31038
31055
31061
31085
31092
31116
31117
31123
31124
31128
31138
31156
31163
31167
31174
31199
31199
31201
31212
31229
31235
31236
31257
31263
31268
31274
31274
31278
31315
31318
31318
31326
31331
31334
31341
31368
31397
31410
31417
31418
31419
31425
31439
31475
31479
31492
31496
31496
31503
31506
31512
31529
31533
31546
31547
31561
31579
31594
31595
31598
31600
31602
31611
31658
31702
31727
31728
31742
31752
31766
31775
31780
31782
31784
31798
31803
31807
31831
31845
31850
31864
31866
31872
31915
31931
31931
31933
31939
31956
31957
31971
31983
31986
31988
32022
32050
32064
32071
32072
32073
32075
32081
32091
32092
32095
32096
32133
32139
32143
32145
32149
32175
32176
32186
32197
32198
32208
32221
32234
32236
32240
32252
32255
32260
32265
32266
32284
32287
32289
32300
32301
32305
32308
32311
32313
32313
32327
32328
32339
32357
32390
32394
32402
32425
32437
32438
32454
32455
32456
32467
32481
32507
32526
32528
32530
32543
32555
32569
32569
32582
32585
32617
32619
32628
32628
32634
32651
32658
32662
32662
32663
32679
32688
32689
32700
32722
32738
32757
32767
32820
32833
32834
32848
32861
32865
32868
32874
32875
32884
32908
32910
32914
32938
32946
32965
32970
32979
32983
32986
32993
33044
33057
33057
33067
33088
33095
33116
33122
33164
33165
33190
33204
33208
33208
33213
33215
33238
33255
33255
33288
33293
33307
33313
33319
33340
33354
33358
33363
33410
33418
33440
33450
33459
33461
33461
33464
33481
33497
33498
33498
33505
33522
33530
33535
33544
33544
33550
33572
33608
33635
33644
33649
33651
33658
33689
33706
33708
33723
33740
33748
33760
33776
33789
33790
33791
33794
33802
33805
33810
33824
33851
33860
33865
33866
33868
33869
33876
33887
33920
33940
33943
33948
33951
33952
33956
33970
33974
33977
33984
33988
34051
34062
34065
34070
34090
34101
34109
34119
34119
34121
34128
34140
34153
34160
34165
34177
34177
34178
34186
34222
34229
34252
34264
34270
34284
34290
34305
34312
34318
34326
34326
34329
34330
34332
34337
34341
34347
34364
34389
34390
34391
34391
34394
34402
34404
34406
34418
34432
34458
34461
34501
34523
34532
34534
34540
34550
34550
34552
34555
34574
34579
34594
34602
34611
34644
34667
34669
34674
34676
34692
34697
34710
34722
34725
34727
34732
34751
34753
34773
34775
34781
34801
34809
34815
34824
34843
34848
34851
34872
34878
34887
34889
34921
34922
34926
34938
34961
34984
34988
34997
35006
35012
35032
35033
35033
35043
35045
35048
35055
35063
35067
35070
35093
35098
35101
35103
35118
35122
35127
35151
35157
35177
35186
35198
35229
35249
35253
35257
35278
35290
35296
35311
35311
35319
35321
35322
35327
35339
35372
35372
35374
35379
35382
35396
35405
35413
35417
35431
35466
35471
35472
35474
35481
35550
35559
35560
35574
35580
35586
35607
35620
35647
35647
35648
35656
35665
35666
35697
35697
35699
35711
35733
35736
35742
35744
35765
35768
35772
35773
35783
35785
35793
35794
35794
35796
35800
35805
35809
35813
35820
35821
35828
35855
35855
35859
35862
35868
35868
35879
35889
35890
35902
35905
35917
35944
35947
35954
35963
35995
36008
36018
36023
36038
36047
36048
36053
36069
36073
36080
36084
36094
36097
36103
36137
36158
36161
36177
36179
36181
36183
36187
36203
36207
36212
36225
36265
36280
36281
36295
36306
36306
36324
36333
36333
36337
36368
36383
36408
36413
36420
36425
36426
36447
36449
36457
36475
36508
36510
36519
36524
36526
36533
36534
36550
36558
36566
36574
36579
36596
36603
36604
36608
36613
36622
36624
36624
36642
36645
36653
36674
36691
36693
36720
36735
36754
36759
36760
36760
36777
36786
36787
36793
36804
36807
36812
36840
36840
36848
36855
36857
36866
36871
36879
36887
36892
36897
36909
36912
36919
36919
36935
36953
36954
36959
36965
36983
37018
37030
37032
37038
37054
37055
37063
37071
37073
37086
37094
37101
37131
37143
37181
37194
37195
37200
37201
37214
37233
37269
37271
37282
37292
37293
37295
37302
37309
37313
37316
37328
37328
37336
37347
37357
37360
37364
37370
37377
37381
37395
37407
37410
37415
37425
37434
37448
37449
37450
37471
37476
37479
37495
37496
37502
37505
37512
37531
37535
37546
37564
37570
37582
37594
37601
37610
37614
37624
37625
37646
37654
37661
37664
37679
37682
37687
37687
37699
37706
37712
37728
37731
37738
37746
37753
37758
37766
37766
37770
37776
37787
37789
37790
37805
37811
37813
37814
37827
37829
37830
37831
37845
37851
37857
37866
37870
37872
37875
37888
37892
37921
37923
37930
37935
37939
37942
37954
37975
37980
37986
37986
38005
38009
38016
38020
38021
38027
38058
38075
38078
38082
38088
38101
38102
38104
38105
38111
38113
38116
38118
38119
38122
38125
38135
38139
38141
38156
38175
38176
38176
38181
38184
38215
38230
38231
38233
38242
38245
38246
38254
38265
38274
38277
38319
38331
38332
38336
38338
38340
38341
38348
38357
38370
38377
38386
38386
38391
38410
38410
38429
38438
38438
38451
38455
38456
38470
38487
38488
38491
38502
38519
38519
38524
38536
38552
38558
38563
38566
38566
38575
38584
38585
38591
38593
38613
38616
38636
38636
38637
38648
38653
38661
38663
38666
38678
38713
38737
38743
38754
38756
38764
38770
38775
38783
38794
38797
38799
38838
38840
38841
38844
38846
38848
38870
38888
38910
38915
38926
38930
38934
38942
38943
38943
38955
38966
38975
39013
39015
39022
39031
39041
39048
39048
39049
39082
39085
39091
39107
39117
39134
39149
39151
39164
39165
39170
39180
39185
39206
39214
39218
39241
39264
39265
39286
39289
39290
39317
39341
39350
39379
39404
39416
39428
39429
39435
39439
39445
39456
39469
39488
39491
39550
39563
39593
39604
39614
39623
39639
39648
39669
39686
39686
39686
39697
39699
39703
39703
39705
39706
39720
39725
39726
39733
39745
39755
39779
39793
39796
39811
39839
39855
39865
39873
39889
39897
39905
39920
39924
39942
39964
39968
39969
39969
39987
39997
39998
40001
40013
40014
40018
40022
40025
40035
40048
40092
40095
40104
40105
40125
40126
40130
40138
40139
40145
40154
40155
40156
40177
40178
40182
40200
40218
40221
40225
40238
40242
40261
40265
40281
40288
40300
40310
40319
40325
40328
40328
40330
40330
40342
40344
40377
40382
40433
40441
40442
40442
40471
40474
40495
40513
40537
40548
40548
40555
40580
40589
40591
40602
40623
40632
40641
40645
40650
40654
40656
40661
40666
40678
40689
40696
40702
40715
40715
40717
40720
40727
40729
40730
40743
40751
40758
40762
40772
40786
40800
40801
40807
40813
40816
40817
40822
40824
40836
40843
40860
40864
40872
40880
40894
40903
40921
40925
40928
40929
40930
40939
40940
40945
40955
40956
40956
40958
40964
40970
40982
40986
40989
41041
41102
41116
41123
41129
41141
41142
41160
41168
41171
41180
41188
41191
41192
41198
41219
41230
41232
41236
41237
41240
41250
41255
41268
41289
41302
41316
41322
41329
41344
41346
41354
41366
41369
41374
41379
41385
41389
41394
41401
41419
41436
41440
41450
41456
41458
41459
41459
41460
41474
41481
41492
41500
41508
41541
41544
41564
41567
41586
41586
41594
41594
41607
41608
41615
41620
41637
41646
41654
41661
41669
41676
41681
41684
41705
41711
41722
41723
41727
41744
41746
41755
41761
41777
41784
41799
41802
41809
41810
41834
41838
41840
41858
41863
41868
41873
41892
41913
41918
41918
41920
41921
41926
41930
41964
41976
41983
41983
41988
41997
42009
42022
42028
42028
42030
42030
42046
42057
42077
42089
42092
42103
42126
42127
42130
42136
42138
42139
42150
42167
42188
42198
42232
42237
42240
42243
42254
42254
42270
42282
42284
42300
42303
42309
42324
42325
42328
42342
42356
42372
42383
42401
42409
42409
42410
42418
42423
42425
42432
42435
42443
42443
42452
42457
42464
42464
42472
42479
42480
42484
42492
42497
42505
42513
42515
42532
42538
42545
42545
42546
42568
42570
42578
42586
42611
42615
42626
42635
42640
42647
42649
42653
42667
42678
42682
42693
42710
42710
42717
42733
42735
42738
42745
42748
42750
42761
42766
42797
42797
42808
42812
42817
42818
42836
42837
42841
42842
42842
42862
42881
42895
42916
42919
42922
42923
42940
42963
42968
42986
42987
42989
42994
43035
43050
43072
43076
43081
43084
43084
43124
43127
43145
43149
43183
43193
43204
43226
43244
43245
43265
43265
43288
43293
43309
43309
43312
43323
43333
43337
43354
43354
43358
43361
43362
43370
43379
43381
43400
43401
43403
43414
43415
43420
43423
43425
43426
43431
43435
43436
43447
43447
43454
43459
43460
43470
43472
43479
43480
43482
43505
43508
43524
43537
43547
43567
43568
43571
43587
43591
43595
43606
43612
43629
43638
43651
43653
43654
43656
43665
43668
43676
43680
43684
43710
43718
43723
43734
43755
43756
43773
43775
43783
43789
43810
43832
43841
43842
43850
43853
43853
43856
43857
43877
43898
43901
43903
43904
43911
43915
43933
43934
43939
43947
43954
43965
43982
43992
43993
44000
44038
44038
44042
44049
44053
44067
44067
44070
44086
44091
44098
44102
44106
44110
44136
44140
44149
44157
44164
44203
44206
44259
44261
44263
44271
44277
44278
44281
44284
44287
44299
44319
44324
44328
44342
44348
44359
44368
44369
44369
44370
44387
44401
44401
44401
44416
44433
44440
44446
44460
44463
44469
44475
44499
44543
44546
44576
44580
44589
44608
44615
44626
44630
44630
44635
44649
44703
44736
44742
44744
44746
44760
44761
44788
44792
44792
44792
44807
44812
44815
44825
44826
44827
44828
44828
44829
44845
44849
44865
44882
44889
44895
44898
44899
44910
44911
44920
44923
44931
44941
44943
44961
44994
44994
44997
45001
45009
45012
45020
45050
45063
45063
45064
45069
45087
45109
45111
45124
45130
45130
45141
45147
45158
45179
45189
45190
45192
45193
45201
45216
45249
45250
45262
45277
45283
45288
45318
45321
45327
45329
45338
45342
45369
45389
45391
45393
45393
45405
45418
45421
45425
45428
45438
45466
45472
45478
45482
45490
45492
45506
45510
45510
45535
45544
45572
45577
45582
45590
45602
45605
45605
45609
45618
45623
45645
45647
45648
45653
45658
45670
45673
45682
45695
45713
45742
45757
45763
45771
45785
45789
45796
45813
45856
45857
45867
45870
45897
45911
45917
45918
45923
45932
45932
45939
45958
45963
45976
45991
45999
46012
46017
46022
46026
46039
46045
46059
46060
46065
46084
46084
46106
46106
46108
46112
46118
46129
46131
46131
46136
46156
46160
46163
46164
46164
46182
46200
46214
46214
46228
46244
46248
46254
46264
46269
46269
46287
46295
46307
46308
46308
46346
46365
46383
46393
46402
46405
46437
46444
46455
46456
46458
46459
46462
46466
46468
46472
46473
46486
46503
46518
46520
46528
46532
46550
46558
46563
46578
46585
46588
46593
46610
46618
46623
46624
46636
46637
46646
46668
46668
46686
46711
46727
46746
46747
46752
46755
46769
46791
46813
46820
46822
46846
46857
46878
46894
46896
46914
46921
46924
46934
46939
46954
46956
46969
46989
47001
47009
47027
47031
47048
47069
47109
47113
47126
47138
47141
47148
47152
47155
47157
47165
47170
47175
47193
47201
47205
47219
47220
47221
47221
47228
47260
47285
47291
47295
47311
47318
47337
47341
47349
47349
47366
47393
47417
47445
47449
47452
47456
47457
47457
47467
47469
47478
47485
47486
47497
47503
47506
47507
47508
47532
47532
47535
47536
47549
47551
47555
47572
47590
47605
47608
47611
47623
47632
47641
47668
47671
47673
47679
47687
47715
47716
47728
47732
47736
47756
47777
47779
47782
47805
47818
47824
47842
47843
47844
47874
47888
47888
47890
47892
47895
47905
47910
47912
47927
47942
47973
47976
47985
47988
48003
48009
48032
48041
48062
48067
48069
48069
48075
48078
48086
48088
48104
48106
48108
48117
48139
48141
48150
48156
48174
48181
48200
48208
48210
48223
48226
48243
48247
48249
48254
48266
48271
48295
48295
48295
48304
48308
48347
48355
48358
48378
48388
48396
48402
48409
48436
48438
48448
48467
48474
48478
48482
48499
48505
48508
48523
48529
48530
48536
48538
48547
48549
48561
48586
48595
48600
48604
48606
48632
48636
48649
48653
48657
48667
48680
48683
48704
48715
48725
48744
48763
48771
48773
48778
48788
48802
48814
48817
48835
48838
48842
48847
48850
48852
48858
48866
48878
48879
48890
48896
48899
48912
48918
48922
48926
48929
48947
48958
48967
48992
48994
49005
49018
49021
49024
49035
49036
49043
49053
49056
49074
49075
49083
49114
49116
49123
49123
49164
49170
49177
49185
49189
49207
49242
49252
49255
49259
49263
49264
49275
49298
49307
49308
49310
49311
49322
49324
49329
49337
49341
49350
49350
49353
49362
49362
49374
49377
49377
49381
49385
49394
49407
49412
49431
49438
49449
49458
49466
49466
49468
49470
49492
49499
49512
49515
49520
49547
49551
49560
49562
49566
49568
49584
49605
49612
49626
49644
49713
49717
49722
49723
49728
49729
49733
49746
49749
49754
49769
49780
49792
49819
49825
49827
49829
49833
49846
49847
49853
49853
49855
49878
49878
49888
49893
49919
49926
49927
49949
49950
49955
49980
49989
49990
49996
50010
50014
50018
50024
50026
50047
50049
50056
50071
50085
50091
50093
50095
50100
50112
50135
50135
50136
50146
50147
50156
50175
50201
50207
50216
50222
50227
50236
50262
50265
50283
50321
50371
50393
50393
50403
50405
50418
50420
50424
50429
50431
50436
50439
50439
50442
50445
50452
50454
50456
50466
50481
50512
50523
50525
50525
50557
50571
50577
50605
50607
50617
50651
50654
50670
50675
50676
50720
50726
50739
50742
50744
50755
50764
50767
50777
50786
50787
50799
50820
50824
50844
50846
50849
50851
50852
50864
50866
50870
50882
50882
50884
50886
50898
50914
50919
50920
50928
50929
50933
50936
50942
50944
50949
50949
50952
50954
50960
50989
51002
51006
51017
51030
51032
51035
51058
51065
51069
51079
51085
51087
51095
51097
51132
51149
51150
51187
51191
51203
51210
51224
51235
51244
51276
51280
51294
51294
51297
51297
51301
51307
51313
51332
51336
51337
51345
51348
51361
51364
51385
51393
51405
51413
51414
51420
51426
51429
51432
51448
51450
51464
51470
51477
51478
51485
51489
51491
51493
51495
51497
51502
51506
51509
51524
51525
51535
51550
51555
51560
51580
51583
51584
51589
51622
51632
51635
51642
51644
51647
51649
51658
51673
51674
51690
51705
51706
51710
51710
51729
51748
51749
51750
51758
51773
51782
51785
51793
51797
51805
51814
51830
51834
51838
51850
51878
51891
51900
51909
51909
51914
51915
51941
51944
51961
51966
51997
51998
52001
52002
52015
52016
52029
52029
52042
52042
52053
52054
52056
52083
52085
52088
52089
52096
52104
52106
52107
52111
52111
52113
52128
52139
52141
52174
52177
52184
52186
52190
52198
52202
52216
52221
52244
52244
52255
52272
52273
52275
52297
52311
52317
52319
52319
52373
52387
52400
52400
52427
52440
52456
52458
52465
52484
52496
52500
52505
52506
52520
52524
52535
52555
52574
52574
52578
52582
52584
52587
52608
52639
52641
52644
52651
52656
52661
52682
52686
52701
52702
52724
52732
52750
52768
52795
52822
52824
52840
52854
52855
52859
52879
52896
52898
52912
52917
52939
52944
52956
52960
52974
52976
52979
52982
52999
53000
53012
53029
53043
53044
53049
53051
53052
53056
53077
53099
53103
53116
53124
53144
53155
53160
53165
53168
53197
53206
53207
53215
53227
53229
53236
53246
53254
53258
53274
53292
53297
53313
53317
53318
53322
53340
53341
53352
53354
53357
53361
53372
53386
53399
53405
53426
53443
53447
53454
53457
53460
53465
53465
53480
53503
53512
53522
53527
53530
53530
53537
53537
53538
53539
53564
53585
53596
53597
53597
53598
53600
53611
53622
53623
53642
53647
53668
53672
53679
53681
53687
53701
53711
53731
53745
53753
53773
53775
53777
53777
53789
53803
53805
53805
53820
53830
53833
53834
53839
53840
53861
53862
53868
53875
53879
53881
53891
53909
53909
53913
53919
53925
53946
53953
53954
53955
53961
53981
54017
54036
54044
54044
54053
54073
54073
54086
54088
54150
54170
54177
54182
54183
54195
54195
54205
54208
54215
54215
54222
54222
54223
54237
54244
54247
54255
54266
54267
54269
54271
54272
54279
54284
54289
54290
54310
54341
54341
54344
54346
54350
54353
54353
54377
54380
54386
54395
54397
54401
54403
54411
54412
54452
54454
54468
54474
54475
54476
54479
54480
54501
54504
54523
54526
54535
54551
54555
54562
54571
54582
54582
54589
54590
54609
54614
54615
54625
54653
54658
54662
54664
54669
54700
54734
54735
54762
54766
54769
54775
54792
54809
54818
54852
54869
54872
54888
54897
54908
54911
54919
54922
54932
54938
55011
55014
55034
55036
55046
55047
55053
55069
55093
55101
55108
55111
55124
55138
55143
55165
55166
55168
55177
55182
55204
55205
55211
55217
55219
55224
55226
55228
55231
55253
55254
55261
55270
55277
55287
55304
55305
55308
55314
55319
55323
55347
55349
55371
55378
55384
55396
55398
55408
55420
55429
55432
55436
55437
55444
55446
55458
55478
55479
55480
55500
55501
55505
55505
55513
55519
55535
55537
55543
55552
55574
55580
55604
55613
55614
55635
55636
55644
55674
55699
55709
55720
55730
55734
55738
55738
55747
55756
55771
55771
55802
55804
55805
55805
55814
55826
55837
55850
55881
55882
55887
55889
55890
55904
55906
55919
55921
55924
55939
55944
55946
55947
55950
55953
55961
55967
55970
55974
55988
55989
55998
56003
56008
56018
56020
56027
56028
56036
56039
56056
56060
56063
56063
56074
56079
56085
56091
56102
56107
56117
56119
56130
56131
56134
56134
56155
56173
56174
56176
56184
56189
56189
56203
56276
56289
56295
56297
56304
56308
56311
56311
56317
56320
56330
56333
56365
56369
56370
56371
56406
56430
56437
56438
56442
56451
56474
56479
56482
56508
56513
56520
56549
56553
56556
56560
56566
56580
56580
56589
56598
56602
56603
56622
56639
56653
56656
56656
56657
56665
56680
56696
56715
56729
56729
56746
56747
56757
56758
56771
56783
56790
56797
56812
56816
56818
56821
56835
56845
56861
56867
56873
56875
56881
56900
56901
56922
56935
56939
56945
56954
56963
56967
56975
56978
56978
57009
57022
57024
57027
57044
57054
57066
57081
57094
57098
57100
57107
57115
57135
57163
57174
57176
57185
57191
57193
57202
57205
57208
57213
57217
57230
57249
57253
57258
57272
57277
57291
57315
57315
57324
57329
57338
57338
57347
57364
57373
57375
57375
57376
57381
57385
57399
57401
57403
57403
57413
57413
57419
57429
57455
57460
57465
57466
57469
57475
57479
57481
57481
57487
57509
57512
57515
57542
57553
57555
57557
57557
57598
57617
57630
57634
57644
57644
57654
57654
57654
57658
57664
57665
57684
57698
57701
57705
57723
57729
57730
57748
57759
57771
57775
57783
57795
57798
57800
57807
57808
57810
57811
57820
57821
57836
57836
57851
57864
57878
57887
57922
57936
57962
57964
57969
57971
57974
57979
58007
58026
58030
58040
58064
58066
58075
58075
58076
58088
58094
58097
58103
58105
58108
58136
58144
58171
58175
58181
58204
58210
58214
58231
58234
58234
58243
58244
58249
58252
58255
58264
58281
58302
58308
58311
58316
58321
58323
58330
58342
58344
58362
58371
58393
58396
58401
58408
58422
58430
58437
58439
58440
58449
58463
58467
58474
58481
58487
58501
58539
58542
58549
58553
58562
58566
58570
58579
58605
58605
58611
58615
58624
58632
58633
58651
58652
58653
58659
58663
58666
58668
58677
58686
58688
58700
58709
58716
58741
58762
58775
58779
58791
58791
58800
58822
58823
58827
58828
58829
58833
58835
58868
58875
58886
58894
58915
58915
58923
58932
58951
58963
58966
58972
58987
58989
59002
59023
59026
59028
59034
59035
59044
59065
59070
59074
59075
59089
59095
59098
59115
59116
59123
59137
59138
59142
59174
59179
59184
59190
59215
59235
59240
59244
59248
59251
59255
59257
59265
59266
59270
59278
59284
59299
59305
59328
59333
59337
59343
59345
59346
59352
59359
59374
59390
59400
59400
59412
59415
59419
59433
59453
59473
59480
59517
59537
59547
59548
59570
59577
59577
59579
59592
59596
59622
59623
59635
59664
59665
59670
59700
59735
59742
59745
59745
59755
59763
59807
59813
59839
59864
59891
59896
59911
59914
59919
59921
59923
59930
59931
59946
60002
60029
60044
60049
60073
60074
60082
60084
60086
60156
60157
60213
60223
60233
60265
60272
60277
60289
60292
60303
60305
60306
60313
60318
60320
60329
60337
60347
60360
60363
60367
60367
60370
60385
60390
60392
60398
60424
60442
60458
60463
60466
60477
60489
60491
60508
60518
60537
60538
60549
60550
60556
60562
60567
60569
60575
60576
60578
60582
60584
60590
60601
60627
60630
60640
60646
60653
60672
60677
60685
60690
60696
60702
60710
60733
60742
60763
60799
60804
60822
60824
60826
60844
60846
60875
60885
60900
60905
60915
60917
60922
60924
60926
60936
60942
60946
60952
60953
60966
60970
60972
61002
61012
61013
61020
61031
61041
61043
61053
61059
61067
61095
61097
61098
61100
61108
61144
61146
61151
61158
61159
61173
61183
61186
61192
61202
61204
61207
61214
61215
61222
61224
61229
61230
61269
61275
61279
61286
61289
61291
61296
61301
61312
61313
61320
61327
61333
61339
61341
61350
61380
61392
61393
61403
61404
61410
61413
61417
61454
61455
61457
61458
61461
61482
61489
61506
61517
61526
61551
61552
61562
61596
61601
61606
61606
61608
61620
61633
61645
61667
61667
61683
61684
61688
61708
61713
61713
61722
61727
61742
61758
61760
61799
61800
61809
61834
61844
61856
61866
61872
61875
61881
61882
61887
61887
61893
61895
61897
61903
61905
61910
61913
61926
61931
61943
61947
61947
61956
61962
61970
62007
62010
62017
62045
62054
62059
62059
62066
62071
62077
62083
62089
62094
62104
62112
62117
62129
62150
62165
62176
62212
62217
62226
62230
62231
62231
62232
62247
62259
62260
62264
62272
62288
62293
62309
62322
62329
62331
62331
62341
62342
62342
62351
62366
62376
62384
62391
62393
62400
62405
62405
62421
62429
62434
62439
62444
62450
62455
62488
62488
62490
62497
62507
62512
62522
62529
62541
62545
62552
62561
62565
62570
62583
62593
62604
62615
62624
62626
62654
62658
62665
62673
62685
62689
62692
62695
62711
62716
62751
62751
62755
62763
62765
62781
62800
62822
62823
62836
62836
62839
62842
62843
62869
62870
62875
62878
62880
62884
62890
62893
62895
62917
62919
62920
62941
62949
62952
62957
62962
62967
62967
62973
62976
62995
62996
63010
63010
63032
63037
63045
63073
63089
63101
63101
63109
63116
63129
63145
63156
63156
63163
63182
63182
63192
63212
63215
63216
63221
63228
63240
63278
63279
63282
63288
63293
63318
63321
63329
63341
63341
63355
63365
63368
63372
63404
63405
63412
63414
63414
63429
63444
63450
63465
63466
63470
63476
63487
63497
63498
63499
63502
63503
63507
63510
63515
63534
63536
63557
63562
63586
63592
63592
63636
63653
63655
63657
63667
63671
63701
63725
63768
63771
63780
63786
63789
63830
63853
63867
63868
63875
63877
63892
63906
63907
63918
63926
63935
63940
63951
63965
63973
63978
63986
63986
63989
63992
63999
64000
64002
64003
64005
64015
64034
64039
64051
64054
64055
64055
64084
64092
64103
64118
64131
64134
64142
64145
64159
64164
64169
64181
64182
64207
64238
64255
64263
64279
64303
64318
64327
64332
64334
64334
64337
64398
64429
64442
64458
64463
64464
64473
64475
64476
64483
64500
64515
64525
64527
64529
64548
64549
64553
64571
64574
64578
64607
64610
64620
64644
64644
64645
64646
64647
64651
64653
64654
64656
64682
64694
64696
64720
64725
64729
64756
64762
64771
64775
64776
64798
64812
64818
64834
64857
64874
64882
64896
64896
64897
64928
64943
64951
64958
64966
64973
64989
64996
65020
65025
65050
65051
65053
65066
65083
65089
65097
65098
65098
65099
65099
65105
65115
65127
65145
65153
65158
65175
65179
65181
65182
65184
65200
65201
65201
65208
65225
65234
65240
65242
65248
65272
65280
65288
65299
65320
65333
65341
65345
65348
65368
65374
65375
65384
65385
65408
65431
65431
65434
65445
65446
65463
65464
65473
65480
65489
65496
65499
65500
65505
65512
65518
65528
65531
65537
65547
65548
65565
65584
65601
65605
65608
65611
65617
65618
65635
65641
65649
65651
65655
65664
65669
65676
65686
65706
65736
65744
65750
65753
65756
65764
65774
65803
65807
65812
65814
65822
65831
65842
65845
65845
65847
65873
65878
65879
65883
65893
65896
65904
65959
65984
65986
66006
66016
66017
66024
66042
66044
66052
66055
66066
66068
66071
66074
66081
66088
66094
66098
66121
66132
66177
66179
66210
66215
66224
66228
66232
66234
66249
66255
66257
66261
66269
66281
66299
66352
66355
66355
66369
66383
66387
66392
66394
66395
66404
66411
66426
66435
66442
66446
66447
66462
66472
66500
66506
66517
66527
66534
66536
66546
66560
66568
66582
66584
66585
66594
66604
66611
66646
66649
66656
66684
66694
66705
66711
66713
66723
66737
66750
66796
66866
66882
66886
66894
66903
66904
66916
66917
66927
66930
66956
66971
66983
66988
67002
67007
67027
67027
67037
67059
67060
67061
67076
67077
67085
67097
67107
67132
67150
67156
67157
67165
67171
67171
67177
67179
67182
67198
67199
67220
67225
67230
67233
67236
67252
67260
67278
67278
67282
67282
67303
67303
67312
67325
67328
67328
67341
67350
67375
67380
67392
67394
67396
67400
67430
67433
67437
67445
67464
67468
67483
67498
67499
67514
67517
67534
67536
67543
67547
67549
67558
67565
67571
67572
67573
67578
67579
67580
67583
67597
67612
67614
67629
67664
67679
67692
67692
67696
67700
67710
67712
67715
67734
67739
67771
67779
67784
67791
67799
67809
67815
67825
67826
67826
67832
67841
67842
67848
67849
67850
67857
67861
67861
67865
67870
67871
67872
67881
67886
67891
67898
67905
67906
67910
67917
67930
67942
67943
67970
67972
67978
67984
67987
68015
68024
68028
68029
68029
68035
68037
68052
68053
68083
68097
68100
68112
68126
68131
68140
68181
68185
68185
68210
68218
68226
68235
68236
68239
68256
68259
68260
68269
68271
68272
68279
68286
68289
68292
68300
68310
68311
68315
68318
68321
68322
68323
68338
68346
68348
68355
68361
68376
68382
68390
68395
68405
68413
68422
68431
68448
68471
68517
68525
68529
68533
68536
68549
68566
68597
68602
68611
68613
68620
68627
68635
68639
68639
68653
68667
68670
68682
68699
68721
68724
68728
68734
68735
68741
68750
68756
68765
68795
68803
68804
68809
68817
68818
68825
68831
68856
68860
68872
68875
68883
68885
68886
68889
68891
68895
68914
68926
68928
68931
68950
68953
68970
68972
68984
68998
69006
69008
69012
69023
69026
69033
69036
69036
69036
69037
69041
69042
69043
69051
69068
69082
69095
69096
69097
69097
69116
69125
69131
69141
69161
69161
69163
69179
69188
69190
69198
69205
69207
69213
69226
69237
69239
69296
69296
69298
69310
69313
69315
69316
69317
69333
69336
69347
69353
69354
69375
69380
69404
69408
69409
69411
69433
69439
69444
69464
69488
69489
69494
69502
69502
69514
69523
69535
69538
69541
69542
69545
69555
69561
69561
69563
69571
69572
69574
69580
69600
69611
69619
69620
69646
69661
69663
69678
69682
69686
69694
69698
69703
69727
69742
69742
69743
