4
47
49
73
88
109
172
174
195
221
227
233
269
280
287
288
295
296
305
427
460
466
552
577
596
614
664
666
674
687
726
747
770
816
821
884
900
909
921
935
985
996
1034
1064
1091
1108
1108
1117
1124
1140
1196
1200
1243
1245
1273
1274
1294
1304
1312
1404
1412
1457
1463
1466
1490
1502
1515
1537
1556
1559
1573
1599
1609
1611
1615
1628
1656
1685
1721
1734
1743
1794
1809
1813
1868
1875
1878
1885
1905
1916
1954
1976
2077
2086
2112
2137
2160
2192
2225
2233
2241
2276
2298
2343
2373
2382
2393
2434
2481
2497
2507
2527
2538
2642
2672
2708
2716
2726
2752
2801
2821
2822
2823
2845
2891
2927
3005
3012
3023
3066
3067
3070
3099
3103
3139
3160
3168
3206
3213
3223
3258
3261
3280
3319
3491
3517
3526
3526
3548
3574
3590
3593
3629
3638
3641
3692
3712
3750
3752
3791
3807
3809
3875
3885
3921
3927
3935
3967
3969
3970
3982
3982
4004
4031
4036
4134
4139
4172
4197
4231
4266
4321
4394
4402
4463
4466
4482
4493
4493
4497
4556
4560
4571
4607
4662
4676
4739
4844
4846
4855
4869
4869
4869
4963
4999
5013
5066
5069
5122
5124
5157
5193
5215
5225
5276
5282
5313
5354
5379
5463
5466
5562
5574
5611
5615
5624
5646
5665
5679
5689
5755
5758
5781
5797
5799
5810
5831
5843
5855
5865
5870
5870
5873
5877
5900
5909
5911
5926
5968
5971
5971
6054
6067
6075
6093
6115
6130
6165
6188
6224
6292
6300
6307
6316
6380
6393
6402
6414
6433
6458
6498
6505
6527
6539
6562
6567
6620
6685
6752
6758
6758
6778
6791
6820
6835
6841
6862
6869
6870
6883
6992
7026
7120
7274
7291
7306
7324
7332
7355
7380
7409
7426
7511
7511
7552
7564
7610
7610
7613
7629
7666
7681
7685
7691
7714
7731
7735
7768
7825
7847
7871
7904
7913
7990
8000
8034
8061
8062
8080
8206
8222
8228
8237
8251
8274
8293
8311
8320
8323
8348
8382
8418
8463
8483
8503
8576
8604
8670
8685
8708
8717
8724
8728
8728
8744
8748
8749
8755
8771
8776
8795
8795
8825
8848
8904
8921
8951
8976
8982
8989
9033
9036
9037
9043
9068
9084
9092
9112
9131
9169
9179
9187
9235
9237
9244
9349
9380
9397
9398
9403
9450
9494
9528
9533
9553
9555
9563
9612
9631
9646
9678
9686
9692
9704
9730
9734
9759
9775
9839
9852
9867
9879
9902
9965
10003
10008
10018
10025
10059
10110
10175
10198
10211
10212
10216
10235
10247
10257
10294
10311
10314
10323
10331
10375
10377
10386
10388
10426
10429
10459
10460
10470
10486
10504
10593
10613
10615
10654
10699
10731
10738
10740
10744
10758
10793
10798
10840
10877
10884
10889
10891
10903
10921
10933
10956
10964
10973
10982
10982
11014
11067
11072
11075
11085
11085
11099
11119
11128
11130
11136
11137
11153
11215
11221
11258
11262
11314
11362
11381
11412
11426
11455
11467
11471
11485
11496
11538
11547
11563
11585
11596
11598
11603
11608
11660
11669
11688
11716
11718
11745
11755
11776
11778
11889
11906
11968
12003
12071
12079
12102
12161
12194
12205
12215
12221
12223
12224
12226
12232
12245
12261
12291
12301
12342
12372
12374
12389
12397
12403
12444
12463
12475
12518
12532
12543
12545
12657
12667
12690
12700
12709
12736
12744
12747
12759
12760
12828
12854
12873
12880
12904
12949
12953
12960
12977
12979
12980
13044
13083
13107
13138
13175
13181
13205
13232
13275
13277
13300
13315
13337
13338
13346
13380
13388
13428
13438
13443
13468
13528
13529
13534
13557
13558
13603
13604
13652
13652
13743
13756
13767
13768
13827
13857
13881
13902
13945
13994
14014
14076
14107
14129
14132
14136
14162
14216
14219
14223
14251
14255
14291
14312
14336
14341
14362
14365
14421
14430
14467
14486
14491
14506
14550
14633
14634
14652
14659
14693
14695
14743
14745
14770
14781
14801
14854
14864
14874
14887
15010
15074
15116
15124
15134
15171
15177
15181
15264
15329
15341
15342
15359
15370
15374
15431
15442
15452
15460
15484
15506
15508
15539
15548
15557
15568
15582
15633
15653
15679
15690
15694
15715
15777
15779
15808
15841
15846
15888
15918
15922
15948
15963
15996
15997
15999
16025
16084
16193
16203
16248
16302
16339
16362
16409
16414
16452
16458
16459
16548
16582
16601
16633
16636
16645
16647
16681
16700
16757
16757
16761
16800
16806
16808
16816
16824
16827
16838
16914
16932
16946
16989
17051
17060
17063
17108
17118
17124
17125
17161
17171
17176
17176
17178
17181
17226
17339
17347
17352
17361
17399
17465
17486
17536
17539
17552
17568
17569
17651
17660
17672
17686
17707
17746
17785
17819
17873
17932
17980
17996
18008
18023
18045
18045
18050
18055
18063
18064
18072
18103
18110
18122
18124
18130
18132
18151
18166
18175
18198
18242
18244
18251
18269
18293
18325
18358
18360
18366
18381
18420
18421
18427
18439
18444
18455
18484
18494
18502
18506
18564
18572
18575
18586
18626
18626
18660
18709
18752
18785
18790
18819
18820
18834
18852
18870
18871
18871
18877
18909
18913
18947
18957
18986
19046
19071
19079
19091
19105
19141
19166
19168
19202
19209
19213
19218
19273
19340
19341
19392
19399
19406
19412
19413
19422
19459
19506
19509
19545
19600
19616
19617
19621
19624
19626
19626
19639
19643
19648
19660
19666
19676
19749
19751
19771
19779
19783
19801
19811
19815
19839
19870
19887
19901
19931
19939
19956
20025
20030
20069
20069
20110
20146
20152
20253
20266
20268
20300
20318
20329
20349
20367
20482
20501
20542
20560
20727
20750
20789
20809
20819
20822
20823
20824
20888
20894
20981
20990
21000
21002
21017
21056
21082
21085
21133
21136
21162
21171
21181
21182
21185
21192
21209
21232
21253
21256
21275
21311
21322
21334
21351
21355
21366
21376
21396
21417
21426
21444
21463
21500
21530
21542
21604
21617
21630
21633
21636
21637
21645
21647
21665
21694
21738
21752
21759
21778
21785
21788
21792
21813
21815
21825
21826
21842
21894
21937
21968
21975
22039
22082
22085
22090
22107
22117
22143
22147
22206
22220
22228
22255
22289
22302
22314
22322
22333
22353
22368
22382
22471
22500
22531
22550
22552
22577
22578
22590
22625
22642
22651
22660
22667
22720
22754
22758
22780
22798
22854
22856
22870
22872
22884
22900
22919
22922
22973
22984
22987
22989
23026
23036
23072
23083
23089
23098
23102
23131
23147
23168
23175
23224
23249
23249
23276
23313
23321
23349
23362
23422
23425
23437
23451
23451
23468
23478
23485
23505
23511
23546
23581
23590
23598
23624
23627
23629
23637
23660
23668
23694
23733
23781
23802
23829
23831
23834
23836
23904
23909
23909
23923
23954
23955
23970
23989
24030
24056
24069
24072
24074
24083
24091
24122
24123
24125
24140
24150
24162
24174
24190
24203
24219
24242
24269
24293
24297
24309
24329
24368
24433
24444
24464
24471
24507
24520
24526
24539
24546
24562
24610
24613
24640
24645
24670
24700
24724
24726
24728
24800
24808
24829
24880
24886
24896
24908
24935
24949
24954
24954
24960
24987
24991
25086
25096
25100
25132
25133
25176
25206
25222
25257
25285
25309
25314
25318
25334
25335
25338
25352
25354
25371
25374
25395
25403
25418
25443
25444
25455
25494
25500
25503
25533
25550
25593
25653
25665
25686
25711
25725
25781
25810
25810
25858
25892
25930
25932
25940
26026
26069
26073
26076
26082
26084
26120
26124
26145
26174
26211
26224
26254
26326
26329
26340
26348
26382
26385
26393
26403
26460
26464
26473
26479
26516
26599
26622
26636
26684
26728
26796
26826
26826
26833
26864
26875
26881
26889
26916
26947
26954
26962
26987
26991
27071
27077
27147
27159
27218
27221
27244
27258
27293
27306
27316
27360
27368
27381
27384
27414
27418
27424
27467
27482
27503
27527
27532
27534
27572
27617
27631
27703
27715
27729
27729
27744
27831
27878
27898
27905
27907
27938
27949
28026
28096
28101
28112
28117
28118
28118
28153
28169
28170
28195
28205
28225
28250
28264
28270
28274
28280
28287
28288
28315
28336
28337
28354
28392
28407
28407
28410
28443
28472
28479
28494
28501
28514
28527
28553
28579
28584
28587
28626
28672
28694
28700
28732
28758
28758
28759
28773
28780
28792
28820
28830
28857
28927
28927
28933
28950
28987
29002
29003
29127
29148
29160
29164
29167
29174
29191
29204
29239
29243
29256
29299
29416
29426
29531
29535
29578
29587
29589
29595
29624
29626
29656
29662
29724
29729
29749
29768
29786
29793
29796
29824
29836
29843
29856
29878
29928
29936
29964
29992
30015
30060
30103
30104
30161
30182
30196
30206
30223
30224
30237
30247
30259
30266
30271
30276
30287
30295
30340
30362
30403
30403
30448
30504
30521
30523
30569
30587
30597
30611
30629
30643
30676
30714
30715
30731
30739
30786
30801
30874
30886
30895
30910
30944
30975
30977
31002
31019
31026
31028
31036
31063
31070
31103
31132
31140
31222
31233
31241
31289
31301
31320
31341
31382
31424
31435
31474
31526
31535
31536
31553
31554
31571
31589
31604
31608
31609
31654
31670
31680
31680
31697
31707
31743
31788
31799
31803
31812
31852
31888
31909
31916
31917
31937
31959
31979
31984
31991
31997
32011
32012
32016
32046
32068
32071
32082
32099
32103
32140
32188
32189
32192
32218
32240
32241
32252
32253
32266
32294
32315
32331
32351
32351
32354
32394
32409
32474
32480
32489
32491
32544
32544
32621
32639
32642
32674
32681
32699
32704
32771
32782
32784
32830
32855
32872
32907
32965
32967
32991
33034
33049
33057
33061
33086
33098
33115
33143
33190
33230
33233
33251
33252
33253
33272
33292
33295
33316
33316
33369
33392
33402
33410
33440
33469
33499
33524
33554
33569
33644
33655
33695
33727
33732
33744
33758
33783
33835
33841
33842
33863
33887
33903
33931
33970
33976
33991
34034
34046
34046
34072
34153
34154
34169
34180
34194
34210
34221
34288
34305
34339
34352
34473
34478
34494
34546
34561
34581
34623
34634
34643
34671
34680
34719
34779
34819
34820
34895
34943
34954
34957
34971
35008
35010
35024
35033
35054
35056
35057
35057
35111
35117
35153
35222
35234
35240
35281
35305
35306
35313
35330
35361
35370
35373
35389
35393
35409
35473
35486
35505
35522
35576
35608
35614
35624
35640
35670
35694
35702
35702
35727
35765
35793
35797
35853
35871
35893
35893
35901
35916
35938
35938
35938
36028
36036
36091
36106
36168
36212
36286
36326
36353
36369
36415
36495
36500
36505
36508
36536
36562
36588
36596
36603
36620
36637
36671
36684
36699
36730
36759
36767
36787
36809
36814
36861
36876
36879
36922
36963
36965
36971
36996
36999
37007
37008
37057
37060
37105
37136
37155
37166
37197
37210
37246
37300
37309
37326
37337
37338
37346
37365
37375
37376
37380
37418
37443
37459
37464
37464
37464
37478
37479
37485
37487
37521
37593
37648
37648
37660
37697
37750
37764
37787
37806
37833
37849
37859
37890
37902
37923
37953
37956
37960
37974
38002
38022
38029
38043
38072
38074
38102
38103
38104
38159
38164
38168
38174
38183
38184
38199
38248
38251
38295
38329
38361
38368
38392
38399
38421
38458
38491
38520
38532
38570
38577
38593
38612
38657
38659
38661
38688
38697
38725
38728
38744
38773
38793
38816
38844
38856
38858
38859
38860
38868
38873
38887
38896
38903
38910
38947
38951
38954
38955
38975
38976
39003
39015
39021
39023
39038
39064
39068
39101
39107
39114
39145
39148
39188
39198
39228
39235
39245
39248
39252
39262
39320
39321
39329
39355
39420
39430
39441
39507
39522
39564
39572
39580
39581
39600
39620
39630
39640
39682
39684
39685
39687
39691
39718
39722
39740
39751
39768
39774
39791
39803
39815
39898
39930
39934
39968
39985
39993
39995
40006
40096
40194
40282
40288
40294
40303
40304
40319
40335
40368
40382
40413
40415
40472
40488
40503
40524
40551
40551
40563
40618
40678
40710
40721
40730
40744
40758
40760
40773
40817
40823
40875
40891
40891
40919
40958
41000
41050
41053
41058
41065
41094
41097
41100
41150
41158
41187
41195
41209
41247
41254
41287
41287
41288
41293
41298
41327
41335
41358
41367
41372
41373
41419
41435
41441
41447
41458
41529
41546
41565
41603
41623
41628
41644
41647
41704
41750
41784
41787
41833
41903
41905
41925
41932
41948
41959
41974
41989
41997
42078
42117
42142
42228
42260
42325
42394
42396
42427
42430
42457
42463
42522
42525
42532
42579
42581
42596
42608
42664
42664
42704
42745
42755
42757
42767
42774
42780
42782
42800
42812
42814
42819
42882
42907
42915
42933
42967
42974
43002
43004
43065
43089
43121
43134
43160
43163
43192
43211
43256
43263
43295
43350
43352
43379
43383
43385
43432
43433
43436
43437
43449
43455
43470
43471
43474
43498
43513
43522
43525
43542
43552
43554
43559
43565
43566
43633
43718
43809
43848
43853
43870
43895
43933
43941
43942
43971
44045
44051
44054
44086
44196
44210
44217
44245
44247
44279
44292
44293
44326
44359
44387
44426
44469
44489
44490
44490
44496
44539
44578
44592
44608
44615
44643
44660
44662
44693
44694
44704
44717
44721
44724
44735
44754
44766
44793
44800
44806
44841
44888
44969
44978
45000
45010
45028
45046
45064
45064
45070
45124
45133
45140
45152
45171
45174
45191
45197
45265
45310
45314
45329
45329
45332
45337
45360
45381
45384
45388
45399
45412
45424
45450
45481
45482
45494
45505
45507
45560
45598
45613
45619
45624
45682
45695
45729
45732
45742
45755
45759
45786
45796
45806
45822
45829
45846
45853
45858
45866
45868
45870
45873
45897
45929
45959
45968
45969
45976
45987
46024
46044
46081
46103
46129
46139
46178
46186
46281
46283
46300
46303
46309
46323
46328
46333
46406
46410
46444
46518
46524
46539
46542
46642
46642
46644
46653
46674
46751
46815
46820
46848
46886
46892
46921
46978
47063
47066
47090
47091
47104
47123
47174
47174
47197
47207
47217
47219
47230
47236
47322
47342
47374
47385
47409
47423
47437
47446
47480
47486
47498
47503
47550
47582
47618
47676
47677
47731
47799
47875
47890
47933
47954
47963
47988
47992
48001
48012
48053
48109
48139
48149
48154
48181
48209
48228
48254
48266
48351
48382
48384
48393
48423
48433
48433
48477
48552
48569
48592
48616
48626
48626
48678
48702
48705
48749
48751
48774
48812
48815
48817
48873
48899
48905
48949
48964
48971
49014
49026
49094
49113
49114
49144
49162
49169
49201
49285
49289
49301
49328
49348
49369
49374
49389
49429
49517
49531
49560
49607
49608
49608
49642
49661
49696
49710
49712
49737
49774
49786
49828
49848
49853
49895
49930
49951
49954
49963
49971
49994
50008
50038
50040
50051
50062
50076
50088
50088
50146
50152
50218
50231
50233
50248
50249
50271
50287
50306
50307
50315
50315
50351
50353
50357
50374
50375
50389
50416
50434
50450
50456
50465
50484
50499
50529
50544
50562
50573
50585
50602
50652
50684
50685
50704
50727
50812
50828
50831
50835
50856
50880
50880
50883
50884
50890
50901
50908
50927
50930
50936
50954
50958
50974
50993
51000
51003
51038
51096
51097
51152
51200
51217
51249
51265
51284
51293
51297
51297
51356
51358
51360
51434
51439
51474
51475
51501
51519
51555
51635
51635
51636
51657
51664
51689
51689
51747
51781
51933
51938
51991
51997
52022
52027
52036
52064
52068
52092
52142
52156
52175
52180
52208
52218
52250
52254
52262
52262
52317
52333
52362
52408
52426
52450
52457
52469
52497
52499
52503
52530
52537
52575
52597
52701
52707
52711
52716
52724
52741
52754
52767
52773
52775
52779
52805
52867
52868
52878
52920
52953
52971
52972
53002
53007
53019
53020
53027
53069
53082
53094
53101
53140
53159
53165
53167
53177
53185
53239
53241
53241
53257
53273
53336
53336
53371
53386
53392
53440
53444
53452
53459
53460
53503
53519
53530
53550
53571
53571
53640
53666
53712
53741
53753
53764
53821
53836
53863
53889
53896
53919
53956
53974
54013
54025
54087
54150
54155
54175
54261
54315
54322
54333
54351
54353
54359
54362
54412
54422
54428
54456
54494
54531
54560
54583
54594
54603
54612
54636
54680
54743
54756
54757
54810
54827
54828
54888
54897
54902
54907
54927
54986
55004
55007
55017
55035
55035
55036
55044
55064
55075
55090
55102
55105
55137
55161
55164
55168
55219
55242
55252
55297
55319
55350
55370
55401
55401
55437
55469
55529
55586
55614
55620
55655
55687
55720
55726
55758
55767
55830
55847
55873
55877
55906
55910
55983
56035
56040
56045
56076
56098
56107
56144
56175
56227
56230
56256
56293
56296
56380
56391
56437
56527
56528
56578
56639
56659
56668
56671
56723
56741
56756
56791
56800
56809
56821
56834
56858
56866
56907
56924
56929
56941
56948
56962
56993
57003
57023
57029
57040
57042
57055
57071
57073
57103
57105
57148
57152
57170
57194
57211
57230
57282
57305
57341
57425
57426
57433
57443
57463
57464
57488
57528
57598
57753
57763
57808
57834
57909
57929
57946
57983
58008
58039
58068
58126
58160
58192
58258
58272
58278
58278
58289
58294
58358
58359
58384
58389
58391
58396
58399
58441
58464
58467
58473
58497
58506
58543
58572
58591
58596
58598
58601
58648
58655
58694
58710
58729
58750
58800
58815
58867
58947
58974
59036
59072
59085
59109
59123
59128
59160
59164
59166
59171
59193
59215
59348
59447
59490
59516
59520
59525
59532
59543
59558
59579
59597
59606
59626
59649
59690
59710
59760
59803
59812
59885
59918
59994
60004
60014
60031
60100
60102
60102
60118
60141
60147
60153
60158
60180
60182
60205
60221
60233
60256
60267
60319
60349
60389
60393
60395
60407
60480
60493
60500
60517
60609
60634
60664
60666
60687
60745
60775
60820
60833
60833
60850
60897
60910
60928
60944
60945
61026
61070
61075
61082
61122
61124
61129
61166
61217
61228
61269
61320
61363
61439
61484
61555
61556
61571
61613
61617
61623
61698
61709
61718
61718
61799
61858
61941
61963
61976
62027
62028
62059
62065
62069
62099
62113
62118
62133
62140
62160
62170
62175
62193
62198
62201
62266
62288
62308
62317
62350
62359
62395
62398
62405
62413
62433
62440
62463
62467
62488
62507
62537
62561
62579
62616
62621
62659
62679
62744
62756
62758
62819
62909
62912
62918
62920
62948
63008
63038
63040
63069
63115
63135
63145
63151
63179
63212
63351
63357
63443
63449
63530
63531
63536
63548
63579
63588
63616
63625
63626
63641
63694
63741
63759
63764
63794
63856
63904
63969
63990
64029
64041
64060
64088
64092
64115
64125
64135
64137
64154
64236
64260
64273
64273
64303
64305
64353
64445
64480
64520
64554
64563
64614
64615
64616
64623
64627
64665
64669
64699
64721
64742
64762
64781
64788
64791
64792
64806
64811
64821
64828
64832
64847
64859
64873
64895
64916
64943
64964
64984
65078
65087
65088
65110
65118
65130
65141
65165
65189
65244
65285
65291
65363
65387
65394
65407
65424
65437
65448
65481
65492
65493
65497
65499
65513
65552
65567
65588
65593
65628
65637
65663
65686
65707
65751
65755
65770
65796
65803
65822
65824
65835
65840
65851
65893
65895
65929
65931
65936
65941
65969
66019
66039
66076
66077
66080
66082
66094
66119
66132
66147
66148
66163
66185
66251
66342
66360
66395
66398
66457
66474
66480
66486
66536
66542
66546
66589
66671
66678
66681
66686
66691
66728
66729
66741
66754
66758
66816
66818
66826
66853
66877
66879
66905
66909
66924
66945
66978
67035
67046
67051
67056
67065
67087
67139
67153
67158
67199
67219
67253
67279
67337
67361
67391
67392
67396
67402
67416
67432
67450
67490
67529
67550
67584
67594
67615
67665
67680
67680
67688
67709
67737
67739
67748
67749
67830
67842
67882
67956
67965
67976
67986
68022
68029
68037
68095
68128
68187
68284
68307
68315
68319
68324
68343
68354
68366
68410
68432
68452
68489
68508
68510
68546
68548
68579
68605
68612
68612
68642
68648
68662
68692
68703
68765
68800
68808
68831
68855
68954
68954
68958
68985
68985
69021
69026
69200
69207
69246
69282
69298
69352
69361
69378
69390
69491
69493
69508
69536
69539
69556
69564
69569
69570
69607
69613
69663
69677
69705
69719
69729
69733
69735
69743
