60
77
132
158
246
320
338
434
443
541
570
585
664
681
802
931
971
1019
1062
1066
1131
1137
1162
1218
1260
1308
1498
1598
1629
1738
1759
1793
1871
1891
1938
1944
1973
2096
2108
2164
2167
2184
2218
2253
2295
2428
2511
2536
2629
2795
2799
2852
2962
2981
3022
3064
3077
3099
3099
3141
3219
3238
3282
3296
3310
3310
3423
3461
3474
3528
3590
3640
3655
3658
3666
3680
3727
3742
3752
3837
3868
3967
4063
4074
4200
4202
4263
4264
4292
4346
4357
4361
4385
4391
4421
4459
4637
4652
4673
4816
4834
4870
5166
5167
5259
5293
5332
5377
5595
5647
5686
5771
5801
5922
5933
6057
6063
6067
6079
6225
6229
6277
6319
6333
6337
6338
6377
6419
6449
6606
6706
6891
6907
6975
7049
7143
7183
7184
7271
7283
7300
7328
7432
7489
7532
7598
7663
7816
7846
7847
7849
7866
7876
7907
8094
8120
8129
8135
8167
8455
8481
8671
8711
8733
8911
8976
9051
9081
9133
9188
9215
9304
9416
9537
9565
9583
9594
9620
9679
9690
9811
9953
9967
9973
9983
10041
10084
10099
10188
10196
10210
10219
10303
10341
10424
10436
10466
10492
10498
10576
10671
10777
10806
10817
10877
10920
10981
11002
11017
11017
11067
11091
11123
11138
11175
11239
11324
11336
11381
11438
11438
11468
11494
11620
11644
11769
11794
11828
11914
11947
11948
12002
12066
12087
12243
12355
12462
12556
12584
12588
12657
12738
12819
12841
12843
13028
13073
13161
13214
13354
13486
13497
13531
13569
13630
13650
13813
13844
13966
13983
14062
14084
14166
14208
14412
14566
14611
14641
14686
14716
14735
14740
14759
14904
14934
14951
14967
14977
15081
15224
15424
15430
15473
15481
15557
15612
15735
15819
15895
15988
16037
16106
16226
16300
16307
16317
16397
16461
16507
16549
16550
16633
16801
16853
16905
16936
16940
17174
17262
17328
17358
17387
17438
17538
17544
17664
17803
17920
17936
17964
17966
18062
18095
18100
18104
18126
18144
18147
18162
18200
18384
18411
18507
18535
18597
18618
18744
18903
18912
18916
18920
18949
19072
19094
19148
19169
19250
19264
19399
19500
19821
19842
19894
19987
20011
20382
20411
20790
20873
20886
20919
20968
21027
21101
21107
21173
21219
21238
21240
21250
21352
21440
21495
21571
21616
21645
21661
21701
21830
21837
21860
21913
22053
22066
22136
22293
22298
22348
22425
22440
22466
22505
22512
22551
22569
22624
22651
22659
22661
22724
22745
23132
23136
23173
23260
23271
23319
23421
23452
23458
23482
23564
23839
23855
23861
23872
23879
23900
23994
24040
24046
24076
24134
24160
24259
24390
24473
24507
24550
24700
24701
24709
24722
24815
25138
25146
25158
25230
25389
25418
25418
25443
25512
25541
25551
25691
25696
25732
25775
25785
25792
25979
26048
26117
26125
26129
26153
26179
26310
26314
26393
26452
26486
26535
26555
26616
26620
26621
26653
26664
26732
26772
26832
26835
26860
26877
26900
26955
26960
27006
27112
27165
27167
27172
27173
27250
27366
27383
27553
27566
27571
27588
27605
27618
27653
27709
27806
27817
27916
27940
27950
28041
28239
28305
28306
28395
28522
28522
28526
28561
28578
28620
28684
28688
28766
28771
28816
28831
28894
28896
28900
28952
28972
29039
29234
29310
29336
29446
29463
29601
29720
29733
29744
29799
29833
29852
29948
30022
30071
30304
30360
30395
30440
30612
30828
30902
30996
31088
31097
31120
31142
31151
31173
31196
31200
31247
31263
31264
31287
31371
31411
31424
31439
31569
31573
31682
31736
31742
31772
31883
31987
32039
32149
32377
32424
32505
32515
32539
32619
32628
32677
32699
32747
32847
32968
32980
33140
33140
33200
33239
33277
33493
33534
33598
33629
33636
33715
33975
34002
34034
34244
34264
34357
34422
34462
34524
34537
34545
34561
34585
34634
34687
34740
34762
34816
34837
34928
34951
35029
35141
35263
35276
35281
35333
35402
35462
35470
35610
35618
35702
35835
35850
35883
35921
36035
36106
36140
36147
36237
36253
36353
36402
36422
36559
36663
36674
36771
37078
37139
37180
37289
37299
37304
37369
37548
37548
37580
37602
37605
37606
37616
37616
37639
37823
37875
37922
37930
37980
38021
38254
38276
38411
38436
38576
38664
38678
38773
38815
38871
38928
38954
38974
39023
39275
39496
39571
39735
39859
39910
39918
40086
40124
40304
40330
40456
40543
40561
40566
40613
40622
40641
40909
40955
41058
41089
41307
41322
41342
41345
41349
41390
41412
41611
41729
41775
41777
41899
41948
41961
42050
42094
42266
42490
42624
42651
42665
42734
42775
42781
42786
42801
42905
43014
43050
43052
43116
43121
43139
43174
43459
43539
43571
43607
43639
43654
43679
43754
43759
43869
43939
44024
44111
44186
44209
44322
44360
44372
44407
44415
44421
44450
44641
44642
44646
44659
44681
44705
44724
44755
44768
44792
44975
45013
45031
45057
45064
45122
45154
45177
45217
45268
45330
45345
45415
45441
45463
45625
45686
45689
45860
45879
45931
45939
45989
46056
46097
46219
46229
46275
46341
46351
46373
46409
46442
46444
46586
46675
46676
46691
46699
46789
46793
46884
46899
47035
47183
47391
47798
47865
47867
47962
47991
48010
48018
48125
48158
48194
48212
48233
48262
48265
48357
48405
48477
48510
48544
48574
48626
48634
48739
48758
48900
48943
49000
49200
49395
49455
49802
49818
49890
49991
50138
50226
50238
50239
50296
50319
50375
50389
50464
50483
50504
50521
50540
50561
50583
50648
50736
50828
50905
51034
51174
51182
51212
51228
51236
51279
51316
51319
51442
51670
51691
51704
51769
51772
51792
51836
51865
51929
52017
52276
52335
52484
52497
52581
52672
52674
52855
52928
52983
53002
53007
53024
53112
53138
53195
53230
53261
53277
53438
53444
53473
53479
53516
53649
53795
53822
54002
54016
54066
54095
54096
54129
54316
54328
54330
54333
54383
54407
54487
54494
54517
54531
54694
54720
54852
54957
55001
55020
55027
55108
55147
55170
55226
55242
55295
55313
55396
55455
55455
55503
55795
55806
55894
55923
55923
56025
56036
56047
56110
56141
56272
56333
56336
56341
56419
56422
56479
56485
56519
56550
56762
56807
56931
56944
57023
57031
57246
57275
57348
57373
57509
57593
57625
57638
57780
57841
57959
57978
58145
58185
58193
58224
58263
58318
58382
58395
58401
58450
58496
58524
58660
58684
58694
58720
58758
58790
58795
58832
58854
58864
58988
58994
59032
59062
59084
59116
59352
59550
59558
59749
59996
60004
60009
60149
60201
60266
60417
60466
60665
60781
60847
60881
60933
60984
61082
61173
61262
61678
61809
61819
61932
61943
61994
62007
62054
62098
62100
62316
62331
62888
63118
63288
63304
63310
63325
63415
63485
63551
63564
63757
63785
63817
63857
63893
63900
63967
63969
64028
64081
64166
64197
64264
64326
64408
64460
64467
64495
64617
64629
64874
64941
64952
65116
65193
65376
65379
65440
65440
65570
65691
65700
65719
65742
65809
65856
65857
66117
66177
66215
66253
66346
66396
66564
66597
66607
66610
66659
66753
66775
66851
66954
66957
66974
66988
67035
67061
67071
67128
67380
67402
67498
67591
67650
67700
67719
67732
67748
67831
67895
67946
67982
68007
68082
68262
68272
68329
68378
68399
68415
68509
68535
68536
68605
68666
68680
68733
68790
68819
68933
68949
68991
69002
69014
69101
69172
69179
69211
69284
69358
69413
69433
69466
69523
69559
69572
69695
