6
34
65
69
70
74
91
100
133
137
189
196
207
215
225
227
228
239
242
251
270
287
295
298
299
318
330
335
344
355
356
368
372
373
377
399
410
420
452
456
478
507
520
525
532
547
592
597
627
633
658
668
672
674
688
703
712
717
722
731
743
751
769
770
773
792
803
804
815
825
839
859
864
865
867
878
907
907
919
951
962
965
973
992
1016
1035
1108
1148
1152
1176
1178
1191
1193
1216
1252
1260
1294
1321
1322
1339
1340
1373
1375
1383
1383
1392
1397
1400
1432
1457
1457
1468
1500
1547
1554
1588
1592
1594
1615
1633
1638
1639
1648
1666
1675
1682
1694
1698
1723
1741
1745
1753
1771
1774
1799
1812
1821
1857
1867
1871
1877
1906
1941
1948
1962
2005
2033
2040
2042
2044
2080
2116
2136
2155
2189
2190
2207
2208
2236
2314
2318
2340
2396
2431
2438
2460
2467
2476
2476
2497
2510
2510
2517
2529
2530
2533
2536
2606
2627
2635
2637
2642
2680
2698
2701
2727
2736
2765
2773
2779
2790
2801
2809
2840
2879
2890
2901
2934
2939
2955
2969
2994
2998
3008
3012
3014
3019
3027
3047
3076
3105
3105
3110
3115
3122
3134
3135
3140
3156
3158
3164
3185
3265
3295
3306
3310
3388
3397
3422
3423
3430
3457
3469
3540
3549
3560
3561
3573
3577
3582
3603
3638
3658
3660
3670
3692
3705
3733
3759
3760
3773
3790
3792
3801
3817
3842
3843
3845
3859
3876
3891
3892
3899
3899
3928
3964
3981
4048
4058
4074
4102
4165
4184
4199
4208
4246
4288
4293
4318
4328
4344
4345
4359
4394
4422
4429
4438
4450
4464
4468
4472
4497
4515
4536
4555
4559
4581
4609
4613
4615
4624
4636
4649
4660
4675
4682
4682
4684
4687
4726
4726
4727
4730
4752
4789
4790
4797
4816
4841
4843
4864
4865
4869
4872
4893
4906
4921
4938
5002
5012
5025
5036
5042
5070
5119
5135
5149
5161
5162
5175
5178
5195
5215
5218
5248
5307
5324
5344
5349
5360
5367
5372
5374
5375
5395
5399
5412
5435
5471
5477
5479
5486
5503
5520
5527
5539
5565
5566
5585
5605
5608
5625
5650
5661
5714
5716
5748
5766
5797
5833
5841
5849
5872
5887
5904
5920
5940
5941
5955
5958
6001
6045
6047
6047
6072
6088
6098
6158
6198
6207
6221
6226
6227
6239
6250
6260
6265
6323
6323
6341
6344
6358
6360
6361
6368
6374
6431
6465
6468
6468
6476
6493
6500
6505
6512
6519
6534
6552
6555
6578
6595
6623
6685
6708
6713
6730
6733
6735
6748
6751
6760
6772
6815
6842
6861
6893
6896
6922
6923
6932
6934
6940
6946
6962
6962
6989
6993
6997
7002
7005
7007
7015
7033
7039
7045
7059
7146
7147
7192
7194
7205
7256
7280
7295
7308
7315
7317
7327
7339
7364
7379
7384
7395
7421
7422
7444
7447
7454
7459
7487
7494
7500
7501
7515
7516
7522
7537
7539
7545
7553
7571
7588
7598
7601
7602
7646
7673
7679
7723
7757
7771
7789
7800
7802
7805
7855
7864
7876
7891
7902
7933
7938
7945
7951
7966
7972
7974
7979
7982
7983
7992
8016
8041
8043
8059
8075
8079
8085
8085
8100
8115
8119
8151
8156
8156
8156
8159
8170
8184
8239
8257
8301
8327
8331
8348
8386
8437
8453
8530
8562
8612
8631
8649
8650
8658
8670
8722
8748
8748
8761
8763
8784
8785
8786
8804
8804
8822
8836
8849
8849
8878
8886
8895
8927
8942
8951
8951
8969
8976
8985
8985
8990
9033
9041
9057
9103
9111
9123
9126
9133
9147
9154
9157
9171
9179
9187
9241
9246
9268
9293
9302
9313
9316
9324
9328
9338
9340
9374
9374
9408
9422
9422
9431
9446
9493
9501
9509
9512
9528
9530
9557
9558
9585
9633
9673
9676
9680
9690
9696
9719
9722
9758
9761
9788
9789
9790
9845
9856
9884
9884
9889
9912
9915
9944
9951
9956
9957
9964
9965
9987
9988
9997
10003
10024
10034
10046
10060
10063
10080
10093
10114
10169
10188
10198
10200
10201
10212
10225
10229
10234
10239
10269
10290
10296
10303
10329
10365
10367
10369
10379
10386
10391
10422
10434
10459
10469
10472
10486
10500
10518
10539
10551
10559
10587
10611
10619
10627
10633
10665
10719
10724
10739
10751
10753
10753
10759
10771
10771
10780
10789
10795
10825
10827
10852
10863
10867
10878
10903
10906
11004
11013
11015
11016
11022
11026
11049
11107
11109
11129
11137
11137
11141
11177
11203
11205
11219
11220
11290
11303
11311
11313
11319
11332
11358
11358
11380
11423
11456
11458
11498
11573
11578
11586
11599
11609
11621
11648
11649
11662
11691
11717
11721
11741
11754
11760
11783
11792
11809
11818
11819
11824
11824
11829
11831
11849
11850
11888
11911
11937
11943
11966
11982
11998
12097
12112
12136
12138
12152
12154
12168
12170
12207
12216
12228
12229
12260
12340
12397
12406
12438
12454
12479
12490
12508
12517
12534
12541
12557
12559
12567
12585
12613
12645
12658
12661
12681
12684
12686
12689
12690
12710
12733
12772
12773
12851
12852
12854
12857
12868
12879
12883
12919
12947
12982
13030
13038
13042
13052
13124
13158
13175
13189
13199
13223
13223
13236
13240
13258
13298
13322
13334
13366
13395
13399
13406
13434
13445
13474
13492
13495
13498
13506
13530
13548
13597
13598
13609
13633
13645
13649
13653
13704
13712
13712
13713
13716
13734
13759
13811
13813
13826
13836
13872
13889
13955
13975
14006
14023
14035
14044
14066
14078
14094
14116
14198
14203
14205
14205
14209
14237
14285
14304
14320
14324
14337
14338
14353
14353
14443
14444
14481
14507
14527
14531
14532
14539
14549
14571
14584
14602
14627
14637
14639
14654
14661
14684
14710
14715
14716
14719
14747
14771
14782
14786
14788
14793
14801
14812
14816
14817
14825
14852
14872
14886
14890
14899
14915
14936
14977
14983
14997
15010
15019
15022
15045
15051
15052
15068
15103
15120
15166
15185
15190
15207
15212
15213
15214
15221
15233
15234
15258
15321
15324
15396
15412
15417
15444
15448
15459
15461
15484
15501
15502
15523
15539
15554
15598
15607
15611
15616
15631
15637
15676
15678
15690
15704
15773
15775
15777
15791
15811
15815
15820
15826
15827
15845
15852
15866
15878
15891
15908
15915
15931
15933
15944
15980
15995
16009
16010
16035
16037
16058
16069
16077
16113
16116
16123
16129
16131
16136
16139
16155
16176
16177
16249
16280
16286
16289
16302
16318
16332
16377
16384
16394
16394
16398
16399
16413
16432
16447
16449
16450
16490
16496
16504
16517
16532
16535
16536
16542
16594
16634
16662
16685
16690
16696
16715
16718
16724
16734
16736
16737
16743
16744
16751
16755
16797
16818
16841
16843
16877
16914
16919
16925
16932
16945
16946
16958
16960
16978
16990
17001
17023
17030
17052
17066
17083
17091
17132
17140
17158
17198
17233
17251
17252
17260
17266
17299
17301
17301
17329
17361
17362
17407
17437
17441
17446
17454
17470
17476
17491
17500
17518
17529
17535
17557
17573
17582
17601
17618
17627
17643
17644
17653
17668
17688
17737
17739
17774
17778
17785
17798
17802
17810
17853
17885
17890
17899
17910
17917
17930
17937
17971
17972
17977
17990
17999
18001
18022
18085
18114
18117
18124
18138
18158
18170
18217
18230
18260
18299
18325
18333
18334
18355
18378
18382
18388
18393
18406
18446
18480
18484
18486
18507
18518
18536
18569
18583
18591
18618
18628
18643
18646
18652
18655
18665
18678
18682
18694
18700
18705
18705
18728
18742
18746
18759
18762
18791
18820
18831
18844
18849
18865
18958
18985
18987
19017
19040
19046
19063
19064
19083
19100
19120
19124
19129
19146
19148
19150
19171
19205
19252
19268
19299
19363
19363
19373
19389
19395
19406
19461
19483
19494
19503
19546
19560
19563
19597
19614
19618
19633
19641
19670
19724
19729
19748
19763
19768
19792
19795
19805
19818
19835
19846
19866
19875
19915
19932
19932
19945
19979
20035
20035
20056
20064
20091
20161
20175
20192
20193
20224
20228
20274
20275
20318
20346
20354
20359
20368
20372
20390
20391
20424
20441
20446
20470
20485
20487
20496
20529
20549
20558
20579
20588
20592
20629
20665
20716
20753
20770
20827
20832
20841
20843
20870
20884
20888
20917
20932
20954
20960
21010
21016
21018
21027
21040
21049
21051
21057
21073
21078
21092
21106
21126
21143
21147
21171
21193
21227
21252
21268
21272
21329
21341
21375
21377
21390
21398
21416
21417
21472
21474
21496
21515
21520
21556
21558
21562
21573
21597
21600
21617
21618
21620
21655
21680
21759
21760
21763
21786
21789
21803
21804
21842
21843
21847
21881
21884
21891
21921
21943
21946
21987
22005
22013
22031
22057
22066
22091
22101
22104
22105
22107
22112
22115
22120
22122
22160
22179
22195
22206
22228
22241
22253
22254
22290
22313
22334
22358
22361
22365
22397
22401
22438
22441
22457
22481
22489
22516
22527
22529
22587
22611
22614
22620
22630
22654
22657
22700
22718
22719
22759
22767
22774
22852
22858
22861
22879
22889
22891
22900
22928
22983
22993
23022
23025
23039
23070
23090
23104
23122
23123
23125
23136
23142
23156
23168
23184
23201
23240
23269
23270
23292
23346
23368
23384
23415
23421
23433
23435
23455
23463
23486
23518
23541
23548
23567
23615
23616
23676
23676
23689
23706
23718
23727
23748
23783
23787
23834
23847
23867
23868
23874
23885
23903
23910
23966
24022
24030
24035
24057
24136
24154
24154
24191
24197
24199
24212
24232
24238
24262
24279
24289
24305
24328
24336
24369
24372
24383
24384
24399
24506
24528
24555
24563
24567
24631
24638
24638
24646
24654
24668
24682
24683
24714
24732
24749
24770
24782
24783
24809
24813
24841
24847
24880
24897
24912
24924
24935
24982
25000
25035
25050
25085
25097
25112
25119
25152
25156
25174
25179
25183
25193
25219
25246
25265
25266
25270
25275
25288
25295
25315
25344
25357
25367
25368
25379
25423
25424
25427
25440
25488
25489
25510
25514
25548
25578
25609
25610
25612
25618
25625
25628
25644
25645
25698
25751
25769
25773
25812
25835
25847
25853
25863
25888
25894
25917
25929
25949
25951
25977
26024
26035
26042
26062
26068
26100
26123
26125
26138
26154
26155
26163
26166
26172
26195
26224
26242
26304
26337
26342
26353
26378
26417
26443
26472
26502
26502
26508
26526
26560
26624
26645
26649
26708
26716
26749
26754
26759
26773
26780
26842
26847
26863
26870
26886
26897
26910
26924
26925
26932
26947
26949
26954
26960
26963
26995
27027
27040
27060
27067
27087
27109
27110
27112
27165
27174
27179
27197
27220
27237
27290
27292
27296
27298
27359
27367
27367
27370
27386
27393
27397
27411
27412
27421
27428
27440
27462
27484
27487
27497
27503
27553
27566
27578
27581
27610
27644
27645
27646
27663
27665
27683
27683
27748
27770
27778
27781
27787
27802
27814
27818
27822
27822
27843
27851
27892
27892
27942
27949
27978
28052
28070
28082
28129
28129
28139
28152
28169
28184
28216
28248
28266
28271
28290
28305
28325
28326
28374
28386
28398
28403
28411
28435
28442
28461
28472
28488
28496
28517
28556
28571
28573
28607
28618
28660
28678
28686
28690
28706
28721
28743
28771
28772
28776
28777
28813
28823
28835
28848
28879
28917
28933
28947
28969
28973
28973
28997
29045
29089
29093
29104
29107
29110
29114
29116
29121
29129
29170
29185
29211
29233
29266
29295
29304
29324
29329
29340
29371
29452
29497
29509
29530
29540
29543
29548
29559
29649
29656
29663
29690
29694
29701
29706
29711
29716
29727
29810
29828
29835
29862
29883
29895
29899
29902
29912
29912
29944
29948
29956
29975
30012
30057
30061
30074
30092
30102
30113
30115
30120
30126
30187
30200
30207
30210
30246
30275
30314
30342
30363
30364
30368
30370
30378
30379
30379
30380
30390
30403
30417
30438
30445
30467
30471
30489
30508
30510
30521
30567
30573
30644
30648
30655
30665
30666
30691
30705
30723
30757
30786
30788
30800
30801
30816
30855
30861
30895
30899
30906
30913
30929
30992
31030
31116
31124
31143
31158
31170
31175
31180
31217
31220
31228
31248
31252
31278
31283
31291
31292
31297
31314
31335
31338
31347
31368
31370
31374
31383
31401
31402
31402
31407
31420
31432
31448
31451
31464
31492
31493
31507
31517
31554
31569
31577
31592
31594
31602
31618
31621
31630
31635
31660
31670
31682
31689
31698
31709
31710
31712
31713
31751
31768
31783
31800
31828
31847
31866
31892
31905
31906
31907
31911
31925
31955
31958
31965
31973
31976
31984
31984
32032
32046
32050
32107
32114
32138
32143
32165
32167
32168
32192
32228
32231
32281
32334
32362
32370
32379
32392
32395
32403
32420
32432
32432
32467
32468
32473
32511
32523
32527
32542
32619
32660
32661
32707
32709
32714
32725
32761
32779
32783
32837
32858
32868
32877
32892
32901
32934
32977
32990
33028
33033
33044
33054
33056
33071
33073
33099
33100
33101
33166
33204
33215
33220
33269
33281
33291
33351
33361
33363
33392
33395
33406
33410
33414
33424
33430
33454
33458
33489
33516
33524
33527
33543
33589
33613
33613
33619
33623
33634
33638
33647
33653
33659
33666
33679
33684
33692
33707
33731
33772
33772
33782
33822
33858
33893
33905
33960
33961
34037
34046
34107
34136
34144
34151
34155
34158
34197
34219
34230
34235
34267
34279
34331
34348
34350
34389
34400
34423
34469
34481
34518
34519
34534
34556
34559
34572
34580
34591
34608
34609
34622
34656
34683
34690
34694
34706
34711
34723
34746
34748
34762
34776
34804
34830
34844
34856
34858
34874
34908
34912
34916
34937
34946
34981
34988
35002
35005
35011
35021
35028
35074
35135
35143
35145
35153
35153
35170
35174
35193
35203
35222
35231
35269
35277
35289
35335
35339
35348
35356
35358
35382
35395
35405
35419
35441
35444
35474
35475
35476
35531
35593
35604
35606
35625
35648
35648
35649
35654
35749
35759
35762
35767
35785
35796
35827
35835
35844
35863
35866
35900
35908
35981
35986
36000
36019
36054
36088
36094
36119
36120
36123
36142
36149
36192
36198
36200
36203
36208
36211
36230
36241
36242
36260
36262
36293
36337
36350
36367
36368
36370
36375
36404
36484
36502
36506
36507
36517
36540
36553
36560
36599
36639
36685
36689
36718
36718
36726
36726
36731
36739
36753
36778
36790
36796
36804
36822
36839
36879
36888
36892
36896
36918
36940
36958
36982
36983
36994
37023
37034
37036
37059
37066
37072
37103
37120
37122
37130
37155
37223
37227
37231
37236
37240
37243
37245
37261
37290
37320
37351
37361
37372
37377
37382
37391
37393
37406
37411
37426
37451
37461
37487
37509
37524
37532
37533
37552
37568
37601
37620
37640
37682
37684
37714
37721
37728
37740
37751
37760
37769
37805
37810
37830
37836
37848
37893
37906
37914
37915
37919
37936
37943
37956
37975
38006
38010
38016
38020
38034
38042
38092
38111
38118
38118
38127
38147
38154
38168
38230
38270
38275
38287
38297
38310
38369
38370
38387
38408
38417
38420
38441
38458
38482
38521
38533
38554
38563
38576
38585
38607
38615
38622
38623
38677
38702
38712
38717
38846
38850
38860
38889
38891
38892
38905
38921
38932
38943
38978
38990
38996
39012
39023
39048
39054
39078
39100
39107
39130
39139
39193
39200
39215
39218
39220
39220
39228
39280
39287
39291
39384
39390
39403
39431
39443
39463
39478
39484
39489
39505
39505
39512
39522
39549
39550
39558
39562
39573
39581
39588
39591
39595
39613
39635
39639
39649
39659
39688
39704
39721
39732
39736
39740
39769
39773
39774
39792
39831
39854
39925
39926
39930
39941
39980
40015
40020
40056
40064
40100
40151
40193
40198
40220
40221
40252
40272
40277
40300
40310
40314
40322
40345
40357
40372
40380
40421
40433
40434
40455
40469
40504
40548
40552
40577
40578
40594
40698
40716
40731
40740
40745
40752
40753
40766
40781
40820
40823
40829
40835
40861
40900
40908
40916
40939
40947
40948
40979
40981
40992
40995
41008
41016
41021
41043
41045
41059
41059
41075
41078
41091
41094
41101
41127
41153
41156
41165
41169
41207
41222
41225
41250
41269
41300
41327
41367
41376
41380
41393
41437
41475
41478
41484
41505
41516
41594
41610
41635
41645
41701
41712
41713
41713
41718
41728
41734
41740
41757
41759
41762
41782
41811
41827
41846
41862
41901
41906
41922
41935
41947
41963
41995
41998
42001
42002
42019
42037
42054
42080
42086
42116
42132
42201
42210
42233
42254
42255
42292
42292
42325
42361
42376
42391
42399
42433
42434
42435
42453
42455
42460
42489
42509
42517
42520
42545
42551
42561
42561
42579
42596
42600
42631
42648
42662
42670
42685
42706
42792
42792
42809
42809
42819
42825
42844
42854
42873
42900
42908
42930
42931
42940
42945
42967
42970
42978
42985
42987
42990
42999
42999
43017
43018
43031
43047
43048
43056
43063
43065
43113
43118
43127
43163
43211
43248
43256
43260
43275
43279
43304
43307
43307
43321
43377
43398
43431
43438
43448
43473
43534
43543
43549
43587
43591
43599
43622
43669
43720
43742
43742
43753
43769
43784
43787
43794
43814
43814
43815
43826
43830
43850
43869
43875
43876
43877
43880
43891
43894
43904
43929
43931
43937
43941
43948
43962
43984
43985
43989
44017
44035
44044
44057
44074
44084
44086
44089
44158
44173
44197
44209
44225
44225
44226
44232
44242
44250
44272
44313
44315
44317
44326
44347
44356
44388
44415
44421
44449
44452
44472
44474
44485
44528
44531
44534
44537
44541
44548
44556
44564
44572
44596
44623
44624
44631
44633
44645
44655
44691
44698
44712
44713
44721
44753
44754
44761
44770
44775
44799
44804
44813
44870
44886
44916
44919
44952
44980
44984
44987
45007
45023
45027
45028
45028
45068
45069
45101
45102
45105
45121
45133
45142
45159
45188
45231
45234
45240
45289
45334
45341
45366
45378
45400
45417
45443
45447
45461
45466
45475
45476
45493
45493
45544
45555
45600
45613
45624
45631
45673
45677
45708
45710
45712
45718
45729
45739
45756
45759
45768
45795
45818
45819
45827
45833
45852
45856
45858
45911
45934
45966
45971
45975
45987
46001
46020
46022
46026
46036
46089
46091
46132
46160
46163
46176
46184
46199
46202
46224
46226
46233
46248
46249
46251
46259
46269
46298
46312
46338
46398
46400
46465
46469
46481
46502
46538
46542
46549
46550
46552
46564
46577
46584
46601
46605
46621
46624
46647
46712
46722
46725
46748
46756
46760
46775
46848
46858
46873
46881
46894
46896
46906
46935
46953
46966
46975
46979
46995
47004
47007
47016
47059
47086
47101
47132
47143
47144
47163
47184
47200
47205
47217
47231
47250
47269
47289
47300
47333
47335
47341
47369
47390
47410
47414
47423
47435
47449
47468
47482
47514
47522
47544
47554
47580
47598
47607
47618
47626
47640
47647
47649
47656
47694
47704
47714
47759
47768
47789
47808
47835
47840
47843
47844
47854
47857
47862
47867
47871
47890
47893
47901
47906
47982
47986
48024
48041
48070
48098
48110
48114
48172
48209
48234
48256
48259
48286
48305
48352
48354
48355
48377
48390
48399
48400
48416
48433
48433
48437
48443
48445
48448
48489
48502
48517
48517
48554
48576
48579
48589
48591
48591
48603
48610
48634
48642
48648
48653
48677
48678
48691
48703
48709
48725
48766
48774
48818
48844
48847
48850
48862
48874
48885
48892
48907
48910
48929
48947
48958
48964
48965
48990
49002
49016
49018
49036
49057
49065
49142
49151
49161
49173
49184
49186
49186
49187
49196
49204
49247
49282
49299
49323
49341
49355
49361
49368
49375
49388
49398
49420
49422
49432
49454
49508
49512
49521
49546
49548
49553
49555
49590
49598
49612
49617
49622
49674
49697
49718
49726
49758
49760
49764
49770
49784
49789
49803
49809
49816
49824
49838
49841
49866
49876
49878
49887
49931
49956
49970
49991
50049
50054
50069
50128
50137
50167
50182
50214
50222
50224
50242
50245
50245
50257
50260
50265
50299
50305
50307
50318
50320
50349
50352
50359
50375
50387
50395
50402
50414
50437
50466
50498
50514
50514
50514
50559
50561
50585
50586
50596
50603
50607
50653
50667
50682
50718
50743
50782
50833
50865
50868
50876
50878
50885
50920
50935
50974
51020
51026
51038
51049
51067
51074
51084
51097
51101
51111
51149
51162
51234
51238
51271
51283
51303
51303
51304
51308
51315
51315
51322
51352
51359
51372
51377
51383
51456
51463
51468
51484
51489
51502
51512
51528
51534
51539
51542
51552
51583
51593
51611
51643
51644
51651
51654
51658
51670
51695
51700
51711
51714
51784
51785
51804
51821
51822
51830
51855
51875
51902
51904
51943
51951
51958
51958
51966
51973
51975
51982
51999
52002
52028
52040
52046
52048
52061
52072
52085
52094
52106
52115
52121
52159
52166
52174
52194
52218
52235
52245
52249
52312
52314
52316
52334
52356
52373
52386
52423
52429
52441
52524
52525
52558
52563
52568
52578
52593
52611
52612
52630
52700
52710
52727
52741
52744
52746
52762
52765
52790
52808
52812
52813
52815
52862
52866
52908
52911
52918
52926
52937
52971
52974
52975
52979
52980
53017
53035
53037
53048
53050
53105
53118
53154
53160
53187
53196
53207
53208
53218
53242
53245
53249
53274
53283
53300
53305
53307
53317
53339
53348
53361
53422
53479
53486
53558
53585
53599
53603
53613
53615
53615
53618
53647
53657
53671
53679
53680
53683
53688
53729
53740
53785
53796
53860
53862
53874
53875
53876
53880
53885
53890
53902
53925
53948
53960
53963
53980
53988
53990
53991
53992
53999
54010
54015
54133
54148
54157
54159
54209
54210
54229
54231
54249
54253
54277
54299
54316
54341
54361
54371
54384
54388
54399
54409
54416
54429
54432
54434
54439
54476
54489
54509
54515
54520
54538
54549
54556
54571
54575
54578
54586
54593
54603
54623
54626
54655
54665
54676
54683
54689
54746
54803
54820
54837
54844
54872
54902
54904
54963
54963
55008
55009
55043
55054
55094
55098
55103
55171
55187
55199
55205
55218
55254
55265
55296
55300
55304
55305
55362
55364
55382
55384
55387
55400
55401
55406
55413
55423
55425
55428
55431
55433
55437
55441
55454
55459
55463
55467
55472
55479
55527
55544
55554
55556
55617
55629
55664
55668
55670
55674
55699
55703
55791
55806
55842
55843
55870
55883
55896
55897
55908
55951
55962
55970
55977
56016
56042
56052
56062
56065
56070
56085
56087
56147
56148
56155
56202
56203
56233
56236
56238
56298
56304
56350
56360
56375
56377
56453
56461
56479
56495
56497
56510
56612
56621
56632
56635
56638
56643
56673
56675
56679
56680
56690
56716
56729
56736
56793
56809
56817
56825
56847
56877
56911
56912
56923
56923
56934
56945
56958
56971
56997
57004
57010
57010
57034
57056
57072
57077
57078
57081
57101
57115
57159
57196
57200
57208
57230
57244
57259
57266
57273
57280
57316
57318
57342
57411
57478
57483
57500
57560
57604
57667
57704
57705
57705
57706
57706
57718
57723
57728
57752
57762
57762
57762
57768
57771
57772
57803
57829
57858
57861
57880
57885
57971
57989
57991
58005
58013
58054
58061
58086
58136
58154
58176
58178
58198
58210
58211
58211
58231
58296
58301
58316
58317
58347
58376
58379
58416
58430
58470
58483
58501
58515
58552
58576
58583
58618
58623
58623
58639
58646
58656
58681
58710
58717
58726
58739
58751
58754
58763
58769
58792
58799
58840
58877
58887
58900
58905
58913
58933
58937
58954
58961
58965
58969
58976
58978
58984
58991
58999
59002
59017
59020
59038
59071
59071
59072
59090
59108
59131
59135
59206
59221
59263
59267
59273
59308
59311
59313
59315
59336
59341
59359
59361
59376
59380
59384
59403
59407
59461
59461
59478
59506
59526
59529
59625
59627
59630
59644
59645
59648
59648
59668
59673
59684
59700
59745
59771
59772
59772
59812
59814
59815
59821
59829
59831
59876
59921
59935
59937
59995
59997
60023
60047
60052
60089
60090
60091
60131
60163
60178
60181
60195
60214
60272
60303
60313
60328
60345
60349
60354
60358
60384
60384
60398
60406
60409
60421
60446
60457
60489
60501
60504
60516
60535
60552
60555
60558
60585
60590
60620
60673
60688
60703
60725
60726
60738
60806
60842
60852
60863
60863
60904
60911
60925
60948
60956
60980
60983
60998
61040
61048
61058
61089
61140
61144
61148
61219
61229
61232
61283
61289
61312
61332
61335
61343
61359
61369
61370
61378
61415
61437
61451
61454
61518
61521
61522
61530
61560
61568
61576
61594
61618
61627
61642
61653
61672
61685
61717
61731
61739
61766
61796
61820
61829
61873
61884
61887
61903
61913
61939
61953
61973
61974
62002
62025
62034
62054
62059
62076
62092
62102
62139
62141
62184
62212
62220
62227
62234
62254
62274
62295
62299
62339
62339
62344
62346
62383
62384
62386
62387
62392
62397
62423
62424
62438
62443
62472
62488
62512
62544
62546
62547
62553
62565
62607
62610
62635
62670
62684
62696
62710
62719
62753
62771
62778
62821
62859
62870
62893
62901
62910
62927
62935
62955
62966
62989
62995
63003
63003
63056
63108
63110
63113
63166
63173
63183
63194
63200
63233
63262
63316
63351
63381
63395
63410
63413
63414
63436
63438
63466
63479
63500
63519
63535
63542
63564
63571
63581
63585
63607
63612
63625
63649
63651
63661
63694
63697
63701
63713
63721
63731
63736
63740
63745
63747
63750
63781
63786
63790
63822
63826
63830
63854
63908
63908
63929
63931
63941
63945
63948
63953
63954
63971
63977
63977
63988
63996
64003
64013
64055
64071
64076
64123
64159
64161
64201
64201
64244
64249
64263
64267
64270
64302
64306
64329
64352
64358
64385
64393
64394
64409
64432
64437
64440
64448
64455
64462
64495
64513
64513
64519
64539
64562
64584
64612
64643
64671
64713
64723
64749
64767
64769
64779
64780
64799
64863
64926
64944
64959
64975
65009
65024
65029
65037
65039
65088
65091
65132
65174
65188
65193
65197
65202
65217
65219
65252
65269
65287
65313
65411
65415
65483
65529
65552
65557
65562
65565
65576
65606
65614
65653
65688
65706
65717
65717
65725
65755
65810
65816
65816
65821
65823
65831
65837
65862
65870
65884
65896
65930
65947
65949
65963
65965
65973
66016
66077
66082
66123
66126
66144
66154
66162
66167
66171
66174
66177
66184
66202
66241
66256
66266
66268
66273
66282
66287
66293
66357
66358
66359
66359
66366
66372
66375
66401
66420
66422
66424
66443
66454
66457
66480
66492
66509
66511
66536
66541
66542
66568
66571
66601
66609
66616
66620
66622
66659
66684
66691
66693
66698
66714
66718
66725
66727
66743
66751
66782
66824
66849
66864
66865
66873
66880
66891
66908
66919
66926
66942
66943
66950
66951
66968
66984
66984
66987
66989
66991
66993
66994
67005
67027
67081
67105
67118
67134
67275
67304
67312
67328
67333
67395
67402
67408
67416
67431
67441
67448
67452
67485
67497
67501
67545
67566
67570
67598
67600
67603
67606
67621
67633
67706
67707
67711
67713
67718
67723
67741
67793
67809
67809
67871
67884
67958
67964
67969
67977
67978
67988
67990
67997
68010
68016
68023
68047
68060
68074
68077
68113
68141
68153
68174
68176
68185
68185
68209
68213
68234
68252
68255
68273
68323
68369
68389
68399
68417
68424
68442
68477
68478
68506
68510
68517
68519
68529
68537
68567
68575
68580
68588
68603
68607
68624
68634
68651
68668
68714
68743
68750
68795
68808
68820
68854
68859
68877
68882
68912
68948
68949
68960
68985
69006
69013
69029
69050
69051
69052
69060
69072
69079
69084
69101
69104
69138
69186
69188
69210
69242
69274
69286
69294
69298
69304
69305
69311
69326
69332
69351
69413
69447
69455
69458
69478
69491
69497
69511
69534
69567
69586
69598
69635
69647
69672
69674
69713
69723
69733
