3
8
11
11
12
19
30
34
70
130
131
132
137
140
153
154
156
182
201
218
219
252
255
262
271
273
280
283
286
287
303
320
325
335
343
354
355
355
371
372
385
390
398
404
411
412
423
424
437
444
452
453
455
460
473
476
489
492
494
517
523
529
540
543
569
573
581
589
609
618
619
645
663
667
677
685
688
697
701
703
714
719
723
727
733
736
746
747
753
773
794
798
799
807
823
836
841
843
843
843
852
855
859
872
887
888
894
902
906
907
934
939
947
949
959
962
968
993
1005
1005
1033
1040
1040
1047
1048
1048
1049
1060
1076
1083
1094
1105
1111
1116
1117
1143
1145
1155
1156
1176
1195
1201
1238
1244
1245
1258
1266
1289
1340
1410
1441
1448
1460
1462
1488
1511
1534
1537
1544
1566
1568
1578
1586
1588
1595
1597
1598
1598
1604
1612
1642
1644
1644
1649
1655
1671
1683
1685
1686
1687
1689
1690
1719
1721
1722
1770
1783
1784
1789
1792
1803
1811
1813
1817
1818
1822
1823
1862
1862
1876
1876
1898
1905
1914
1927
1930
1940
1945
1945
1953
1957
1958
1980
2017
2050
2067
2069
2086
2091
2094
2098
2110
2118
2136
2148
2155
2158
2175
2182
2182
2190
2236
2238
2247
2251
2258
2263
2267
2270
2275
2285
2304
2306
2314
2334
2346
2350
2352
2366
2372
2375
2377
2394
2407
2408
2414
2423
2429
2433
2447
2447
2463
2465
2467
2469
2473
2473
2482
2483
2483
2505
2509
2518
2528
2530
2533
2545
2564
2570
2574
2580
2584
2600
2605
2609
2610
2616
2619
2622
2625
2630
2634
2636
2642
2648
2681
2683
2685
2688
2690
2695
2699
2712
2717
2718
2735
2740
2762
2763
2766
2768
2772
2784
2787
2799
2800
2802
2803
2816
2826
2835
2837
2870
2888
2893
2895
2899
2918
2928
2936
2940
2952
2957
2959
2966
2978
2983
3000
3001
3003
3003
3039
3043
3045
3070
3071
3080
3081
3086
3090
3095
3096
3104
3112
3145
3150
3154
3170
3172
3175
3180
3236
3240
3244
3259
3265
3265
3273
3313
3326
3334
3337
3343
3368
3412
3424
3433
3441
3441
3449
3453
3458
3472
3475
3484
3486
3497
3498
3511
3517
3532
3538
3539
3545
3549
3557
3570
3576
3590
3593
3593
3594
3596
3630
3631
3634
3640
3648
3660
3668
3670
3678
3681
3687
3689
3712
3716
3723
3728
3744
3753
3755
3780
3814
3856
3859
3859
3862
3870
3871
3873
3883
3894
3926
3929
3938
3939
3943
3945
3963
3966
3972
4031
4056
4063
4071
4079
4126
4127
4132
4139
4140
4143
4148
4152
4158
4163
4176
4179
4180
4200
4204
4207
4218
4254
4265
4282
4297
4325
4326
4327
4328
4329
4329
4341
4343
4346
4354
4362
4379
4384
4389
4392
4426
4453
4464
4468
4470
4472
4475
4518
4526
4533
4541
4566
4575
4589
4611
4618
4619
4633
4650
4652
4661
4665
4667
4668
4672
4678
4679
4692
4693
4699
4702
4728
4753
4763
4765
4777
4779
4781
4789
4791
4796
4802
4802
4805
4812
4823
4847
4865
4872
4889
4894
4912
4927
4931
4943
4957
4958
4959
4985
5004
5005
5007
5012
5015
5016
5019
5039
5046
5051
5053
5068
5076
5087
5095
5097
5097
5118
5124
5127
5132
5142
5149
5156
5164
5171
5172
5187
5208
5211
5212
5228
5238
5245
5279
5279
5281
5285
5287
5288
5290
5291
5292
5305
5315
5318
5330
5331
5335
5335
5357
5358
5362
5367
5369
5376
5382
5384
5392
5393
5395
5401
5409
5414
5416
5421
5425
5440
5444
5451
5454
5456
5467
5470
5487
5494
5503
5504
5521
5531
5534
5534
5540
5541
5546
5556
5562
5562
5565
5570
5581
5586
5590
5597
5601
5609
5647
5652
5661
5664
5671
5673
5676
5680
5690
5720
5729
5730
5736
5739
5751
5751
5756
5764
5781
5806
5810
5821
5822
5836
5840
5843
5850
5853
5858
5860
5868
5876
5879
5886
5913
5920
5928
5928
5928
5929
5943
5944
5948
5951
5962
5962
5963
5966
5977
5977
6002
6004
6013
6026
6036
6037
6038
6065
6081
6096
6113
6119
6152
6159
6165
6169
6178
6198
6201
6201
6239
6239
6256
6258
6262
6276
6285
6311
6319
6326
6329
6329
6338
6339
6344
6346
6348
6370
6382
6384
6392
6402
6407
6414
6424
6435
6437
6439
6445
6450
6455
6460
6477
6497
6498
6512
6539
6564
6567
6575
6575
6580
6609
6625
6635
6665
6676
6679
6693
6701
6701
6702
6720
6729
6742
6742
6749
6760
6765
6765
6767
6769
6770
6782
6788
6794
6809
6821
6823
6842
6856
6859
6865
6872
6878
6882
6899
6904
6907
6911
6940
6966
6986
6990
7014
7015
7015
7017
7035
7050
7060
7065
7067
7074
7085
7115
7119
7135
7139
7149
7167
7168
7179
7185
7201
7215
7223
7234
7237
7243
7244
7258
7263
7291
7305
7305
7316
7318
7327
7333
7337
7341
7342
7344
7376
7377
7389
7391
7395
7414
7415
7423
7431
7478
7486
7487
7490
7505
7512
7532
7534
7537
7548
7558
7566
7610
7626
7631
7664
7673
7680
7691
7696
7698
7704
7716
7723
7729
7746
7752
7763
7767
7767
7770
7782
7789
7804
7806
7806
7808
7835
7842
7846
7864
7868
7869
7876
7889
7891
7909
7918
7929
7939
7954
7989
7997
7998
8006
8019
8032
8052
8054
8055
8084
8087
8095
8098
8101
8129
8153
8153
8157
8163
8170
8205
8209
8223
8239
8241
8243
8249
8259
8264
8266
8280
8281
8284
8290
8309
8323
8337
8341
8341
8346
8360
8368
8368
8375
8401
8415
8417
8421
8428
8436
8438
8450
8454
8461
8471
8479
8484
8484
8506
8524
8526
8538
8545
8557
8562
8563
8576
8577
8579
8582
8593
8596
8598
8600
8606
8609
8628
8631
8638
8643
8647
8680
8682
8683
8689
8702
8705
8713
8723
8726
8733
8740
8777
8782
8798
8821
8829
8835
8862
8880
8888
8893
8894
8897
8899
8900
8906
8912
8922
8926
8929
8932
8932
8935
8937
8938
8942
8956
8959
8960
8961
8962
8973
8986
8991
9011
9011
9018
9025
9042
9043
9049
9050
9051
9059
9066
9067
9086
9092
9106
9112
9123
9131
9138
9194
9201
9206
9209
9213
9245
9250
9250
9251
9251
9257
9263
9295
9302
9307
9308
9321
9334
9335
9349
9353
9353
9367
9372
9375
9376
9381
9383
9387
9391
9401
9416
9428
9436
9439
9460
9474
9474
9476
9477
9487
9524
9529
9532
9551
9578
9581
9593
9594
9595
9605
9617
9627
9651
9661
9682
9710
9712
9712
9720
9722
9736
9744
9752
9774
9774
9776
9790
9798
9804
9820
9821
9828
9829
9832
9835
9839
9845
9860
9861
9869
9876
9887
9896
9914
9915
9920
9947
9951
9955
9961
9965
9971
9987
9988
10017
10038
10053
10059
10066
10070
10072
10092
10093
10094
10102
10107
10114
10121
10123
10127
10130
10137
10143
10187
10222
10229
10243
10246
10276
10300
10324
10339
10341
10370
10372
10373
10391
10393
10409
10419
10423
10436
10441
10446
10456
10458
10472
10475
10477
10483
10493
10496
10512
10516
10519
10521
10524
10544
10544
10570
10577
10582
10606
10616
10620
10622
10624
10626
10631
10634
10634
10638
10645
10654
10656
10656
10667
10675
10690
10702
10713
10716
10744
10748
10750
10751
10782
10786
10790
10790
10799
10800
10815
10840
10844
10850
10856
10868
10869
10874
10877
10879
10887
10889
10898
10904
10912
10938
10952
10953
10983
10991
10991
11000
11005
11014
11017
11022
11035
11049
11057
11064
11096
11115
11120
11123
11130
11132
11136
11147
11150
11160
11181
11186
11195
11200
11200
11202
11214
11233
11248
11270
11274
11278
11307
11321
11330
11351
11360
11365
11372
11377
11379
11392
11394
11395
11399
11411
11421
11423
11429
11429
11462
11485
11486
11487
11488
11491
11503
11507
11515
11532
11546
11564
11576
11599
11605
11614
11621
11637
11638
11659
11669
11713
11715
11721
11754
11756
11763
11784
11789
11794
11821
11827
11827
11851
11857
11878
11888
11894
11907
11913
11926
11930
11948
11961
11968
11970
11984
12002
12012
12015
12028
12038
12041
12046
12060
12070
12079
12083
12105
12112
12116
12119
12119
12130
12142
12152
12157
12165
12179
12204
12214
12222
12237
12239
12247
12251
12253
12256
12266
12268
12274
12322
12335
12337
12340
12342
12349
12356
12356
12366
12367
12371
12383
12394
12402
12408
12426
12427
12452
12462
12462
12482
12486
12488
12489
12491
12501
12504
12515
12524
12524
12527
12528
12529
12537
12544
12547
12574
12577
12615
12629
12630
12631
12640
12658
12685
12706
12714
12717
12729
12731
12733
12734
12746
12758
12761
12774
12777
12778
12780
12785
12794
12800
12804
12806
12824
12828
12834
12845
12847
12851
12869
12883
12885
12894
12903
12929
12943
12958
13004
13036
13043
13046
13053
13064
13068
13076
13102
13103
13119
13122
13134
13153
13157
13159
13160
13175
13211
13215
13224
13228
13230
13234
13234
13238
13242
13282
13310
13313
13314
13316
13343
13350
13354
13354
13355
13362
13367
13368
13372
13372
13375
13382
13396
13398
13411
13439
13443
13448
13454
13454
13469
13479
13523
13532
13534
13541
13542
13549
13554
13560
13560
13568
13576
13582
13584
13592
13593
13627
13636
13639
13643
13648
13681
13694
13697
13711
13736
13737
13752
13756
13765
13794
13805
13810
13817
13841
13863
13868
13873
13887
13890
13902
13909
13909
13921
13934
13945
13949
13949
13963
13972
13973
13977
13979
13981
13988
14001
14053
14063
14066
14070
14073
14079
14084
14085
14086
14090
14095
14096
14098
14100
14106
14111
14135
14141
14145
14165
14181
14185
14199
14212
14224
14225
14232
14234
14234
14249
14258
14271
14271
14276
14287
14298
14303
14305
14310
14310
14312
14322
14324
14327
14335
14340
14341
14349
14355
14358
14375
14376
14379
14382
14383
14384
14388
14393
14407
14410
14429
14436
14444
14445
14458
14473
14490
14503
14511
14512
14515
14518
14523
14529
14553
14554
14559
14585
14607
14608
14616
14704
14707
14717
14727
14733
14734
14758
14760
14765
14766
14771
14799
14803
14823
14848
14857
14857
14863
14870
14871
14876
14881
14898
14907
14920
14937
14951
14952
14997
14997
15012
15020
15021
15033
15037
15046
15049
15054
15055
15055
15065
15076
15077
15090
15092
15095
15097
15113
15114
15119
15121
15137
15144
15178
15196
15202
15214
15221
15225
15226
15239
15244
15245
15257
15265
15267
15288
15288
15288
15290
15320
15322
15323
15339
15340
15351
15355
15370
15373
15378
15397
15402
15414
15415
15423
15443
15450
15457
15482
15493
15500
15512
15514
15538
15565
15574
15588
15589
15594
15630
15639
15648
15649
15658
15660
15669
15683
15686
15703
15705
15709
15714
15721
15744
15746
15756
15763
15768
15780
15783
15789
15796
15800
15805
15814
15821
15824
15827
15836
15861
15866
15866
15868
15877
15883
15893
15898
15899
15907
15910
15925
15935
15945
15945
15971
15987
15993
15993
16034
16052
16073
16081
16094
16101
16102
16107
16114
16118
16125
16139
16156
16158
16161
16163
16167
16178
16180
16197
16198
16206
16207
16218
16230
16230
16233
16238
16246
16259
16273
16276
16294
16298
16301
16304
16320
16323
16337
16338
16363
16368
16382
16415
16422
16430
16445
16451
16453
16470
16472
16502
16520
16522
16528
16570
16575
16594
16610
16611
16612
16615
16627
16642
16655
16662
16679
16689
16710
16713
16715
16729
16734
16735
16736
16746
16757
16765
16774
16782
16788
16791
16794
16801
16803
16804
16810
16811
16820
16833
16852
16860
16863
16869
16879
16885
16886
16951
16970
16991
16991
17005
17007
17013
17018
17028
17032
17044
17055
17062
17066
17079
17099
17118
17122
17124
17124
17153
17157
17162
17164
17165
17173
17201
17206
17215
17219
17220
17231
17232
17239
17242
17244
17249
17253
17263
17266
17280
17285
17298
17311
17313
17315
17339
17347
17350
17354
17366
17373
17387
17392
17394
17398
17430
17440
17464
17471
17473
17476
17484
17490
17494
17500
17502
17507
17513
17534
17552
17558
17564
17569
17583
17583
17587
17598
17622
17632
17634
17669
17676
17681
17715
17718
17739
17759
17766
17773
17775
17785
17787
17815
17822
17830
17842
17842
17843
17844
17850
17860
17867
17872
17872
17873
17875
17891
17900
17911
17935
17938
17942
17943
17950
17952
17962
17966
17975
17976
17991
17996
18001
18009
18017
18017
18042
18044
18051
18065
18068
18077
18090
18108
18128
18150
18152
18154
18168
18179
18180
18184
18197
18212
18229
18238
18244
18246
18253
18262
18263
18270
18281
18305
18308
18314
18318
18323
18338
18344
18346
18372
18380
18391
18404
18412
18450
18452
18453
18461
18462
18475
18475
18479
18485
18494
18499
18504
18504
18507
18517
18528
18531
18548
18549
18564
18581
18589
18590
18594
18658
18662
18670
18670
18673
18674
18682
18684
18693
18702
18706
18713
18713
18716
18762
18779
18782
18787
18802
18804
18806
18808
18809
18824
18824
18829
18854
18857
18864
18864
18871
18881
18885
18897
18897
18902
18919
18932
18944
18961
18963
18966
18995
18996
18998
19002
19009
19012
19015
19023
19029
19035
19040
19043
19049
19109
19109
19134
19141
19163
19170
19173
19197
19197
19202
19202
19215
19228
19257
19261
19266
19272
19278
19283
19283
19292
19305
19314
19315
19316
19323
19345
19356
19360
19366
19367
19370
19376
19396
19404
19411
19412
19422
19434
19436
19440
19441
19444
19447
19454
19483
19493
19496
19506
19511
19515
19516
19519
19531
19541
19545
19583
19593
19601
19602
19617
19628
19631
19644
19646
19649
19655
19657
19665
19669
19673
19684
19695
19729
19741
19768
19768
19769
19777
19781
19788
19798
19803
19812
19812
19822
19832
19838
19847
19848
19864
19865
19890
19895
19904
19958
19959
19960
19961
19988
19996
20009
20012
20012
20014
20014
20032
20040
20070
20083
20093
20096
20098
20103
20117
20125
20128
20142
20173
20173
20185
20190
20194
20214
20224
20230
20250
20251
20260
20303
20325
20334
20338
20356
20361
20376
20388
20389
20389
20403
20416
20417
20422
20424
20432
20441
20449
20455
20458
20505
20520
20546
20554
20565
20573
20576
20598
20598
20603
20626
20670
20676
20690
20691
20717
20729
20735
20735
20752
20768
20785
20788
20823
20835
20838
20848
20867
20895
20899
20905
20909
20910
20911
20933
20940
20947
20961
20964
20970
20971
20977
20982
20984
20993
21021
21024
21037
21043
21045
21050
21055
21080
21087
21104
21113
21118
21148
21150
21152
21191
21218
21229
21237
21238
21248
21261
21290
21301
21305
21310
21326
21327
21334
21342
21369
21372
21387
21394
21404
21411
21413
21414
21433
21442
21444
21470
21488
21489
21495
21512
21517
21539
21545
21567
21581
21588
21592
21595
21596
21601
21616
21618
21623
21636
21638
21642
21643
21664
21669
21692
21697
21702
21732
21752
21754
21761
21769
21785
21797
21811
21820
21845
21852
21853
21855
21860
21883
21883
21895
21911
21916
21922
21925
21933
21937
21938
21941
21957
21963
21965
21975
21985
21985
21993
22001
22002
22014
22015
22032
22042
22044
22047
22062
22084
22088
22093
22096
22114
22116
22120
22133
22154
22165
22168
22169
22169
22178
22182
22191
22209
22209
22216
22229
22243
22253
22255
22268
22280
22306
22310
22328
22330
22333
22340
22348
22359
22385
22399
22406
22420
22431
22435
22437
22439
22447
22452
22470
22475
22477
22479
22484
22484
22485
22486
22488
22491
22498
22512
22532
22554
22583
22584
22598
22603
22609
22614
22624
22629
22631
22634
22638
22641
22678
22687
22688
22706
22707
22717
22719
22735
22755
22771
22779
22781
22799
22804
22805
22809
22809
22814
22832
22838
22844
22854
22857
22862
22871
22872
22893
22912
22915
22924
22925
22936
22953
22955
22965
22982
22992
23000
23007
23025
23028
23051
23059
23064
23071
23084
23103
23133
23136
23141
23147
23171
23172
23174
23183
23219
23219
23225
23233
23236
23241
23253
23256
23256
23265
23270
23270
23273
23274
23294
23295
23313
23315
23329
23340
23341
23342
23354
23367
23369
23391
23397
23410
23413
23424
23424
23426
23428
23431
23445
23445
23457
23458
23459
23460
23469
23472
23477
23490
23492
23499
23504
23514
23566
23571
23577
23598
23601
23601
23610
23647
23676
23676
23677
23685
23687
23687
23688
23705
23711
23734
23736
23742
23748
23767
23772
23794
23796
23799
23811
23811
23813
23839
23840
23844
23846
23849
23849
23861
23881
23888
23899
23909
23911
23914
23925
23930
23940
23948
23952
23953
23959
23963
23972
23974
23980
23987
23996
24012
24013
24030
24036
24041
24047
24052
24057
24061
24068
24075
24102
24146
24155
24158
24161
24162
24177
24180
24190
24200
24206
24221
24254
24265
24273
24279
24284
24287
24313
24326
24327
24332
24344
24347
24356
24369
24381
24383
24391
24395
24396
24402
24405
24409
24417
24425
24440
24452
24473
24474
24477
24479
24483
24494
24496
24497
24513
24523
24530
24549
24552
24561
24566
24572
24574
24584
24590
24598
24598
24600
24601
24603
24606
24615
24616
24622
24637
24641
24642
24661
24662
24665
24667
24675
24680
24681
24693
24695
24711
24728
24730
24732
24745
24748
24758
24770
24777
24785
24798
24812
24866
24886
24894
24897
24901
24903
24907
24926
24934
24942
24948
24949
24957
24965
24965
24966
24984
24989
24992
24993
24995
24996
25000
25003
25012
25021
25034
25037
25046
25051
25073
25090
25110
25128
25128
25137
25161
25164
25169
25179
25228
25244
25244
25245
25247
25249
25280
25288
25291
25303
25306
25321
25324
25327
25337
25338
25339
25350
25360
25370
25371
25387
25387
25391
25394
25408
25408
25411
25419
25426
25430
25435
25437
25440
25441
25481
25483
25488
25503
25504
25509
25516
25530
25533
25537
25544
25547
25563
25565
25570
25572
25595
25613
25621
25633
25641
25642
25648
25671
25674
25690
25708
25722
25732
25733
25734
25743
25744
25745
25746
25754
25787
25809
25810
25814
25822
25828
25830
25835
25835
25836
25837
25846
25850
25858
25864
25874
25879
25880
25883
25884
25893
25901
25904
25913
25916
25917
25921
25926
25930
25932
25933
25953
25976
25979
25988
25992
25995
26000
26010
26023
26043
26050
26060
26065
26066
26078
26080
26081
26082
26093
26104
26107
26109
26112
26121
26135
26137
26139
26160
26169
26180
26190
26200
26205
26222
26242
26263
26273
26280
26284
26298
26313
26333
26333
26341
26345
26387
26390
26396
26402
26402
26455
26457
26461
26465
26476
26478
26479
26491
26492
26496
26504
26512
26524
26526
26529
26541
26541
26551
26553
26565
26566
26567
26582
26585
26587
26589
26621
26644
26655
26655
26655
26686
26698
26700
26700
26714
26721
26748
26761
26772
26783
26788
26797
26810
26817
26820
26826
26859
26875
26876
26887
26889
26907
26913
26921
26940
26946
26953
26955
26958
26962
26962
26962
26965
26970
26975
26978
26985
26996
26997
26997
27001
27020
27026
27030
27035
27036
27042
27053
27062
27070
27071
27083
27088
27096
27106
27107
27112
27118
27120
27132
27138
27150
27157
27159
27165
27185
27187
27191
27205
27214
27224
27252
27270
27270
27274
27298
27299
27299
27305
27316
27316
27321
27332
27337
27337
27339
27341
27343
27346
27360
27360
27363
27370
27373
27377
27377
27384
27435
27450
27452
27466
27471
27475
27484
27497
27500
27503
27517
27538
27543
27557
27557
27559
27615
27619
27635
27650
27652
27652
27653
27660
27674
27682
27686
27688
27692
27692
27707
27734
27746
27757
27783
27790
27796
27798
27813
27830
27861
27866
27876
27882
27884
27926
27926
27944
27948
27948
27973
27977
28002
28004
28016
28020
28030
28037
28039
28043
28053
28062
28063
28069
28079
28084
28086
28104
28128
28134
28135
28138
28140
28153
28159
28162
28164
28172
28181
28199
28211
28213
28223
28233
28234
28245
28257
28262
28262
28268
28269
28280
28301
28305
28306
28322
28326
28327
28340
28341
28370
28379
28410
28411
28422
28424
28428
28429
28441
28443
28450
28455
28483
28487
28491
28498
28502
28503
28505
28515
28522
28528
28549
28552
28571
28577
28578
28587
28588
28592
28604
28620
28635
28636
28640
28641
28643
28649
28666
28670
28675
28676
28686
28686
28693
28693
28696
28714
28715
28729
28731
28733
28749
28755
28779
28783
28786
28823
28823
28824
28829
28830
28835
28854
28854
28878
28884
28894
28904
28911
28915
28920
28954
28957
28967
28977
28984
28988
28995
29016
29017
29022
29045
29050
29054
29056
29078
29080
29086
29093
29097
29102
29102
29102
29112
29115
29116
29140
29195
29197
29198
29199
29205
29209
29215
29218
29224
29233
29234
29241
29242
29249
29269
29277
29282
29289
29290
29293
29293
29295
29303
29305
29306
29309
29318
29320
29345
29351
29359
29374
29388
29389
29396
29399
29403
29410
29429
29432
29433
29434
29441
29456
29468
29474
29484
29487
29499
29502
29513
29518
29521
29523
29526
29543
29551
29555
29555
29570
29571
29584
29593
29599
29599
29603
29603
29632
29635
29640
29647
29670
29678
29691
29691
29692
29703
29720
29721
29731
29736
29738
29740
29741
29773
29786
29812
29825
29837
29852
29856
29900
29901
29915
29919
29930
29931
29951
29959
29962
29963
29965
29981
29983
30008
30025
30032
30050
30056
30058
30061
30071
30072
30096
30097
30105
30126
30144
30149
30162
30164
30168
30182
30189
30200
30223
30228
30247
30250
30251
30273
30281
30289
30300
30309
30314
30320
30338
30340
30340
30349
30349
30361
30369
30371
30375
30385
30400
30407
30415
30422
30425
30455
30465
30466
30474
30499
30502
30506
30520
30522
30522
30525
30527
30530
30547
30574
30576
30587
30589
30598
30604
30608
30608
30627
30642
30647
30668
30698
30712
30714
30722
30726
30737
30746
30753
30756
30773
30775
30777
30778
30795
30811
30818
30824
30826
30828
30843
30849
30876
30877
30878
30882
30884
30889
30901
30902
30911
30925
30930
30941
30963
30964
30967
30987
30988
30996
31004
31005
31009
31025
31039
31050
31053
31064
31081
31085
31088
31108
31123
31129
31136
31144
31151
31151
31153
31156
31164
31167
31174
31190
31193
31242
31252
31255
31268
31282
31290
31290
31304
31316
31339
31355
31356
31371
31376
31377
31377
31379
31381
31391
31391
31393
31395
31401
31411
31420
31443
31448
31450
31452
31473
31475
31480
31481
31483
31494
31502
31504
31525
31547
31551
31556
31567
31574
31578
31588
31604
31605
31621
31622
31626
31633
31636
31637
31643
31650
31654
31655
31670
31672
31677
31684
31702
31708
31732
31732
31734
31744
31746
31746
31750
31750
31768
31770
31773
31776
31789
31825
31831
31835
31839
31846
31854
31858
31865
31876
31884
31888
31889
31907
31915
31928
31932
31934
31935
31940
31950
31958
31959
31970
31972
31991
31996
32001
32003
32003
32006
32045
32059
32059
32086
32095
32109
32118
32138
32165
32165
32165
32170
32187
32188
32204
32221
32244
32256
32269
32276
32278
32286
32294
32312
32318
32322
32324
32328
32346
32353
32361
32372
32374
32377
32378
32382
32394
32401
32403
32406
32412
32417
32433
32452
32461
32463
32469
32472
32474
32484
32495
32496
32496
32517
32521
32522
32531
32543
32560
32600
32602
32617
32628
32641
32644
32651
32657
32662
32670
32687
32689
32692
32697
32698
32708
32729
32733
32742
32758
32761
32762
32772
32775
32799
32807
32813
32818
32826
32827
32842
32844
32865
32867
32891
32902
32920
32925
32939
32947
32961
32963
32964
32968
32980
32995
32998
33005
33017
33019
33030
33037
33040
33067
33078
33080
33083
33088
33092
33094
33102
33104
33105
33106
33133
33145
33148
33152
33154
33167
33203
33203
33205
33207
33208
33213
33217
33222
33244
33260
33279
33282
33289
33290
33291
33307
33308
33312
33315
33325
33331
33333
33334
33340
33341
33352
33362
33363
33380
33382
33384
33387
33393
33401
33415
33425
33465
33467
33477
33483
33483
33484
33491
33492
33494
33497
33500
33526
33542
33564
33566
33566
33568
33569
33570
33597
33598
33603
33625
33627
33632
33632
33633
33636
33637
33664
33671
33674
33681
33704
33705
33706
33713
33716
33723
33750
33762
33764
33767
33779
33788
33815
33824
33841
33842
33855
33856
33867
33869
33876
33877
33888
33906
33909
33916
33931
33936
33942
33959
33960
33963
33978
34016
34030
34035
34045
34047
34061
34066
34080
34098
34104
34110
34116
34119
34120
34126
34132
34135
34145
34149
34162
34164
34183
34185
34193
34208
34218
34229
34235
34238
34247
34248
34250
34251
34260
34287
34305
34321
34328
34333
34341
34349
34359
34377
34380
34390
34395
34415
34443
34461
34464
34469
34469
34472
34476
34481
34486
34487
34489
34503
34506
34529
34537
34549
34558
34558
34563
34566
34580
34589
34594
34602
34604
34605
34615
34619
34630
34632
34643
34654
34660
34676
34688
34706
34708
34726
34731
34732
34739
34752
34753
34760
34781
34782
34788
34792
34820
34828
34834
34836
34844
34860
34868
34869
34882
34882
34883
34884
34887
34905
34919
34920
34923
34927
34932
34935
34945
34962
34984
34984
35003
35022
35031
35041
35042
35052
35056
35071
35082
35082
35084
35087
35090
35107
35123
35138
35145
35157
35164
35172
35174
35198
35206
35206
35231
35231
35262
35263
35270
35273
35279
35307
35319
35320
35323
35332
35343
35347
35365
35379
35383
35427
35455
35458
35473
35483
35497
35510
35513
35515
35520
35523
35523
35532
35550
35553
35554
35555
35557
35563
35595
35611
35613
35623
35635
35651
35660
35668
35675
35712
35723
35724
35728
35733
35743
35745
35765
35769
35776
35782
35792
35808
35809
35815
35823
35824
35837
35853
35857
35866
35871
35876
35882
35888
35904
35910
35913
35925
35928
35933
35949
35970
35975
36013
36022
36034
36043
36062
36067
36068
36097
36109
36130
36143
36145
36147
36151
36161
36164
36171
36175
36175
36176
36183
36189
36189
36195
36210
36213
36252
36257
36260
36261
36261
36270
36276
36278
36279
36293
36299
36300
36311
36313
36318
36322
36324
36326
36329
36348
36350
36355
36369
36374
36376
36383
36400
36400
36412
36424
36437
36441
36444
36450
36480
36483
36483
36490
36495
36495
36497
36502
36509
36513
36544
36548
36552
36553
36568
36569
36572
36573
36609
36621
36629
36645
36650
36666
36667
36670
36700
36703
36709
36718
36738
36742
36748
36759
36763
36779
36780
36783
36785
36803
36822
36825
36848
36850
36876
36882
36896
36904
36920
36924
36945
36949
36951
36954
36972
36979
37004
37005
37019
37029
37032
37035
37051
37053
37053
37056
37071
37089
37108
37109
37113
37115
37124
37149
37169
37177
37178
37180
37183
37185
37185
37191
37193
37196
37198
37214
37235
37241
37242
37242
37274
37280
37287
37288
37296
37305
37315
37337
37365
37368
37390
37397
37411
37417
37430
37434
37453
37460
37480
37500
37501
37501
37503
37505
37528
37552
37564
37580
37590
37591
37591
37619
37620
37624
37631
37637
37644
37647
37681
37714
37730
37743
37755
37759
37762
37765
37766
37768
37786
37799
37824
37836
37852
37852
37863
37869
37879
37879
37891
37892
37944
37946
37984
37988
37999
38030
38030
38051
38058
38087
38105
38116
38119
38122
38136
38142
38157
38185
38195
38221
38223
38231
38242
38252
38252
38255
38258
38326
38342
38361
38371
38379
38408
38409
38418
38444
38448
38488
38491
38494
38509
38525
38538
38540
38541
38542
38548
38567
38574
38581
38587
38590
38594
38604
38619
38624
38628
38666
38672
38674
38679
38690
38690
38697
38714
38722
38729
38737
38741
38742
38744
38747
38749
38760
38768
38770
38795
38802
38802
38809
38809
38811
38815
38818
38825
38845
38853
38858
38860
38864
38864
38872
38903
38903
38911
38914
38917
38918
38922
38931
38935
38960
38967
38999
39000
39003
39025
39029
39047
39050
39050
39050
39055
39061
39062
39081
39091
39092
39109
39117
39122
39127
39129
39140
39147
39148
39165
39169
39179
39182
39183
39193
39203
39205
39221
39227
39243
39245
39249
39257
39271
39273
39281
39286
39299
39300
39303
39309
39309
39337
39353
39355
39367
39372
39376
39379
39382
39384
39395
39401
39417
39425
39433
39435
39442
39457
39458
39458
39471
39486
39489
39496
39512
39532
39537
39552
39555
39562
39567
39572
39580
39585
39600
39605
39607
39608
39609
39610
39614
39614
39617
39623
39630
39643
39646
39654
39667
39671
39711
39727
39731
39738
39753
39756
39758
39759
39763
39769
39772
39775
39790
39798
39805
39806
39856
39860
39867
39875
39876
39885
39903
39915
39939
39955
39966
39985
39994
39996
40013
40016
40026
40038
40052
40054
40060
40062
40078
40126
40135
40145
40150
40152
40158
40180
40193
40200
40206
40206
40209
40237
40240
40256
40258
40259
40277
40280
40281
40281
40286
40291
40293
40294
40312
40315
40316
40319
40323
40334
40345
40350
40356
40356
40360
40363
40370
40370
40378
40387
40401
40402
40402
40411
40415
40420
40432
40437
40452
40455
40475
40485
40503
40536
40539
40540
40552
40553
40558
40561
40561
40585
40589
40594
40601
40601
40605
40609
40609
40615
40629
40641
40659
40668
40679
40695
40697
40698
40706
40712
40720
40735
40741
40748
40759
40779
40790
40795
40813
40821
40834
40836
40843
40856
40859
40860
40890
40922
40932
40933
40944
40945
40964
40973
40981
40991
40995
40999
41048
41051
41055
41073
41086
41088
41093
41112
41113
41154
41157
41162
41178
41180
41188
41190
41195
41197
41199
41213
41222
41223
41234
41237
41241
41259
41259
41284
41289
41300
41301
41341
41364
41370
41372
41379
41390
41399
41402
41406
41411
41413
41437
41438
41454
41462
41490
41495
41500
41526
41529
41535
41537
41538
41540
41551
41552
41569
41574
41579
41593
41610
41616
41616
41622
41622
41635
41641
41645
41646
41650
41661
41662
41667
41670
41674
41686
41724
41739
41750
41758
41769
41772
41778
41813
41818
41822
41823
41833
41834
41847
41853
41853
41855
41875
41878
41883
41897
41898
41902
41912
41918
41927
41935
41940
41954
41957
41963
41981
41985
41986
41986
41986
41994
41995
42001
42003
42004
42020
42053
42063
42078
42087
42097
42097
42102
42115
42117
42122
42126
42138
42156
42162
42164
42166
42185
42188
42189
42200
42201
42205
42206
42209
42217
42221
42260
42260
42266
42271
42275
42303
42312
42331
42335
42337
42342
42347
42348
42360
42364
42365
42372
42383
42384
42391
42397
42401
42404
42413
42420
42426
42429
42438
42442
42443
42451
42457
42478
42481
42499
42504
42512
42514
42535
42542
42545
42553
42568
42580
42602
42609
42611
42623
42641
42644
42649
42651
42719
42731
42754
42758
42761
42770
42776
42797
42798
42805
42806
42807
42813
42817
42821
42824
42840
42870
42870
42874
42878
42881
42884
42897
42898
42900
42910
42914
42926
42928
42941
42960
42961
42961
42970
42975
42994
42996
43005
43010
43012
43017
43031
43058
43058
43060
43070
43075
43081
43085
43089
43103
43126
43130
43131
43148
43168
43168
43178
43184
43197
43200
43221
43222
43236
43238
43241
43241
43249
43264
43266
43273
43274
43284
43293
43305
43310
43316
43317
43354
43365
43372
43395
43406
43413
43415
43419
43422
43423
43446
43448
43449
43459
43465
43478
43479
43479
43485
43489
43497
43514
43525
43536
43553
43559
43561
43566
43568
43572
43578
43581
43594
43598
43600
43618
43626
43635
43640
43653
43680
43682
43712
43715
43720
43726
43737
43746
43749
43763
43786
43786
43824
43824
43833
43838
43843
43852
43857
43869
43879
43881
43898
43904
43929
43934
43942
43945
43953
43991
43992
43994
43996
43997
43998
44002
44006
44014
44039
44044
44047
44050
44052
44056
44065
44085
44092
44095
44114
44125
44138
44144
44158
44172
44175
44211
44215
44218
44227
44241
44262
44274
44275
44285
44298
44304
44306
44310
44323
44324
44328
44329
44337
44345
44348
44352
44358
44360
44361
44364
44369
44382
44389
44399
44405
44409
44412
44427
44427
44429
44449
44474
44485
44487
44510
44515
44535
44537
44557
44566
44584
44594
44599
44602
44616
44635
44667
44672
44675
44675
44676
44696
44698
44699
44705
44710
44737
44749
44761
44770
44810
44812
44815
44822
44856
44856
44871
44879
44882
44896
44915
44917
44934
44936
44939
44940
44955
44958
44988
45004
45005
45006
45010
45011
45012
45028
45029
45049
45056
45056
45062
45064
45068
45073
45075
45093
45094
45103
45103
45111
45127
45136
45147
45171
45213
45223
45223
45252
45266
45303
45314
45327
45356
45392
45404
45409
45411
45412
45431
45453
45458
45474
45495
45502
45524
45537
45547
45554
45574
45586
45591
45592
45632
45636
45644
45649
45657
45663
45664
45672
45680
45695
45705
45747
45751
45753
45754
45780
45789
45795
45831
45837
45841
45842
45869
45870
45873
45883
45886
45889
45903
45918
45920
45920
45924
45937
45944
45948
45949
45952
45965
45991
45992
45996
46002
46009
46012
46019
46043
46045
46049
46052
46060
46064
46064
46074
46088
46088
46101
46114
46117
46135
46145
46163
46180
46185
46195
46208
46211
46218
46226
46234
46237
46247
46251
46257
46276
46287
46292
46300
46305
46311
46318
46322
46325
46332
46337
46337
46339
46344
46356
46356
46369
46378
46383
46384
46384
46405
46411
46413
46428
46443
46451
46455
46458
46461
46473
46477
46484
46489
46490
46491
46493
46496
46502
46517
46518
46522
46547
46551
46555
46556
46575
46595
46604
46605
46609
46627
46638
46643
46653
46662
46683
46684
46688
46693
46694
46696
46700
46712
46716
46736
46736
46737
46748
46749
46767
46782
46792
46811
46843
46852
46856
46861
46862
46873
46886
46912
46917
46920
46927
46928
46929
46930
46938
46943
46944
46945
46964
46978
46979
46990
47006
47008
47012
47021
47027
47048
47058
47070
47075
47084
47102
47113
47140
47165
47168
47191
47197
47199
47200
47204
47208
47211
47223
47253
47260
47265
47277
47280
47284
47316
47324
47337
47364
47370
47372
47383
47395
47408
47409
47415
47421
47427
47429
47443
47474
47502
47507
47512
47561
47565
47571
47586
47611
47619
47622
47624
47647
47660
47663
47677
47689
47704
47711
47713
47749
47750
47753
47757
47761
47767
47773
47776
47778
47792
47797
47800
47812
47816
47837
47840
47840
47841
47849
47878
47882
47889
47906
47945
47948
47957
47974
47989
48004
48010
48019
48020
48025
48031
48034
48043
48056
48058
48063
48072
48073
48074
48077
48101
48105
48112
48114
48121
48123
48126
48141
48154
48169
48174
48185
48192
48203
48235
48253
48260
48265
48274
48282
48307
48309
48312
48313
48315
48329
48336
48348
48356
48368
48383
48389
48392
48403
48414
48414
48421
48422
48434
48448
48453
48454
48457
48471
48474
48480
48498
48516
48521
48525
48540
48543
48555
48567
48567
48585
48589
48592
48602
48606
48617
48631
48634
48638
48645
48669
48708
48714
48715
48730
48744
48752
48755
48768
48770
48771
48774
48782
48786
48808
48830
48845
48855
48858
48862
48864
48864
48880
48885
48888
48909
48910
48920
48929
48943
48956
48960
48965
48976
48982
48999
49000
49002
49006
49008
49013
49015
49016
49023
49041
49045
49047
49058
49059
49077
49077
49104
49113
49126
49138
49138
49143
49154
49177
49184
49197
49210
49217
49221
49225
49232
49235
49242
49247
49256
49257
49266
49269
49282
49283
49300
49309
49323
49346
49347
49352
49357
49364
49375
49384
49401
49405
49411
49420
49421
49427
49432
49436
49441
49442
49447
49450
49464
49472
49477
49482
49485
49495
49496
49514
49526
49540
49548
49548
49559
49571
49575
49580
49608
49612
49613
49637
49648
49654
49662
49665
49667
49669
49672
49672
49686
49691
49703
49707
49710
49720
49720
49732
49742
49748
49750
49751
49761
49770
49774
49782
49786
49794
49806
49826
49846
49860
49872
49891
49898
49916
49918
49932
49945
49950
49954
49957
49963
49970
49979
49993
49998
50025
50036
50048
50050
50051
50065
50068
50071
50072
50083
50111
50116
50118
50118
50130
50145
50148
50156
50157
50169
50172
50177
50185
50200
50206
50214
50216
50216
50220
50235
50247
50252
50255
50262
50267
50274
50285
50297
50308
50322
50324
50338
50338
50367
50378
50381
50389
50396
50419
50424
50426
50446
50452
50461
50466
50467
50483
50489
50495
50508
50572
50576
50576
50580
50619
50634
50652
50663
50678
50682
50691
50698
50710
50739
50758
50763
50771
50783
50784
50789
50799
50802
50804
50806
50809
50815
50817
50826
50831
50843
50852
50868
50870
50879
50899
50901
50919
50935
50952
50976
50991
50995
51048
51068
51079
51084
51125
51133
51138
51142
51145
51172
51191
51212
51220
51221
51233
51235
51252
51263
51282
51291
51303
51306
51310
51312
51322
51323
51363
51371
51373
51393
51394
51408
51413
51417
51425
51428
51440
51457
51489
51499
51500
51515
51516
51522
51530
51566
51574
51581
51582
51584
51588
51595
51606
51611
51617
51637
51645
51653
51661
51679
51712
51723
51727
51735
51742
51747
51751
51753
51756
51766
51768
51776
51780
51785
51791
51795
51800
51803
51821
51831
51838
51849
51854
51857
51861
51880
51881
51892
51900
51907
51907
51913
51913
51924
51927
51928
51944
51958
51962
51974
51979
51987
51991
51992
52004
52016
52018
52028
52030
52041
52053
52072
52076
52083
52088
52105
52117
52147
52153
52158
52179
52185
52201
52204
52210
52210
52213
52222
52231
52232
52243
52259
52266
52286
52317
52332
52355
52371
52382
52385
52391
52393
52409
52416
52426
52426
52428
52434
52481
52482
52500
52507
52518
52526
52529
52541
52551
52562
52567
52570
52574
52581
52584
52596
52620
52635
52658
52664
52666
52669
52671
52687
52690
52705
52706
52709
52734
52748
52753
52764
52766
52786
52787
52788
52793
52795
52795
52798
52805
52822
52838
52839
52841
52866
52884
52892
52893
52895
52903
52907
52921
52930
52938
52942
52943
52951
52964
52969
52993
52999
53005
53012
53013
53014
53014
53029
53035
53051
53051
53055
53075
53097
53098
53099
53099
53101
53103
53110
53123
53136
53143
53146
53148
53150
53152
53159
53181
53191
53198
53210
53226
53226
53230
53237
53263
53268
53281
53291
53292
53297
53298
53300
53302
53308
53324
53346
53367
53374
53375
53382
53418
53432
53454
53456
53464
53476
53480
53485
53501
53507
53508
53509
53521
53527
53530
53535
53550
53557
53572
53586
53587
53588
53594
53596
53602
53612
53617
53633
53638
53651
53671
53674
53678
53682
53713
53715
53720
53737
53742
53750
53750
53754
53760
53775
53775
53786
53790
53801
53823
53840
53841
53843
53858
53858
53866
53868
53868
53874
53878
53887
53893
53895
53924
53929
53946
53949
53950
53952
53958
53961
53963
53967
53972
53978
53983
54019
54029
54039
54043
54052
54053
54067
54070
54079
54080
54082
54092
54098
54133
54159
54163
54163
54167
54170
54172
54189
54195
54195
54202
54221
54223
54227
54230
54230
54260
54278
54290
54311
54321
54335
54352
54357
54389
54394
54426
54427
54430
54448
54458
54460
54470
54474
54481
54490
54503
54511
54513
54519
54521
54523
54537
54537
54564
54565
54572
54580
54589
54611
54618
54618
54626
54645
54661
54663
54665
54688
54696
54710
54744
54752
54753
54771
54772
54777
54792
54803
54806
54807
54819
54857
54863
54898
54902
54908
54911
54919
54948
54950
54956
54958
54963
54972
54982
54991
54994
55005
55058
55061
55062
55063
55114
55114
55118
55131
55154
55170
55181
55207
55232
55246
55246
55246
55248
55265
55268
55272
55276
55290
55329
55335
55341
55352
55354
55364
55380
55383
55387
55397
55398
55416
55434
55447
55475
55482
55488
55500
55505
55529
55531
55533
55535
55556
55567
55570
55574
55589
55595
55600
55600
55614
55618
55628
55633
55649
55653
55656
55662
55667
55672
55675
55695
55713
55724
55731
55740
55749
55750
55761
55762
55790
55793
55795
55804
55807
55810
55811
55816
55824
55827
55837
55837
55837
55838
55842
55846
55846
55848
55849
55867
55870
55873
55903
55905
55908
55910
55915
55920
55932
55936
55939
55971
55985
55988
55989
56000
56019
56024
56029
56032
56040
56053
56056
56060
56063
56064
56073
56090
56107
56130
56139
56139
56141
56147
56148
56158
56164
56168
56171
56172
56178
56179
56189
56202
56214
56222
56234
56242
56244
56246
56270
56271
56282
56303
56306
56331
56334
56336
56345
56350
56369
56374
56377
56378
56379
56381
56395
56400
56409
56413
56416
56417
56418
56430
56433
56438
56466
56467
56471
56493
56506
56520
56539
56551
56559
56560
56563
56565
56568
56576
56576
56580
56582
56589
56594
56601
56604
56621
56637
56652
56663
56669
56672
56683
56687
56692
56705
56729
56742
56755
56781
56782
56784
56786
56788
56805
56806
56828
56831
56834
56835
56842
56845
56847
56848
56849
56849
56855
56857
56862
56862
56864
56866
56870
56882
56903
56925
56929
56936
56951
56956
56957
56963
56973
56996
57004
57007
57009
57014
57042
57056
57064
57066
57078
57107
57111
57113
57119
57122
57124
57124
57127
57128
57132
57134
57134
57134
57135
57136
57147
57172
57180
57188
57190
57215
57216
57216
57221
57251
57258
57263
57274
57277
57278
57283
57289
57302
57327
57330
57331
57336
57341
57342
57346
57359
57363
57374
57393
57395
57406
57413
57414
57414
57425
57425
57437
57453
57458
57481
57482
57483
57485
57491
57503
57504
57505
57521
57548
57550
57557
57579
57588
57611
57626
57629
57632
57633
57644
57659
57678
57680
57700
57710
57712
57726
57731
57733
57738
57742
57787
57808
57811
57813
57818
57825
57852
57865
57886
57887
57897
57903
57930
57937
57939
57940
57944
57953
57956
57967
57968
57990
57999
58009
58011
58024
58026
58029
58030
58052
58060
58066
58074
58075
58076
58088
58089
58096
58100
58104
58108
58111
58111
58115
58115
58122
58126
58134
58169
58170
58172
58173
58174
58179
58190
58199
58222
58237
58252
58256
58279
58282
58285
58285
58289
58291
58321
58332
58342
58344
58346
58351
58361
58370
58373
58392
58394
58394
58401
58419
58427
58432
58435
58435
58437
58452
58463
58466
58473
58480
58484
58491
58498
58505
58512
58516
58517
58525
58546
58550
58566
58574
58592
58599
58607
58612
58614
58614
58616
58620
58621
58623
58637
58640
58650
58667
58668
58676
58678
58679
58692
58706
58721
58727
58747
58761
58765
58770
58773
58780
58805
58808
58812
58812
58827
58831
58836
58847
58856
58870
58871
58881
58883
58892
58915
58926
58932
58936
58937
58960
58963
58968
58984
58986
58992
58993
58995
58999
59002
59010
59015
59018
59030
59030
59031
59044
59057
59065
59092
59113
59122
59124
59132
59141
59185
59220
59222
59232
59241
59244
59250
59269
59280
59290
59296
59303
59303
59309
59322
59340
59367
59367
59383
59394
59402
59402
59410
59411
59443
59443
59455
59459
59465
59478
59482
59488
59493
59498
59501
59538
59559
59561
59564
59574
59580
59583
59592
59601
59629
59631
59649
59660
59664
59672
59676
59679
59682
59688
59722
59723
59726
59727
59733
59741
59743
59747
59749
59784
59802
59802
59808
59808
59819
59823
59845
59853
59856
59878
59882
59885
59887
59898
59936
59946
59950
59951
59957
59960
59964
59976
59979
59993
59995
59997
60009
60018
60036
60045
60050
60054
60079
60097
60102
60102
60104
60129
60132
60147
60149
60152
60161
60162
60176
60184
60191
60194
60202
60208
60210
60213
60215
60215
60220
60238
60245
60247
60252
60253
60260
60267
60269
60272
60277
60281
60287
60291
60293
60294
60299
60311
60312
60314
60320
60327
60327
60332
60349
60354
60356
60364
60376
60385
60392
60396
60400
60415
60417
60442
60450
60459
60474
60482
60487
60489
60490
60493
60504
60521
60544
60545
60573
60574
60581
60592
60592
60615
60644
60648
60668
60670
60670
60692
60696
60709
60729
60751
60755
60757
60759
60769
60792
60797
60800
60801
60812
60812
60814
60822
60828
60834
60843
60854
60862
60862
60887
60888
60895
60903
60912
60943
60949
60950
60959
60967
60970
60980
61010
61050
61057
61061
61069
61071
61080
61085
61096
61103
61108
61113
61116
61118
61119
61126
61130
61132
61141
61141
61149
61150
61163
61166
61171
61186
61196
61203
61226
61273
61275
61286
61292
61293
61294
61296
61300
61302
61310
61321
61336
61347
61349
61363
61368
61369
61394
61401
61416
61418
61427
61455
61467
61468
61476
61510
61522
61532
61536
61542
61550
61551
61555
61587
61587
61601
61603
61603
61613
61613
61615
61616
61635
61647
61661
61673
61684
61686
61687
61708
61715
61736
61739
61750
61751
61758
61761
61761
61770
61773
61784
61787
61795
61809
61816
61818
61832
61846
61847
61848
61853
61853
61862
61894
61901
61904
61919
61923
61928
61954
61961
61964
61973
61982
61992
61993
61995
62001
62007
62027
62041
62064
62086
62098
62101
62120
62125
62132
62136
62177
62180
62191
62202
62230
62233
62241
62244
62244
62249
62254
62267
62281
62293
62316
62319
62324
62327
62335
62340
62348
62352
62366
62368
62400
62404
62413
62425
62457
62457
62461
62476
62478
62481
62504
62513
62518
62519
62524
62529
62534
62543
62571
62573
62574
62576
62587
62607
62619
62620
62623
62624
62642
62643
62645
62647
62650
62658
62659
62667
62679
62694
62694
62713
62715
62721
62735
62740
62749
62753
62795
62813
62835
62839
62850
62875
62895
62900
62909
62937
62952
62991
62996
62998
63015
63049
63055
63069
63081
63081
63083
63086
63098
63102
63111
63115
63125
63143
63151
63156
63197
63197
63211
63287
63289
63312
63326
63331
63332
63341
63354
63355
63360
63388
63402
63429
63439
63447
63452
63452
63464
63464
63484
63499
63502
63506
63511
63522
63525
63527
63536
63536
63537
63557
63578
63584
63584
63589
63591
63595
63607
63611
63630
63632
63638
63642
63669
63680
63689
63709
63728
63736
63744
63751
63753
63756
63762
63770
63771
63792
63802
63808
63818
63837
63846
63851
63863
63865
63867
63867
63868
63871
63871
63872
63873
63890
63894
63910
63915
63928
63937
63937
63940
63949
63958
63976
63983
63997
64008
64011
64013
64024
64034
64047
64048
64057
64058
64073
64075
64082
64087
64096
64096
64112
64112
64127
64139
64153
64154
64155
64157
64159
64171
64176
64180
64186
64188
64191
64191
64195
64202
64203
64213
64217
64220
64238
64247
64256
64259
64280
64306
64308
64312
64312
64325
64333
64335
64337
64345
64354
64367
64384
64386
64396
64402
64407
64421
64422
64424
64425
64433
64447
64474
64499
64501
64501
64514
64517
64531
64534
64539
64562
64583
64593
64594
64624
64630
64641
64663
64672
64701
64704
64714
64746
64748
64762
64767
64773
64775
64788
64791
64801
64802
64808
64824
64826
64837
64865
64866
64890
64906
64923
64926
64935
64953
64964
64969
64975
64975
64981
64982
64984
64989
64998
65004
65005
65019
65031
65047
65048
65056
65081
65084
65090
65120
65123
65124
65129
65136
65136
65140
65152
65155
65159
65164
65170
65186
65193
65194
65211
65217
65265
65274
65275
65276
65282
65284
65301
65302
65318
65328
65334
65343
65361
65372
65377
65378
65378
65383
65384
65422
65427
65437
65439
65457
65459
65470
65489
65492
65505
65506
65506
65508
65512
65515
65522
65533
65535
65544
65554
65571
65577
65582
65588
65591
65623
65676
65680
65687
65696
65715
65717
65719
65724
65729
65730
65737
65738
65739
65747
65754
65764
65767
65777
65789
65792
65799
65800
65810
65816
65834
65837
65839
65842
65861
65882
65886
65888
65896
65898
65900
65903
65903
65928
65932
65936
65953
65960
65960
65978
65979
65981
65998
66013
66014
66016
66020
66033
66036
66037
66055
66060
66064
66066
66070
66070
66076
66077
66089
66107
66114
66138
66138
66147
66151
66156
66165
66178
66188
66199
66212
66228
66232
66251
66254
66259
66264
66269
66293
66299
66317
66349
66350
66359
66370
66380
66385
66388
66394
66409
66413
66427
66438
66452
66453
66460
66466
66480
66483
66515
66534
66537
66551
66562
66562
66567
66569
66581
66584
66587
66595
66599
66604
66605
66615
66616
66616
66622
66625
66630
66633
66641
66659
66668
66713
66720
66722
66725
66736
66747
66748
66761
66766
66778
66785
66797
66803
66810
66811
66821
66829
66835
66838
66842
66855
66863
66869
66877
66879
66891
66894
66899
66902
66902
66911
66927
66936
66959
66961
66972
66973
66974
66981
67002
67015
67023
67045
67065
67067
67075
67087
67091
67091
67093
67095
67099
67114
67121
67137
67140
67140
67143
67150
67159
67170
67173
67202
67211
67229
67231
67243
67250
67250
67250
67254
67264
67265
67267
67294
67297
67300
67300
67305
67306
67310
67310
67323
67334
67348
67373
67377
67398
67404
67413
67430
67432
67433
67437
67455
67467
67468
67471
67479
67500
67509
67515
67517
67534
67549
67554
67562
67574
67583
67583
67588
67609
67615
67639
67646
67647
67656
67657
67658
67670
67672
67701
67716
67724
67741
67742
67742
67751
67756
67773
67791
67803
67816
67819
67820
67824
67840
67840
67846
67855
67856
67864
67868
67871
67871
67889
67907
67917
67918
67928
67929
67929
67934
67936
67939
67961
67967
67977
67993
68002
68034
68039
68089
68096
68098
68125
68134
68144
68177
68187
68197
68209
68236
68238
68249
68251
68259
68259
68291
68294
68295
68324
68325
68326
68356
68377
68416
68428
68468
68472
68477
68485
68493
68499
68514
68532
68533
68544
68548
68555
68562
68565
68576
68590
68590
68591
68600
68613
68622
68628
68636
68638
68642
68642
68658
68661
68666
68671
68674
68676
68687
68716
68718
68720
68735
68746
68757
68764
68778
68784
68789
68817
68827
68841
68849
68854
68857
68861
68871
68885
68886
68900
68913
68915
68921
68924
68927
68942
68954
68971
68988
68993
68996
69008
69025
69027
69044
69049
69063
69071
69076
69094
69102
69107
69140
69146
69148
69152
69177
69179
69186
69189
69200
69205
69224
69235
69238
69255
69256
69260
69260
69272
69285
69296
69308
69311
69319
69323
69331
69341
69350
69361
69362
69389
69403
69406
69408
69411
69421
69423
69427
69437
69437
69440
69459
69463
69466
69470
69476
69477
69478
69489
69500
69502
69511
69534
69548
69567
69569
69569
69569
69574
69579
69585
69586
69591
69595
69605
69606
69607
69611
69618
69633
69637
69637
69643
69649
69659
69662
69669
69669
69701
69705
69718
69725
69726
