28
40
51
65
79
97
147
148
169
287
299
303
303
374
399
424
446
503
544
569
587
608
611
619
622
636
680
680
705
722
756
774
856
1050
1191
1200
1213
1307
1322
1331
1337
1342
1357
1372
1461
1464
1490
1498
1505
1541
1579
1638
1665
1689
1696
1704
1764
1794
1802
1851
1884
1895
1907
1928
1940
1943
2004
2024
2042
2055
2082
2107
2115
2123
2138
2155
2161
2191
2205
2228
2247
2320
2364
2373
2416
2425
2457
2459
2510
2534
2557
2558
2593
2623
2640
2652
2657
2678
2693
2699
2700
2750
2774
2784
2804
2810
2825
2832
2837
2859
2875
2898
2922
3023
3039
3100
3164
3164
3169
3199
3201
3212
3231
3241
3252
3269
3270
3279
3311
3433
3539
3551
3558
3563
3565
3573
3595
3602
3638
3645
3649
3717
3728
3729
3789
3840
3912
3916
3932
3938
3943
3954
3990
4040
4080
4112
4126
4157
4174
4245
4290
4296
4306
4315
4336
4393
4413
4417
4418
4473
4495
4523
4546
4556
4597
4680
4684
4698
4700
4741
4752
4830
4872
4881
4923
4991
5024
5069
5075
5112
5154
5236
5246
5250
5256
5293
5307
5312
5337
5342
5379
5438
5473
5486
5540
5543
5563
5594
5675
5678
5732
5735
5736
5770
5776
5810
5823
5829
5855
5863
5869
5948
6010
6011
6025
6026
6027
6125
6147
6153
6162
6251
6270
6273
6316
6455
6491
6501
6552
6588
6602
6608
6623
6628
6748
6759
6767
6768
6770
6775
6799
6843
6844
6854
6861
6948
6948
6977
6979
6993
7005
7092
7132
7133
7168
7234
7252
7278
7333
7406
7507
7543
7557
7570
7582
7591
7616
7634
7667
7687
7709
7793
7808
7816
7822
7876
7935
7995
7997
8011
8049
8131
8153
8179
8181
8186
8233
8285
8304
8343
8359
8371
8390
8418
8426
8473
8517
8521
8546
8583
8603
8618
8627
8698
8718
8721
8739
8765
8775
8788
8816
8824
8861
8889
8895
9014
9024
9057
9077
9091
9137
9191
9199
9220
9223
9226
9313
9324
9371
9403
9441
9458
9467
9474
9477
9493
9499
9543
9590
9621
9666
9706
9731
9773
9845
9856
9870
9888
9959
9989
10018
10060
10079
10100
10121
10122
10139
10141
10195
10228
10234
10275
10320
10321
10345
10521
10545
10553
10571
10601
10653
10719
10725
10767
10773
10781
10807
10824
10853
10882
10885
10903
10910
10918
10924
10930
10948
10974
10994
10997
11000
11054
11087
11121
11160
11166
11179
11182
11206
11230
11258
11269
11290
11292
11296
11321
11348
11378
11427
11428
11436
11446
11476
11510
11525
11530
11540
11601
11617
11619
11678
11701
11734
11768
11794
11831
11843
11847
11860
11890
11898
11902
11921
11934
11958
11962
11963
11967
11995
12011
12027
12058
12118
12174
12200
12215
12218
12273
12392
12411
12442
12450
12479
12482
12494
12518
12520
12542
12572
12593
12595
12617
12635
12702
12788
12801
12817
12823
12831
12835
12882
12919
12927
12930
12965
12970
13036
13044
13053
13104
13177
13185
13237
13256
13268
13323
13334
13363
13363
13383
13414
13463
13479
13481
13532
13588
13601
13615
13617
13630
13694
13714
13778
13822
13910
13939
13942
13942
13956
13991
14023
14064
14085
14087
14115
14117
14151
14157
14184
14185
14231
14242
14266
14310
14364
14387
14415
14416
14483
14529
14533
14596
14602
14607
14609
14659
14732
14766
14783
14791
14799
14820
14820
14822
14860
14865
14869
14955
15018
15126
15137
15144
15183
15298
15356
15359
15359
15413
15414
15459
15474
15485
15530
15555
15568
15667
15704
15718
15743
15755
15769
15787
15789
15833
15871
15886
15900
15927
15956
15985
15985
16006
16268
16283
16291
16318
16352
16407
16501
16516
16574
16637
16646
16650
16662
16688
16694
16711
16724
16724
16828
16836
16888
16946
16971
17014
17036
17048
17051
17089
17132
17155
17220
17232
17246
17250
17269
17277
17290
17296
17300
17347
17380
17381
17387
17390
17436
17489
17507
17523
17529
17532
17546
17552
17602
17625
17638
17659
17673
17704
17709
17747
17777
17781
17811
17835
17898
17900
17902
17933
17980
18001
18138
18141
18144
18153
18174
18183
18217
18266
18292
18293
18303
18313
18400
18430
18432
18468
18469
18475
18519
18524
18612
18621
18630
18648
18679
18695
18702
18727
18745
18840
18843
18852
18883
18894
18916
18958
18981
19043
19086
19178
19196
19214
19218
19283
19297
19300
19332
19373
19392
19413
19420
19430
19478
19480
19490
19599
19612
19628
19654
19733
19743
19789
19816
19831
19836
19935
19954
19963
20011
20013
20018
20044
20046
20059
20078
20086
20138
20201
20219
20229
20231
20253
20256
20260
20283
20332
20341
20384
20403
20414
20436
20438
20445
20523
20532
20546
20565
20645
20655
20661
20741
20749
20761
20883
20889
20899
20979
21042
21096
21146
21150
21159
21174
21176
21220
21240
21260
21263
21269
21293
21376
21383
21439
21507
21513
21566
21571
21591
21614
21625
21643
21689
21694
21731
21772
21809
21876
21876
21876
21897
21944
21975
22003
22028
22058
22136
22139
22142
22149
22176
22209
22232
22258
22311
22369
22371
22408
22412
22416
22419
22421
22422
22425
22473
22473
22532
22602
22637
22637
22657
22699
22699
22717
22743
22819
22827
22854
22887
22893
22905
22930
22932
22934
22942
23015
23053
23072
23109
23166
23183
23197
23212
23221
23242
23244
23249
23267
23291
23293
23311
23318
23336
23376
23391
23406
23431
23432
23449
23456
23496
23499
23503
23572
23582
23586
23601
23604
23637
23644
23694
23701
23723
23724
23727
23773
23820
23867
23876
23897
23946
23951
23966
24017
24039
24050
24072
24090
24103
24137
24150
24158
24170
24174
24178
24192
24204
24224
24251
24357
24377
24393
24416
24428
24451
24463
24481
24504
24515
24548
24558
24559
24561
24581
24685
24688
24723
24777
24794
24797
24826
24833
24846
24884
24912
24932
24980
24984
25027
25050
25052
25091
25118
25126
25161
25175
25214
25253
25272
25318
25324
25370
25372
25382
25406
25437
25474
25572
25652
25687
25695
25715
25723
25748
25782
25797
25807
25881
25881
25934
26001
26010
26028
26069
26073
26079
26082
26092
26103
26105
26107
26114
26141
26160
26176
26193
26193
26207
26274
26290
26304
26311
26399
26450
26484
26486
26554
26616
26691
26693
26720
26732
26774
26793
26817
26825
26827
26909
26925
26926
26953
26964
26967
26990
27049
27066
27080
27119
27127
27130
27150
27259
27266
27274
27295
27351
27354
27356
27394
27426
27454
27454
27456
27523
27552
27559
27571
27621
27643
27646
27700
27751
27760
27767
27778
27805
27822
27846
27850
27894
27915
27932
27960
28019
28043
28071
28107
28111
28115
28134
28142
28144
28153
28158
28224
28243
28257
28257
28295
28298
28300
28315
28345
28351
28404
28417
28459
28483
28498
28502
28505
28516
28528
28542
28556
28573
28668
28783
28846
28861
28869
28978
29020
29055
29108
29258
29314
29317
29333
29342
29360
29384
29385
29409
29416
29416
29435
29444
29450
29493
29514
29535
29536
29543
29629
29665
29666
29678
29685
29692
29692
29712
29735
29789
29827
29876
29878
29887
29910
29948
29960
30010
30019
30033
30047
30075
30087
30101
30142
30157
30161
30201
30225
30254
30260
30277
30298
30303
30319
30339
30344
30402
30405
30465
30495
30526
30570
30575
30593
30593
30656
30690
30709
30725
30728
30730
30771
30827
30900
30912
30914
30923
30926
30932
30940
30953
30986
31061
31069
31073
31109
31268
31276
31276
31306
31324
31393
31424
31442
31475
31478
31480
31483
31489
31531
31599
31604
31643
31645
31659
31661
31760
31820
31824
31829
31837
31868
31911
31942
31947
31966
31981
31995
32028
32031
32037
32062
32098
32110
32163
32182
32201
32204
32215
32238
32254
32267
32276
32284
32303
32340
32382
32390
32443
32461
32502
32520
32569
32600
32731
32756
32764
32796
32863
32875
32930
32945
32946
32965
33059
33062
33073
33101
33155
33198
33200
33391
33409
33428
33451
33475
33478
33605
33659
33668
33669
33671
33690
33709
33729
33749
33861
33925
33928
33941
33953
33953
33980
33982
33986
33993
34002
34016
34084
34090
34107
34120
34127
34128
34142
34145
34163
34227
34236
34236
34240
34243
34258
34321
34330
34383
34399
34455
34466
34471
34474
34478
34495
34513
34555
34567
34590
34617
34620
34693
34762
34768
34838
34876
34894
34928
34945
34963
34975
35004
35037
35046
35112
35123
35130
35136
35182
35201
35217
35244
35283
35339
35375
35381
35396
35424
35433
35433
35435
35442
35481
35521
35541
35573
35603
35665
35667
35679
35689
35735
35757
35776
35828
35950
35980
36001
36021
36056
36090
36163
36164
36188
36196
36240
36255
36262
36268
36269
36350
36351
36376
36404
36411
36453
36463
36473
36478
36478
36490
36502
36551
36566
36576
36579
36707
36709
36774
36801
36805
36831
36832
36915
36946
36981
37021
37039
37063
37086
37095
37135
37138
37166
37166
37173
37262
37281
37298
37340
37353
37363
37383
37395
37403
37423
37431
37486
37514
37521
37556
37623
37627
37638
37645
37667
37672
37684
37715
37738
37808
37899
37912
37935
37985
38000
38029
38051
38129
38138
38139
38194
38195
38225
38236
38293
38295
38300
38370
38377
38382
38424
38446
38475
38495
38502
38587
38630
38658
38728
38730
38767
38769
38772
38780
38821
38887
38949
38959
39057
39076
39087
39121
39131
39135
39146
39156
39176
39181
39196
39211
39318
39324
39365
39400
39403
39420
39475
39479
39501
39505
39517
39548
39554
39568
39571
39578
39600
39602
39627
39648
39699
39766
39780
39802
39804
39823
39836
39841
39853
39856
39858
39924
39939
39957
39958
39962
39971
39984
39993
40007
40025
40089
40101
40121
40135
40163
40185
40188
40190
40375
40385
40395
40420
40484
40488
40615
40623
40631
40636
40654
40657
40726
40773
40815
40840
40841
40922
40944
40948
40952
40959
40973
40981
41004
41008
41052
41088
41098
41124
41146
41172
41176
41207
41226
41231
41246
41285
41331
41386
41399
41405
41452
41468
41473
41500
41525
41543
41571
41574
41602
41604
41629
41641
41684
41744
41762
41764
41771
41793
41794
41800
41805
41898
41921
41949
41989
42033
42054
42066
42069
42109
42164
42191
42226
42233
42235
42253
42254
42258
42280
42308
42342
42355
42370
42430
42468
42535
42544
42551
42568
42571
42578
42586
42626
42652
42689
42693
42698
42738
42746
42808
42812
42836
42865
42901
42961
43002
43022
43031
43060
43067
43096
43107
43139
43216
43262
43272
43273
43296
43362
43391
43485
43506
43507
43532
43540
43552
43556
43559
43559
43591
43606
43611
43658
43753
43824
43834
43845
43860
43925
43934
44025
44048
44052
44053
44056
44064
44072
44128
44139
44140
44206
44230
44240
44250
44357
44396
44438
44486
44488
44512
44551
44561
44574
44587
44637
44659
44733
44744
44769
44776
44781
44789
44820
44826
44851
44888
44890
44914
44914
44971
45010
45073
45092
45098
45109
45112
45135
45139
45172
45231
45258
45305
45342
45363
45374
45382
45398
45420
45477
45501
45533
45578
45619
45626
45664
45707
45708
45721
45741
45748
45750
45774
45776
45866
45881
45922
45952
45981
46027
46034
46062
46087
46110
46115
46120
46133
46180
46253
46301
46306
46309
46325
46326
46333
46355
46359
46385
46391
46391
46398
46406
46414
46434
46455
46462
46483
46499
46519
46532
46571
46594
46651
46699
46713
46727
46786
46810
46812
46830
46914
46936
46940
46958
47057
47062
47090
47110
47114
47124
47137
47143
47166
47172
47176
47221
47253
47270
47271
47285
47338
47386
47406
47440
47475
47501
47569
47598
47630
47652
47691
47723
47724
47742
47772
47791
47813
47821
47837
47842
47913
48038
48052
48064
48091
48105
48142
48151
48193
48209
48275
48297
48303
48337
48357
48358
48360
48376
48382
48418
48432
48482
48483
48485
48572
48579
48582
48599
48602
48618
48622
48633
48665
48668
48685
48705
48710
48735
48755
48757
48792
48801
48819
48825
48845
48858
48972
48978
48986
49015
49020
49167
49168
49206
49223
49230
49268
49345
49394
49455
49473
49477
49568
49601
49626
49912
49935
49941
50010
50012
50040
50047
50058
50075
50133
50178
50241
50242
50245
50269
50283
50286
50288
50294
50303
50310
50315
50323
50482
50518
50577
50585
50605
50617
50617
50625
50629
50689
50705
50725
50734
50746
50798
50800
50887
50909
50930
50976
50985
51010
51027
51129
51152
51152
51164
51234
51254
51289
51298
51324
51354
51394
51398
51415
51423
51473
51505
51505
51508
51529
51530
51552
51584
51588
51598
51653
51686
51726
51763
51766
51778
51787
51794
51806
51807
51812
51950
51962
51971
51991
51992
52002
52036
52073
52146
52162
52229
52268
52332
52515
52543
52556
52573
52580
52581
52602
52616
52652
52671
52713
52841
52930
52944
52954
52966
52969
52985
52999
53057
53078
53129
53163
53164
53177
53197
53208
53285
53299
53359
53359
53363
53412
53555
53590
53649
53691
53723
53744
53811
53820
53837
53845
53858
53907
53911
53916
53926
53997
54028
54030
54053
54108
54117
54124
54216
54227
54230
54240
54269
54285
54299
54329
54337
54348
54381
54385
54385
54397
54460
54483
54521
54528
54535
54581
54603
54609
54642
54653
54747
54785
54805
54821
54824
54830
54919
54929
54968
54976
54976
54992
55014
55048
55063
55082
55125
55126
55140
55211
55213
55243
55280
55297
55298
55299
55323
55380
55388
55434
55456
55513
55537
55546
55576
55580
55604
55649
55651
55661
55662
55670
55674
55696
55740
55757
55764
55781
55805
55834
55837
55838
55856
55860
55917
55956
56003
56007
56021
56028
56030
56044
56072
56104
56118
56149
56197
56209
56265
56267
56299
56310
56310
56316
56318
56341
56378
56392
56397
56397
56402
56415
56439
56458
56480
56508
56536
56550
56574
56576
56591
56599
56622
56644
56660
56685
56777
56780
56800
56805
56815
56845
56848
56889
56892
56941
56943
56963
57032
57062
57104
57149
57169
57207
57246
57277
57280
57327
57349
57373
57393
57410
57434
57463
57488
57498
57500
57543
57562
57608
57621
57628
57636
57642
57657
57661
57689
57695
57715
57760
57768
57791
57792
57793
57809
57869
57872
57872
57884
57891
57908
57940
58003
58080
58084
58099
58115
58133
58142
58160
58160
58163
58191
58221
58225
58229
58277
58284
58300
58325
58347
58361
58365
58404
58420
58426
58453
58474
58479
58482
58503
58538
58551
58566
58617
58641
58667
58684
58773
58783
58860
58866
58895
58905
58917
58935
58949
58949
58993
59048
59049
59078
59089
59096
59116
59117
59135
59138
59151
59151
59208
59226
59242
59250
59253
59366
59399
59430
59560
59567
59596
59613
59629
59671
59795
59804
59822
59824
59860
59863
59878
59886
59917
59940
59946
59977
60009
60065
60065
60114
60131
60209
60224
60225
60246
60283
60290
60322
60378
60420
60450
60456
60470
60514
60589
60627
60654
60679
60695
60744
60764
60799
60800
60816
60842
60843
60862
60862
60888
60907
60921
60932
60949
60953
60976
60993
61013
61035
61104
61141
61198
61200
61200
61218
61239
61245
61252
61268
61357
61401
61442
61443
61449
61452
61453
61483
61496
61524
61583
61592
61723
61744
61774
61813
61827
61841
61862
61866
61913
61930
62076
62083
62123
62126
62177
62178
62232
62247
62286
62300
62324
62429
62468
62528
62553
62583
62630
62633
62636
62658
62673
62692
62697
62698
62736
62746
62782
62783
62787
62798
62850
62904
62907
62926
62998
63040
63052
63082
63095
63129
63149
63159
63162
63205
63209
63225
63288
63302
63321
63330
63343
63508
63510
63531
63544
63548
63578
63587
63615
63661
63719
63720
63726
63734
63752
63793
63851
63859
63869
63944
63978
64003
64019
64045
64064
64071
64083
64085
64090
64102
64116
64186
64196
64243
64297
64299
64328
64347
64353
64356
64405
64410
64415
64433
64437
64446
64456
64458
64486
64488
64578
64590
64599
64611
64612
64639
64666
64732
64771
64833
64836
64874
64892
64944
64962
64964
64971
64977
64979
65024
65058
65085
65105
65111
65142
65180
65192
65199
65221
65250
65255
65297
65304
65341
65342
65380
65426
65511
65520
65552
65580
65615
65623
65626
65716
65767
65816
65818
65831
65868
65881
65901
65937
65959
65972
65976
65976
65995
66019
66032
66071
66072
66098
66122
66159
66181
66194
66203
66246
66290
66311
66343
66345
66353
66368
66370
66371
66390
66412
66451
66522
66562
66566
66603
66613
66623
66626
66667
66681
66694
66700
66736
66811
66837
66928
66931
66938
66947
66961
66961
66972
67056
67060
67138
67146
67212
67254
67281
67309
67347
67375
67416
67421
67437
67455
67458
67593
67607
67614
67624
67631
67631
67666
67670
67687
67708
67762
67766
67772
67783
67784
67819
67822
67859
67866
67869
67879
67894
67918
67922
67971
67983
67988
67991
68002
68004
68007
68025
68041
68051
68055
68073
68085
68133
68137
68158
68183
68230
68247
68258
68260
68307
68342
68383
68417
68425
68427
68443
68444
68498
68543
68556
68562
68570
68574
68640
68644
68651
68722
68730
68747
68751
68787
68800
68818
68853
68889
68921
68971
68990
69030
69061
69144
69150
69187
69202
69205
69216
69273
69278
69314
69391
69432
69434
69472
69494
69647
69677
69700
69745
