83
317
317
374
380
420
476
534
628
951
1079
1126
1136
1152
1313
1329
1364
1404
1438
1533
1683
1687
1768
1890
1916
2071
2134
2207
2235
2341
2347
2471
2523
2625
2832
2922
3012
3052
3185
3367
3395
3397
3475
3554
3588
3609
3632
4071
4080
4165
4224
4420
4422
4491
4555
4701
4705
5119
5170
5369
5463
5793
5849
5981
6249
6591
6635
6691
6715
6715
6767
6827
6862
7064
7183
7314
7331
7335
7551
7856
8073
8232
8513
8623
8659
9045
9059
9397
9631
10291
10334
10521
10659
10838
11123
11241
11559
11569
11732
11884
11959
12069
12359
12554
12562
12652
12691
12734
12877
12901
12959
13023
13029
13632
13666
13738
13898
14147
14206
14311
14330
14368
14722
14798
14834
14917
14942
15230
15718
15919
16036
16109
16161
16165
16271
16294
16332
16370
16463
16661
17105
17196
17262
17337
17377
17427
17456
17470
17477
17514
17526
17706
17921
17964
18018
18023
18048
18181
18426
18439
18789
18936
19273
19667
19699
19798
19970
20122
20409
20650
21101
21129
21544
21635
21712
21962
22290
22364
22399
22430
22598
22733
22828
23105
23321
23419
23445
23673
23711
23813
23841
23924
23990
24202
24415
24458
24521
24530
24665
24832
24844
25098
25767
25849
25989
26210
26473
26672
26908
27039
27081
27194
27271
27338
27498
27558
27618
27874
28035
28152
28273
28394
28615
28883
29176
29601
29747
29972
30137
30142
30229
30236
30258
30337
30397
30672
30684
30841
30874
30970
30991
31282
31372
31450
31774
31862
32454
32487
32538
32761
32796
32889
33091
33193
33238
33395
33399
33490
33624
33658
33898
34133
34183
34213
34319
34355
34357
34488
34566
34828
35189
35754
35898
36003
36017
36334
36343
36503
36559
36582
36591
36620
36711
36795
36798
36929
36964
37036
37138
37433
37463
37471
37476
37679
38314
39060
39157
39181
39216
39355
39421
39488
39504
39665
39724
39764
39877
40104
40260
40297
40450
40919
41061
41192
41199
41286
41317
41611
41745
42213
42431
42653
42799
42836
42836
42923
43253
43274
43511
43671
43839
43855
43956
44097
44265
44285
44342
44467
44500
44527
44569
44832
44846
45033
45172
45216
45466
45492
45601
45616
45630
45642
45658
45680
46057
46215
46262
46357
46357
46498
46506
46519
46678
46745
46967
47008
47060
47084
47088
47220
47292
47534
47734
47784
47804
47937
47953
47957
47958
47975
48164
48174
48201
48277
48496
48539
48608
48659
48832
48875
48941
49191
49220
49515
49698
49775
49910
49981
50179
50581
50876
50894
51347
51505
51630
51884
51947
51956
52159
53074
53158
53235
53582
53664
54506
54617
54731
54816
55495
55668
55811
55850
56260
56482
56492
56610
56853
56943
56971
57035
57174
57199
57355
57429
57574
57819
57970
57976
58032
58463
58803
59150
59414
59590
59591
59675
59794
59989
60097
60178
60214
60277
60431
60469
60519
60583
60616
60664
60711
60732
60838
60956
60971
61110
61162
61165
61586
61851
62018
62049
62221
62281
62375
62813
63059
63254
63275
63463
63641
63648
63675
63927
63962
64679
64927
65053
65533
65563
65611
65849
65954
65974
66329
66334
66567
66704
66822
67034
67197
67590
67612
67672
67817
67834
67966
68333
68491
68499
68649
68752
68862
68887
69037
69361
69398
69652
69668
