1
23
32
41
65
69
70
80
100
113
128
130
146
163
186
189
194
197
224
238
272
292
293
297
297
330
332
345
398
400
409
424
438
455
470
481
483
503
503
537
545
549
553
571
594
598
619
623
625
625
626
641
648
657
664
707
712
778
782
789
791
801
806
821
884
887
889
899
919
924
940
946
950
956
963
986
993
1033
1034
1052
1053
1053
1091
1126
1146
1182
1201
1208
1227
1228
1252
1281
1282
1289
1295
1300
1303
1331
1356
1365
1435
1437
1443
1452
1461
1466
1471
1480
1484
1511
1535
1542
1551
1558
1599
1605
1609
1615
1621
1646
1685
1687
1688
1693
1694
1708
1737
1778
1802
1818
1820
1838
1849
1866
1868
1869
1875
1885
1905
1906
1925
1928
1947
1952
1963
1968
1968
1969
1970
1977
1984
1985
1990
1995
2007
2020
2025
2036
2043
2052
2064
2080
2080
2087
2166
2172
2247
2251
2258
2265
2266
2276
2293
2299
2350
2383
2392
2398
2400
2408
2413
2424
2438
2444
2450
2453
2453
2475
2488
2506
2517
2538
2556
2574
2601
2608
2625
2636
2713
2718
2727
2731
2732
2733
2761
2767
2781
2796
2822
2842
2842
2843
2851
2856
2859
2878
2882
2882
2901
2903
2905
2944
2988
3031
3034
3037
3038
3044
3046
3056
3058
3071
3076
3079
3100
3112
3121
3170
3201
3203
3204
3206
3269
3272
3283
3283
3293
3301
3308
3331
3369
3385
3396
3398
3400
3413
3440
3472
3475
3477
3527
3536
3554
3588
3602
3602
3610
3638
3648
3653
3660
3675
3718
3756
3757
3759
3763
3765
3785
3789
3791
3810
3811
3817
3828
3854
3860
3871
3913
3963
3971
3991
3994
4003
4031
4035
4056
4061
4063
4125
4139
4163
4186
4198
4206
4229
4229
4245
4309
4317
4319
4341
4367
4381
4398
4406
4422
4426
4465
4470
4491
4494
4497
4501
4522
4537
4547
4575
4591
4640
4654
4722
4736
4782
4788
4803
4809
4820
4833
4847
4859
4865
4869
4902
4915
4915
4919
4921
4923
4927
4934
4944
4980
5007
5028
5034
5049
5056
5067
5070
5077
5084
5096
5142
5152
5159
5171
5215
5221
5247
5249
5256
5263
5265
5280
5284
5292
5298
5357
5360
5416
5417
5423
5443
5478
5483
5492
5531
5533
5550
5560
5563
5590
5591
5611
5651
5662
5670
5696
5712
5742
5768
5775
5785
5796
5804
5824
5830
5859
5874
5906
5911
5923
5933
5995
6002
6009
6018
6019
6024
6055
6065
6068
6073
6074
6075
6101
6104
6111
6112
6112
6179
6187
6194
6203
6215
6217
6228
6228
6238
6258
6262
6265
6272
6275
6289
6297
6329
6338
6368
6371
6392
6428
6428
6431
6434
6435
6473
6525
6526
6538
6554
6566
6581
6599
6603
6605
6608
6632
6646
6655
6689
6702
6708
6745
6749
6749
6769
6777
6785
6814
6843
6858
6874
6924
6925
6927
6927
6934
6942
6944
6970
6973
6987
6996
7019
7023
7027
7059
7103
7114
7120
7124
7128
7135
7174
7200
7217
7217
7284
7285
7287
7312
7315
7319
7327
7358
7398
7422
7433
7442
7445
7455
7464
7471
7500
7510
7510
7523
7534
7540
7542
7566
7582
7583
7634
7635
7636
7639
7672
7679
7679
7680
7695
7728
7733
7733
7734
7740
7741
7754
7773
7801
7812
7814
7817
7823
7828
7844
7856
7863
7891
7902
7904
7915
7925
7930
7953
7974
7977
8004
8041
8119
8124
8138
8159
8163
8173
8175
8176
8192
8227
8242
8248
8274
8281
8289
8292
8305
8328
8338
8338
8349
8359
8388
8392
8395
8398
8408
8408
8413
8415
8420
8456
8464
8469
8497
8511
8569
8588
8618
8618
8637
8726
8727
8747
8758
8778
8796
8813
8815
8817
8819
8825
8827
8834
8838
8842
8856
8863
8872
8880
8893
8909
8934
8999
9011
9012
9046
9088
9114
9116
9144
9182
9197
9197
9218
9218
9220
9230
9274
9274
9275
9282
9284
9293
9308
9314
9356
9363
9377
9380
9418
9419
9432
9456
9462
9493
9497
9532
9567
9586
9590
9599
9623
9630
9635
9675
9721
9724
9725
9740
9741
9763
9765
9771
9793
9800
9840
9907
9932
9939
9962
9963
9966
9988
9990
9994
10062
10078
10101
10156
10172
10184
10211
10237
10246
10267
10268
10275
10308
10311
10329
10379
10416
10464
10470
10472
10487
10508
10529
10553
10606
10630
10644
10659
10662
10699
10713
10738
10782
10783
10798
10807
10845
10858
10863
10870
10891
10900
10918
10919
10934
10947
10962
10962
10988
10999
11000
11016
11019
11024
11031
11037
11051
11069
11075
11075
11091
11126
11139
11163
11174
11176
11188
11191
11217
11221
11223
11230
11245
11265
11279
11289
11337
11339
11346
11366
11383
11388
11393
11404
11411
11411
11458
11461
11461
11470
11471
11486
11492
11495
11528
11543
11548
11588
11593
11601
11621
11628
11642
11653
11663
11680
11698
11731
11760
11786
11794
11817
11824
11832
11896
11942
11962
11969
11986
11989
11990
12004
12022
12026
12060
12084
12091
12097
12160
12187
12209
12234
12238
12279
12294
12298
12300
12321
12325
12329
12358
12396
12493
12524
12545
12567
12568
12574
12575
12591
12599
12599
12605
12633
12681
12688
12691
12696
12707
12713
12774
12782
12783
12799
12802
12803
12816
12835
12861
12872
12874
12878
12880
12905
12921
12953
12986
12997
13005
13009
13012
13021
13026
13037
13063
13065
13102
13110
13111
13124
13139
13144
13148
13157
13160
13162
13176
13185
13279
13311
13318
13334
13351
13356
13370
13373
13391
13392
13398
13494
13512
13520
13531
13531
13538
13542
13549
13556
13565
13576
13606
13612
13693
13700
13721
13756
13769
13791
13816
13868
13873
13875
13901
13903
13914
13925
13934
13945
13978
14022
14033
14047
14049
14062
14089
14107
14129
14132
14152
14160
14173
14210
14220
14222
14233
14248
14248
14261
14264
14284
14316
14349
14405
14416
14426
14430
14440
14444
14478
14478
14479
14492
14521
14526
14541
14544
14585
14587
14591
14598
14608
14609
14611
14614
14623
14627
14643
14649
14670
14677
14678
14689
14691
14699
14706
14706
14708
14734
14771
14800
14809
14829
14835
14840
14866
14876
14896
14958
14959
14991
15062
15122
15186
15190
15203
15222
15231
15231
15257
15263
15267
15274
15312
15318
15342
15347
15355
15372
15388
15421
15472
15478
15515
15539
15544
15592
15596
15609
15620
15631
15677
15686
15690
15692
15698
15708
15713
15755
15763
15771
15774
15808
15821
15829
15856
15914
15943
15951
15952
15988
16000
16011
16018
16026
16035
16091
16101
16118
16134
16137
16140
16142
16144
16183
16186
16230
16234
16267
16281
16287
16290
16292
16311
16421
16425
16429
16489
16524
16526
16540
16577
16601
16620
16627
16648
16657
16673
16676
16696
16752
16760
16775
16793
16793
16796
16808
16822
16824
16837
16851
16878
16897
16968
16994
16995
17003
17041
17109
17154
17164
17172
17182
17204
17223
17225
17232
17233
17237
17246
17253
17258
17270
17272
17274
17277
17293
17293
17324
17336
17346
17351
17388
17389
17416
17458
17464
17466
17473
17474
17500
17507
17509
17579
17591
17598
17608
17614
17642
17657
17660
17681
17697
17699
17706
17729
17730
17731
17731
17743
17749
17762
17764
17776
17825
17855
17880
17909
17913
17928
17944
18001
18029
18033
18034
18040
18074
18081
18092
18118
18133
18174
18199
18239
18260
18312
18329
18347
18353
18368
18384
18447
18484
18513
18519
18529
18534
18537
18556
18557
18595
18617
18631
18639
18641
18679
18689
18698
18712
18715
18726
18737
18738
18745
18773
18789
18802
18828
18833
18856
18868
18874
18886
18897
18951
18972
19013
19019
19034
19037
19048
19050
19056
19060
19100
19119
19120
19183
19199
19205
19234
19235
19254
19270
19272
19285
19293
19312
19318
19319
19332
19336
19368
19407
19413
19414
19423
19438
19469
19482
19501
19523
19527
19547
19554
19566
19582
19588
19589
19595
19607
19608
19627
19656
19669
19696
19710
19715
19716
19719
19726
19733
19738
19739
19746
19784
19785
19788
19788
19804
19806
19806
19807
19818
19835
19856
19863
19884
19891
19943
19948
19959
19959
19962
19970
19972
19999
20051
20086
20111
20121
20139
20167
20177
20223
20226
20229
20243
20264
20293
20298
20372
20391
20394
20415
20438
20441
20507
20521
20522
20528
20541
20546
20549
20567
20572
20584
20600
20603
20646
20648
20672
20676
20708
20711
20721
20725
20746
20815
20827
20829
20853
20853
20904
20938
20978
20984
20988
21000
21002
21007
21013
21022
21035
21037
21039
21043
21057
21064
21068
21074
21084
21137
21148
21159
21174
21177
21193
21202
21206
21214
21215
21227
21231
21232
21233
21235
21245
21255
21265
21289
21314
21316
21323
21391
21405
21411
21423
21432
21433
21439
21469
21470
21473
21500
21522
21525
21566
21576
21583
21603
21604
21607
21624
21627
21627
21636
21657
21662
21692
21757
21759
21808
21843
21879
21891
21907
21913
21914
21928
21937
21947
21981
21982
21983
22001
22043
22044
22066
22066
22076
22099
22102
22137
22142
22143
22167
22172
22217
22217
22222
22222
22222
22249
22271
22271
22309
22311
22322
22329
22343
22359
22360
22369
22386
22427
22454
22454
22459
22467
22470
22474
22476
22511
22532
22575
22613
22614
22616
22622
22635
22639
22670
22678
22681
22686
22686
22686
22695
22723
22763
22793
22807
22812
22814
22824
22829
22840
22858
22888
22908
22921
22930
22932
22963
22968
22980
22981
23010
23040
23075
23088
23088
23116
23124
23140
23153
23158
23180
23192
23198
23203
23223
23227
23240
23244
23259
23305
23310
23338
23357
23362
23380
23384
23427
23453
23473
23477
23478
23484
23484
23485
23491
23509
23518
23522
23525
23555
23564
23572
23622
23629
23644
23645
23645
23684
23701
23724
23751
23754
23775
23778
23803
23806
23828
23840
23850
23858
23863
23863
23877
23883
23910
23918
23929
23942
23963
23970
24007
24008
24018
24025
24031
24045
24072
24078
24082
24099
24116
24173
24185
24201
24230
24293
24294
24311
24326
24331
24343
24361
24361
24373
24399
24431
24437
24442
24468
24469
24474
24486
24490
24501
24512
24528
24540
24555
24574
24580
24581
24612
24613
24625
24644
24654
24689
24699
24709
24716
24741
24748
24779
24793
24797
24804
24820
24838
24854
24895
24914
24926
24936
24938
24979
24997
25001
25002
25012
25030
25030
25048
25099
25135
25141
25162
25169
25170
25185
25209
25209
25215
25238
25245
25283
25284
25289
25291
25359
25401
25421
25463
25467
25486
25488
25503
25507
25507
25521
25522
25553
25555
25571
25576
25584
25596
25596
25596
25600
25628
25663
25670
25672
25689
25690
25694
25709
25719
25768
25793
25811
25819
25830
25835
25856
25862
25893
25936
25948
25960
25962
25963
25971
25977
25987
26042
26043
26050
26056
26060
26074
26128
26157
26159
26169
26223
26234
26247
26249
26260
26267
26285
26287
26302
26308
26325
26325
26329
26333
26351
26359
26375
26375
26399
26413
26441
26446
26449
26455
26464
26474
26493
26504
26516
26530
26559
26585
26591
26607
26612
26632
26643
26676
26680
26684
26687
26702
26709
26720
26720
26744
26746
26784
26800
26846
26847
26849
26852
26872
26884
26892
26905
26914
26915
26925
26953
27018
27043
27054
27081
27086
27086
27124
27135
27155
27162
27171
27179
27180
27187
27195
27199
27200
27239
27247
27266
27267
27289
27316
27322
27329
27332
27344
27370
27385
27396
27445
27449
27453
27453
27466
27492
27519
27526
27529
27560
27562
27575
27582
27594
27668
27691
27722
27738
27742
27774
27774
27797
27798
27815
27825
27829
27832
27869
27876
27898
27904
27921
27924
27941
27968
27969
27987
27995
28026
28045
28051
28059
28154
28227
28244
28264
28269
28272
28276
28284
28287
28290
28296
28330
28336
28337
28355
28388
28419
28423
28425
28459
28468
28486
28523
28539
28551
28556
28557
28587
28615
28633
28636
28652
28672
28674
28681
28690
28700
28746
28749
28755
28785
28790
28832
28839
28857
28857
28887
28919
28935
28943
28946
28948
28958
28960
28963
29032
29056
29102
29111
29111
29113
29130
29163
29168
29179
29226
29240
29240
29243
29260
29266
29268
29301
29302
29333
29339
29345
29350
29367
29370
29371
29428
29428
29441
29448
29481
29492
29503
29512
29514
29523
29537
29558
29560
29578
29581
29594
29628
29633
29649
29670
29681
29705
29724
29729
29731
29740
29740
29751
29757
29761
29765
29796
29836
29845
29846
29854
29857
29858
29884
29896
29939
29950
29961
29979
29991
30025
30029
30029
30046
30058
30072
30085
30095
30117
30118
30131
30134
30145
30145
30150
30184
30218
30228
30246
30247
30275
30277
30292
30305
30316
30320
30320
30330
30331
30340
30354
30370
30387
30396
30419
30425
30504
30507
30541
30546
30546
30571
30593
30602
30614
30615
30652
30668
30692
30711
30712
30743
30754
30790
30819
30821
30834
30880
30889
30891
30928
30947
30952
30967
30982
31022
31024
31038
31046
31064
31074
31094
31103
31129
31165
31178
31196
31213
31297
31302
31333
31341
31344
31369
31385
31412
31428
31442
31455
31457
31460
31463
31477
31483
31487
31510
31518
31535
31536
31548
31600
31608
31608
31614
31629
31631
31645
31686
31692
31693
31705
31726
31733
31742
31754
31776
31779
31801
31851
31852
31852
31853
31873
31874
31937
31957
31962
31975
32001
32017
32023
32048
32070
32094
32095
32148
32149
32188
32207
32226
32231
32236
32242
32248
32268
32271
32288
32294
32301
32303
32319
32321
32350
32371
32372
32380
32383
32390
32400
32400
32403
32410
32458
32515
32517
32560
32574
32586
32590
32594
32602
32603
32604
32607
32608
32623
32631
32632
32643
32663
32665
32677
32682
32695
32696
32706
32755
32765
32787
32813
32814
32847
32865
32870
32879
32880
32905
32921
32966
32968
33001
33003
33020
33022
33025
33063
33077
33120
33130
33131
33132
33153
33164
33167
33195
33198
33204
33209
33210
33215
33220
33224
33231
33232
33249
33252
33257
33301
33309
33314
33320
33322
33323
33329
33331
33335
33338
33340
33365
33374
33377
33383
33392
33417
33452
33454
33465
33479
33485
33510
33512
33521
33523
33528
33534
33546
33576
33577
33592
33609
33625
33626
33636
33707
33708
33720
33721
33727
33748
33767
33777
33788
33789
33795
33802
33828
33893
33894
33899
33902
33908
33923
33941
33963
33995
34012
34052
34071
34081
34100
34126
34128
34211
34212
34217
34240
34271
34306
34312
34341
34343
34346
34348
34371
34374
34413
34430
34441
34443
34458
34460
34480
34484
34541
34550
34559
34594
34612
34621
34625
34635
34639
34655
34660
34664
34669
34692
34702
34719
34724
34788
34791
34805
34876
34886
34898
34911
34971
34979
34980
35002
35002
35006
35009
35031
35098
35108
35119
35126
35132
35137
35140
35151
35152
35173
35177
35178
35180
35181
35200
35230
35286
35289
35291
35293
35306
35312
35312
35317
35324
35329
35330
35344
35352
35356
35357
35428
35473
35477
35496
35498
35502
35510
35527
35545
35573
35574
35634
35652
35653
35657
35682
35684
35696
35699
35713
35723
35751
35775
35788
35819
35820
35848
35851
35854
35884
35914
35914
35932
35971
35993
35994
36001
36005
36009
36018
36018
36022
36045
36056
36058
36071
36083
36115
36127
36127
36134
36150
36163
36168
36171
36203
36259
36261
36326
36335
36337
36340
36355
36356
36392
36400
36408
36464
36473
36529
36535
36539
36542
36547
36559
36570
36573
36580
36590
36623
36624
36626
36628
36633
36638
36665
36669
36701
36713
36719
36722
36728
36731
36734
36752
36769
36783
36784
36789
36800
36805
36807
36811
36831
36838
36841
36859
36880
36895
36915
36920
36947
36965
37003
37026
37042
37050
37058
37067
37086
37094
37095
37107
37111
37133
37136
37145
37148
37149
37154
37155
37183
37186
37187
37213
37284
37289
37295
37368
37370
37444
37453
37469
37486
37504
37506
37528
37536
37546
37555
37578
37603
37608
37610
37612
37619
37621
37625
37633
37656
37670
37684
37692
37711
37739
37788
37826
37832
37833
37871
37894
37901
37903
37906
37908
37928
37961
37966
37967
38000
38003
38004
38013
38045
38050
38062
38069
38078
38105
38106
38121
38122
38134
38153
38158
38180
38180
38184
38189
38189
38218
38225
38283
38302
38305
38305
38315
38336
38350
38366
38367
38404
38419
38449
38491
38524
38557
38671
38675
38687
38695
38725
38738
38751
38753
38784
38791
38795
38807
38807
38811
38815
38817
38830
38843
38852
38854
38867
38877
38889
38893
38904
38912
38921
38922
38927
38939
38972
38973
39026
39069
39077
39080
39085
39103
39127
39141
39156
39195
39197
39200
39222
39242
39251
39278
39280
39293
39356
39357
39357
39377
39395
39412
39429
39447
39454
39462
39467
39472
39477
39490
39504
39515
39517
39566
39571
39580
39582
39595
39611
39616
39631
39648
39677
39689
39740
39776
39789
39789
39795
39813
39828
39859
39869
39884
39905
39975
40014
40023
40026
40031
40054
40074
40093
40128
40177
40252
40256
40263
40284
40297
40316
40359
40372
40374
40375
40392
40404
40404
40412
40420
40421
40444
40454
40481
40488
40494
40499
40500
40511
40519
40558
40573
40577
40604
40619
40622
40632
40667
40668
40678
40688
40701
40716
40727
40727
40732
40760
40784
40812
40832
40842
40867
40881
40907
40911
40917
40920
40921
40952
40962
40962
40968
40982
41000
41001
41004
41012
41020
41063
41090
41095
41121
41169
41172
41200
41206
41241
41254
41273
41279
41304
41309
41322
41328
41426
41439
41439
41443
41449
41452
41472
41502
41518
41544
41544
41568
41592
41628
41636
41644
41648
41657
41677
41693
41697
41728
41740
41753
41787
41807
41810
41825
41827
41830
41852
41878
41907
41924
41956
41958
41959
41960
41960
41968
41975
41977
41988
42049
42063
42077
42097
42102
42108
42126
42126
42130
42132
42147
42152
42152
42209
42226
42227
42231
42232
42238
42261
42295
42303
42310
42357
42360
42426
42434
42458
42485
42503
42514
42562
42562
42573
42582
42588
42602
42634
42635
42668
42707
42713
42738
42745
42760
42763
42791
42810
42818
42838
42863
42882
42900
42920
42939
42942
42945
43012
43037
43039
43052
43061
43065
43087
43093
43096
43156
43167
43187
43188
43194
43218
43221
43232
43242
43249
43254
43272
43312
43321
43335
43388
43388
43404
43422
43432
43437
43437
43446
43457
43508
43547
43557
43573
43598
43617
43619
43620
43624
43637
43641
43656
43681
43685
43689
43705
43725
43739
43758
43763
43771
43810
43836
43884
43885
43886
43894
43905
43916
43937
43941
43943
43947
43975
43975
43997
44020
44028
44051
44056
44060
44108
44116
44136
44139
44159
44175
44176
44185
44187
44210
44220
44232
44238
44261
44299
44316
44319
44320
44326
44328
44333
44337
44360
44371
44394
44408
44409
44410
44414
44418
44420
44474
44484
44498
44506
44510
44551
44557
44557
44560
44580
44586
44599
44600
44603
44606
44636
44649
44655
44660
44678
44710
44726
44745
44761
44783
44787
44792
44801
44842
44843
44846
44893
44919
44928
44987
44988
44995
45003
45005
45013
45017
45040
45055
45064
45076
45140
45150
45206
45209
45229
45247
45251
45255
45272
45289
45293
45297
45327
45331
45335
45338
45362
45388
45471
45478
45487
45500
45545
45558
45587
45593
45604
45618
45620
45630
45631
45645
45646
45657
45686
45757
45768
45799
45799
45824
45830
45862
45874
45889
45893
45894
45934
45972
45997
46000
46030
46040
46056
46062
46066
46074
46102
46108
46122
46132
46161
46172
46181
46253
46282
46284
46292
46349
46354
46365
46368
46377
46382
46394
46412
46429
46431
46431
46440
46475
46488
46504
46540
46545
46557
46612
46629
46639
46654
46659
46666
46681
46733
46747
46748
46749
46764
46777
46785
46819
46822
46830
46844
46845
46881
46901
46954
47001
47030
47091
47124
47131
47145
47150
47159
47174
47188
47203
47207
47253
47263
47268
47269
47292
47307
47353
47353
47401
47414
47432
47451
47481
47491
47496
47500
47501
47532
47544
47573
47606
47634
47641
47644
47659
47674
47690
47718
47721
47728
47770
47770
47783
47788
47798
47835
47852
47874
47891
47894
47937
47939
47947
47960
47981
48027
48054
48080
48082
48084
48087
48251
48263
48296
48307
48309
48320
48324
48366
48371
48409
48417
48447
48479
48490
48490
48493
48511
48536
48648
48656
48699
48708
48731
48732
48772
48779
48792
48792
48840
48841
48880
48890
48943
49009
49024
49028
49101
49109
49114
49115
49145
49149
49164
49164
49178
49197
49255
49297
49298
49321
49366
49370
49398
49408
49489
49507
49596
49603
49619
49626
49637
49637
49644
49676
49685
49688
49709
49736
49736
49777
49811
49822
49832
49835
49861
49913
49929
49934
49947
49949
49955
49972
49973
50012
50015
50032
50034
50042
50051
50073
50074
50088
50100
50123
50147
50148
50148
50155
50161
50167
50178
50194
50198
50207
50210
50213
50257
50259
50267
50287
50294
50321
50328
50373
50413
50442
50472
50495
50516
50526
50537
50538
50562
50566
50588
50589
50599
50604
50622
50644
50663
50666
50708
50728
50743
50760
50778
50786
50805
50865
50868
50889
50896
50899
50906
50910
50968
50989
50996
51010
51014
51021
51042
51043
51063
51094
51095
51099
51120
51126
51141
51147
51167
51184
51197
51238
51239
51245
51251
51284
51293
51297
51309
51317
51322
51369
51385
51404
51432
51434
51457
51460
51486
51508
51522
51531
51536
51538
51539
51572
51575
51578
51643
51647
51651
51653
51728
51766
51781
51823
51828
51834
51842
51855
51883
51896
51907
51911
51913
51914
51933
51936
51951
51979
52003
52006
52025
52040
52062
52076
52079
52082
52105
52107
52117
52123
52149
52170
52199
52215
52221
52258
52259
52284
52303
52312
52314
52318
52357
52394
52410
52431
52444
52449
52454
52468
52531
52543
52554
52591
52601
52623
52635
52645
52648
52661
52664
52678
52688
52703
52708
52723
52744
52752
52762
52788
52824
52833
52842
52844
52847
52857
52857
52860
52863
52863
52883
52885
52888
52902
52915
52927
52937
52938
52950
52955
52957
52957
52964
53036
53048
53052
53067
53087
53100
53105
53118
53147
53201
53216
53222
53230
53235
53246
53254
53266
53290
53292
53295
53300
53304
53306
53314
53363
53366
53373
53385
53391
53407
53407
53412
53420
53442
53472
53474
53491
53522
53529
53551
53560
53564
53566
53609
53619
53629
53635
53656
53663
53665
53700
53725
53749
53767
53822
53833
53850
53862
53877
53881
53910
53924
53927
53929
53940
53949
53997
54008
54012
54034
54035
54052
54056
54069
54073
54082
54093
54098
54124
54131
54133
54166
54176
54204
54205
54224
54237
54245
54375
54380
54386
54405
54426
54428
54435
54437
54460
54464
54516
54519
54540
54562
54582
54589
54600
54625
54631
54631
54648
54659
54673
54694
54696
54726
54729
54775
54792
54799
54800
54801
54842
54878
54887
54892
54894
54971
54979
54987
54989
54991
55006
55011
55020
55021
55027
55041
55056
55058
55072
55096
55097
55112
55116
55121
55122
55126
55157
55165
55202
55211
55220
55238
55244
55280
55357
55362
55374
55382
55383
55400
55409
55413
55422
55424
55431
55453
55455
55468
55478
55484
55511
55567
55614
55629
55649
55652
55677
55689
55690
55724
55734
55742
55749
55764
55767
55779
55780
55800
55808
55823
55834
55901
55907
55923
55956
55972
55973
56010
56027
56064
56070
56073
56073
56079
56085
56093
56114
56120
56126
56164
56173
56191
56199
56205
56216
56217
56226
56254
56259
56267
56267
56280
56304
56305
56311
56329
56378
56380
56380
56389
56397
56402
56423
56431
56433
56444
56460
56484
56494
56518
56522
56525
56590
56599
56629
56657
56661
56671
56748
56764
56764
56786
56793
56799
56800
56807
56813
56835
56840
56877
56877
56889
56898
56914
56931
56938
56939
56992
56997
57009
57016
57021
57039
57042
57073
57082
57108
57148
57152
57157
57159
57163
57210
57229
57238
57277
57280
57282
57304
57307
57311
57359
57386
57386
57410
57435
57456
57482
57485
57498
57500
57508
57510
57517
57567
57576
57589
57590
57597
57615
57616
57622
57638
57667
57676
57686
57688
57738
57744
57753
57754
57797
57807
57827
57858
57872
57876
57885
57917
57921
57927
57939
57952
57961
57981
57985
57988
58024
58060
58070
58071
58075
58081
58101
58123
58155
58160
58161
58174
58187
58188
58191
58193
58202
58203
58221
58250
58251
58260
58264
58279
58322
58350
58354
58367
58399
58400
58407
58410
58415
58422
58429
58446
58463
58466
58477
58481
58489
58501
58505
58520
58540
58545
58555
58559
58600
58607
58615
58649
58651
58653
58669
58669
58679
58711
58713
58730
58744
58749
58757
58763
58768
58784
58784
58796
58798
58823
58829
58839
58854
58870
58880
58888
58905
58917
58920
58930
58931
58946
58955
58966
58969
58987
58999
59011
59022
59023
59075
59086
59091
59116
59136
59159
59172
59174
59177
59182
59184
59190
59207
59230
59246
59276
59312
59343
59356
59359
59419
59479
59481
59491
59507
59510
59529
59538
59547
59568
59571
59572
59574
59581
59582
59585
59613
59640
59648
59654
59670
59691
59694
59716
59718
59720
59726
59727
59769
59772
59787
59793
59810
59838
59856
59859
59879
59896
59901
59920
59935
59936
59949
59961
60008
60016
60017
60023
60037
60041
60050
60066
60079
60101
60102
60121
60139
60141
60141
60170
60175
60203
60230
60254
60270
60285
60293
60295
60301
60307
60309
60312
60313
60315
60318
60358
60361
60361
60398
60403
60415
60417
60425
60435
60459
60507
60517
60537
60561
60564
60597
60623
60635
60644
60664
60666
60687
60695
60710
60719
60722
60736
60756
60761
60761
60803
60822
60841
60856
60861
60895
60914
60930
60937
60957
60963
60969
60986
61014
61022
61037
61038
61054
61069
61088
61106
61126
61139
61139
61162
61166
61188
61191
61197
61200
61220
61264
61268
61284
61298
61307
61328
61358
61358
61362
61367
61382
61426
61426
61432
61435
61441
61453
61457
61484
61487
61491
61496
61509
61528
61538
61551
61564
61591
61613
61620
61621
61623
61627
61636
61638
61647
61662
61671
61679
61706
61729
61731
61748
61754
61756
61762
61763
61780
61804
61896
61919
61934
61974
61993
61996
61999
62001
62027
62031
62044
62080
62100
62117
62178
62186
62190
62203
62216
62226
62238
62265
62267
62279
62285
62286
62286
62320
62330
62331
62351
62367
62413
62447
62454
62498
62507
62525
62533
62576
62578
62580
62582
62588
62613
62621
62624
62631
62646
62660
62662
62668
62696
62698
62728
62749
62758
62759
62766
62772
62774
62784
62787
62789
62797
62807
62822
62848
62858
62876
62880
62882
62954
62958
62962
63032
63033
63084
63102
63108
63112
63118
63131
63148
63155
63169
63231
63239
63243
63260
63287
63300
63311
63340
63342
63418
63440
63446
63455
63464
63502
63506
63515
63515
63550
63571
63572
63574
63597
63637
63640
63728
63730
63751
63759
63772
63775
63782
63784
63795
63795
63802
63816
63864
63864
63867
63894
63900
63908
63925
63954
63967
63980
63981
63986
64011
64059
64099
64131
64150
64197
64202
64218
64269
64275
64280
64280
64280
64322
64332
64338
64339
64367
64450
64471
64480
64515
64525
64537
64547
64555
64574
64603
64613
64614
64617
64624
64628
64639
64641
64654
64656
64656
64663
64717
64736
64826
64840
64848
64884
64888
64890
64907
64932
64943
64966
64974
64974
64976
65006
65006
65011
65019
65022
65025
65033
65145
65169
65181
65193
65214
65250
65283
65295
65305
65337
65361
65378
65378
65424
65517
65519
65556
65584
65594
65610
65626
65631
65657
65662
65699
65708
65717
65729
65737
65782
65784
65796
65824
65847
65852
65871
65896
65915
65934
65941
65949
65954
66002
66047
66069
66117
66146
66167
66172
66177
66185
66217
66220
66302
66359
66365
66402
66403
66404
66440
66451
66454
66455
66497
66512
66582
66606
66640
66641
66680
66687
66712
66720
66736
66763
66767
66772
66787
66787
66809
66816
66816
66833
66836
66846
66855
66861
66862
66897
66911
66913
66950
66956
66957
66999
67039
67040
67045
67064
67070
67099
67107
67108
67221
67221
67246
67250
67254
67255
67256
67283
67302
67317
67321
67332
67333
67384
67386
67386
67387
67393
67408
67441
67484
67503
67505
67511
67533
67536
67568
67574
67577
67595
67596
67627
67638
67641
67657
67659
67659
67665
67736
67747
67771
67774
67804
67823
67836
67846
67856
67859
67862
67900
67934
67938
67955
67960
68032
68056
68061
68071
68086
68110
68111
68132
68136
68142
68158
68188
68197
68202
68215
68216
68218
68226
68257
68263
68282
68283
68302
68304
68312
68316
68322
68326
68326
68331
68338
68339
68351
68377
68412
68413
68487
68499
68555
68616
68629
68650
68660
68666
68668
68671
68681
68698
68738
68747
68786
68844
68847
68849
68879
68914
68915
68929
68938
68940
68957
68987
68989
69032
69037
69110
69137
69137
69164
69186
69211
69222
69240
69278
69286
69295
69305
69326
69344
69352
69354
69358
69378
69383
69400
69402
69421
69432
69459
69468
69473
69476
69493
69511
69513
69528
69543
69547
69561
69566
69571
69572
69583
69586
69597
69620
69625
69691
69701
69706
69741
