5
8
53
57
111
147
158
164
171
181
198
204
224
226
230
230
231
235
240
240
246
256
262
275
286
296
300
308
350
367
381
389
411
425
446
461
477
505
553
567
568
577
594
599
628
635
648
653
656
660
691
694
707
721
724
746
751
768
788
798
808
839
848
852
862
862
907
910
911
920
937
1015
1018
1021
1022
1024
1026
1037
1052
1053
1055
1056
1058
1084
1085
1090
1097
1100
1110
1122
1122
1163
1166
1166
1176
1177
1199
1203
1228
1243
1251
1269
1271
1272
1280
1285
1367
1367
1371
1385
1388
1408
1412
1442
1483
1487
1488
1495
1502
1507
1512
1525
1551
1556
1586
1628
1645
1651
1655
1665
1681
1682
1687
1707
1710
1729
1729
1762
1770
1792
1805
1809
1816
1830
1835
1858
1887
1930
1953
1965
1966
2005
2011
2020
2037
2066
2069
2086
2104
2118
2137
2162
2181
2214
2229
2230
2256
2290
2306
2313
2343
2367
2386
2402
2426
2430
2446
2447
2473
2480
2497
2498
2506
2514
2524
2543
2550
2569
2602
2646
2647
2658
2663
2666
2685
2692
2694
2708
2714
2734
2738
2742
2757
2775
2782
2808
2833
2853
2862
2882
2906
2907
2908
2909
2923
2979
2981
2991
2991
3004
3014
3017
3033
3041
3051
3054
3058
3067
3094
3113
3123
3133
3138
3157
3160
3179
3187
3204
3206
3222
3234
3244
3261
3267
3267
3268
3277
3302
3323
3335
3343
3352
3379
3385
3401
3405
3415
3421
3442
3448
3471
3481
3489
3491
3498
3510
3532
3537
3543
3561
3561
3563
3575
3603
3611
3626
3629
3634
3634
3647
3664
3664
3690
3709
3712
3744
3767
3843
3850
3860
3865
3869
3871
3875
3890
3894
3902
3904
3905
3924
3939
3942
3945
3954
3954
3994
3998
4020
4020
4027
4032
4033
4045
4051
4052
4052
4062
4070
4087
4094
4097
4102
4103
4110
4113
4116
4128
4157
4167
4172
4189
4189
4248
4262
4293
4308
4318
4324
4331
4336
4347
4374
4387
4419
4422
4478
4496
4510
4523
4532
4574
4581
4586
4588
4603
4619
4626
4631
4637
4646
4672
4675
4687
4712
4724
4762
4766
4781
4802
4823
4839
4848
4851
4868
4876
4946
4955
4955
4969
4971
4973
4976
4977
4980
4982
5003
5004
5014
5027
5028
5030
5037
5041
5044
5061
5069
5075
5096
5131
5144
5144
5145
5148
5165
5167
5168
5172
5180
5195
5206
5222
5230
5239
5241
5241
5243
5266
5310
5313
5315
5317
5324
5337
5344
5372
5374
5402
5402
5402
5404
5406
5419
5428
5429
5450
5454
5463
5472
5476
5507
5519
5527
5535
5539
5541
5545
5571
5572
5578
5602
5604
5605
5609
5611
5621
5645
5650
5655
5661
5672
5676
5680
5692
5695
5711
5725
5741
5745
5748
5752
5760
5765
5771
5780
5781
5795
5797
5803
5809
5811
5818
5833
5851
5870
5870
5884
5894
5917
5923
5925
5928
5931
5932
5937
5951
5960
5967
5980
5983
5988
6033
6039
6051
6059
6082
6101
6102
6103
6110
6129
6139
6152
6192
6195
6196
6203
6211
6227
6232
6247
6248
6258
6289
6293
6295
6297
6319
6323
6381
6392
6395
6414
6421
6427
6447
6452
6467
6471
6472
6485
6500
6501
6528
6528
6569
6572
6575
6584
6586
6611
6616
6634
6642
6664
6705
6718
6726
6733
6741
6759
6775
6776
6784
6793
6800
6807
6816
6829
6838
6843
6851
6858
6868
6874
6876
6878
6891
6891
6928
6929
6940
6947
6949
6967
6986
7019
7031
7057
7126
7127
7129
7131
7131
7139
7163
7169
7199
7203
7239
7250
7253
7263
7283
7285
7288
7297
7324
7334
7339
7340
7342
7344
7352
7367
7369
7374
7376
7389
7390
7394
7404
7406
7415
7421
7430
7431
7495
7523
7528
7536
7552
7564
7583
7590
7590
7595
7604
7630
7631
7639
7654
7655
7659
7664
7669
7669
7683
7685
7699
7709
7722
7752
7755
7759
7765
7779
7794
7801
7825
7851
7864
7865
7869
7885
7894
7895
7925
7943
7982
7982
7992
7992
8006
8034
8043
8044
8059
8073
8089
8095
8106
8112
8119
8124
8126
8152
8154
8186
8196
8204
8217
8224
8241
8248
8253
8272
8285
8293
8308
8312
8330
8332
8342
8356
8361
8403
8433
8435
8438
8440
8447
8468
8473
8475
8476
8479
8494
8501
8515
8547
8558
8568
8590
8596
8614
8614
8634
8634
8636
8637
8638
8638
8650
8651
8654
8655
8657
8665
8681
8684
8711
8712
8732
8733
8787
8795
8798
8810
8840
8847
8848
8850
8858
8869
8870
8880
8921
8941
8943
8975
8977
8987
9028
9029
9040
9044
9079
9091
9091
9093
9124
9138
9138
9154
9173
9177
9179
9182
9197
9221
9222
9228
9253
9257
9259
9272
9289
9291
9298
9315
9326
9340
9350
9351
9354
9357
9362
9365
9373
9397
9423
9431
9435
9447
9454
9467
9476
9481
9482
9497
9511
9515
9520
9580
9597
9609
9635
9648
9653
9660
9672
9693
9698
9740
9743
9751
9766
9768
9769
9770
9776
9786
9787
9799
9829
9832
9837
9855
9863
9870
9873
9896
9897
9898
9900
9901
9913
9919
9920
9926
9948
9963
9970
10022
10036
10037
10044
10054
10055
10079
10087
10095
10095
10125
10130
10131
10149
10152
10169
10178
10187
10188
10204
10213
10233
10244
10250
10251
10261
10263
10267
10272
10278
10284
10285
10325
10333
10339
10349
10354
10360
10361
10377
10388
10396
10440
10451
10453
10463
10472
10477
10478
10484
10486
10509
10515
10515
10529
10547
10548
10554
10560
10570
10579
10610
10615
10620
10633
10703
10710
10713
10741
10743
10751
10775
10776
10778
10786
10792
10832
10865
10873
10875
10896
10916
10931
10933
11007
11041
11041
11043
11045
11050
11089
11093
11098
11103
11118
11151
11160
11197
11200
11220
11224
11243
11248
11249
11249
11258
11274
11292
11297
11314
11325
11326
11344
11358
11361
11373
11415
11420
11431
11444
11495
11498
11527
11530
11530
11552
11561
11582
11599
11601
11622
11623
11632
11635
11648
11654
11659
11663
11664
11668
11686
11711
11714
11719
11724
11735
11735
11741
11758
11787
11811
11813
11864
11870
11871
11873
11880
11884
11893
11900
11906
11911
11914
11943
11943
11965
11967
11968
11977
12003
12005
12013
12018
12040
12062
12065
12069
12073
12083
12098
12110
12138
12151
12184
12185
12220
12234
12238
12246
12257
12268
12304
12311
12313
12317
12336
12350
12353
12362
12362
12395
12415
12421
12440
12465
12469
12476
12491
12502
12502
12509
12531
12552
12556
12582
12587
12607
12612
12633
12638
12652
12662
12689
12717
12744
12751
12754
12780
12783
12811
12813
12827
12853
12854
12854
12860
12871
12874
12875
12892
12900
12911
12916
12941
12942
12945
12949
12968
12973
12995
13021
13023
13025
13039
13051
13065
13069
13074
13095
13132
13138
13151
13160
13160
13166
13194
13206
13224
13234
13236
13255
13289
13292
13299
13307
13322
13333
13357
13358
13380
13382
13422
13423
13456
13457
13463
13490
13499
13523
13530
13536
13545
13546
13564
13573
13578
13593
13602
13611
13615
13645
13652
13652
13661
13662
13667
13681
13687
13713
13714
13720
13722
13725
13750
13754
13772
13776
13784
13802
13826
13889
13892
13896
13897
13910
13922
13933
13936
13936
13937
13938
13943
13973
13981
13997
14005
14007
14019
14038
14053
14058
14060
14072
14086
14093
14138
14141
14161
14174
14203
14248
14251
14251
14268
14276
14277
14286
14326
14340
14441
14451
14458
14468
14468
14477
14478
14490
14496
14496
14511
14530
14536
14547
14556
14563
14566
14568
14571
14579
14581
14590
14592
14608
14609
14638
14640
14641
14641
14651
14659
14671
14687
14713
14716
14720
14746
14764
14783
14784
14824
14832
14851
14860
14867
14891
14896
14939
14943
14963
14965
14969
14982
14983
15001
15011
15020
15020
15027
15044
15061
15061
15071
15087
15087
15127
15141
15142
15181
15186
15193
15200
15203
15209
15253
15264
15265
15281
15287
15293
15304
15341
15342
15368
15377
15382
15400
15402
15427
15428
15444
15445
15446
15451
15463
15467
15469
15486
15500
15501
15524
15549
15552
15553
15572
15577
15590
15590
15606
15616
15618
15620
15646
15649
15653
15659
15662
15663
15713
15721
15727
15730
15739
15755
15756
15758
15779
15784
15792
15800
15828
15835
15843
15868
15871
15894
15899
15906
15913
15929
15942
15945
15950
15970
15985
15992
16028
16034
16039
16072
16075
16078
16086
16105
16128
16129
16137
16159
16168
16182
16197
16202
16206
16210
16210
16243
16263
16265
16265
16295
16299
16301
16330
16330
16337
16340
16348
16362
16364
16417
16458
16477
16478
16503
16528
16559
16565
16569
16600
16608
16618
16639
16643
16653
16661
16666
16716
16726
16728
16749
16752
16761
16764
16779
16780
16793
16798
16808
16809
16817
16828
16842
16860
16879
16893
16905
16928
16935
16935
16960
16968
16970
16973
16990
16992
17006
17015
17015
17021
17037
17040
17060
17060
17071
17083
17085
17088
17106
17157
17172
17184
17199
17200
17209
17215
17242
17242
17264
17265
17269
17275
17320
17322
17326
17330
17345
17357
17375
17375
17391
17402
17417
17418
17431
17446
17459
17480
17484
17497
17501
17507
17511
17512
17514
17518
17522
17528
17567
17580
17616
17623
17627
17630
17631
17671
17675
17694
17710
17713
17717
17723
17727
17740
17772
17775
17777
17779
17780
17781
17790
17792
17800
17816
17832
17838
17839
17857
17861
17864
17874
17911
17933
17954
17965
17979
17982
17989
18028
18028
18038
18100
18103
18120
18126
18152
18159
18165
18165
18177
18184
18187
18194
18214
18216
18231
18240
18249
18270
18290
18307
18320
18327
18331
18341
18355
18389
18407
18426
18438
18447
18468
18469
18482
18486
18492
18495
18502
18502
18506
18530
18531
18542
18546
18554
18579
18589
18615
18616
18619
18625
18643
18649
18650
18680
18687
18688
18704
18707
18721
18722
18728
18730
18730
18746
18761
18763
18764
18774
18789
18794
18795
18802
18832
18834
18834
18860
18894
18901
18924
18924
18935
18939
18947
18963
19012
19033
19058
19060
19064
19076
19100
19102
19103
19109
19119
19122
19126
19132
19139
19142
19165
19171
19231
19258
19259
19261
19272
19293
19301
19311
19312
19342
19355
19360
19365
19396
19402
19413
19422
19429
19446
19469
19487
19495
19511
19515
19521
19528
19553
19555
19555
19556
19584
19585
19588
19589
19591
19592
19594
19595
19595
19612
19623
19649
19657
19683
19700
19702
19708
19747
19784
19798
19798
19802
19865
19887
19920
19939
19993
19996
19999
20034
20050
20055
20057
20066
20073
20097
20108
20127
20131
20137
20152
20156
20164
20174
20174
20179
20180
20220
20256
20257
20270
20274
20286
20298
20339
20355
20378
20400
20420
20426
20429
20439
20478
20521
20534
20541
20553
20554
20585
20586
20677
20693
20727
20737
20748
20755
20792
20811
20819
20832
20845
20852
20857
20858
20865
20891
20893
20896
20896
20903
20908
20917
20922
20940
20946
20954
20962
20980
21000
21022
21028
21028
21041
21049
21067
21088
21095
21099
21105
21112
21123
21126
21134
21136
21168
21190
21191
21208
21246
21253
21257
21267
21271
21278
21284
21287
21292
21304
21311
21313
21338
21338
21343
21379
21388
21403
21443
21466
21468
21485
21488
21492
21501
21507
21526
21535
21539
21569
21589
21599
21612
21614
21619
21622
21668
21678
21681
21686
21687
21696
21705
21713
21716
21720
21724
21728
21729
21739
21740
21753
21759
21776
21785
21786
21786
21794
21797
21801
21815
21815
21818
21851
21854
21874
21879
21884
21898
21901
21903
21908
21922
21923
21949
21951
21969
21981
21987
22007
22045
22046
22101
22107
22108
22132
22132
22132
22140
22168
22174
22177
22201
22204
22214
22264
22265
22274
22302
22309
22335
22388
22393
22405
22407
22421
22444
22445
22457
22457
22457
22463
22480
22485
22485
22509
22519
22534
22547
22558
22561
22573
22577
22580
22586
22598
22600
22624
22635
22640
22643
22643
22643
22664
22666
22669
22695
22717
22729
22732
22734
22737
22739
22756
22768
22775
22775
22803
22838
22855
22859
22861
22909
22915
22924
22935
22937
22959
22968
22969
22979
22981
22992
23012
23017
23028
23033
23035
23039
23048
23072
23097
23100
23101
23107
23111
23129
23129
23136
23163
23164
23188
23191
23206
23209
23214
23216
23235
23237
23248
23271
23273
23276
23299
23348
23361
23376
23382
23383
23396
23397
23406
23407
23410
23415
23418
23420
23421
23428
23457
23465
23467
23492
23493
23519
23530
23548
23548
23552
23579
23636
23673
23712
23723
23726
23757
23765
23765
23775
23777
23785
23792
23800
23806
23809
23822
23831
23848
23852
23857
23867
23870
23873
23878
23897
23907
23910
23911
23915
23951
23961
23961
23966
23993
23994
23995
24044
24045
24092
24095
24107
24108
24112
24147
24149
24150
24167
24216
24225
24243
24258
24260
24272
24281
24291
24306
24308
24317
24320
24346
24349
24375
24402
24405
24408
24413
24414
24421
24447
24457
24461
24464
24471
24471
24475
24476
24477
24488
24500
24506
24507
24520
24527
24556
24564
24566
24584
24613
24622
24663
24664
24664
24680
24687
24700
24702
24709
24711
24716
24724
24730
24734
24743
24785
24789
24800
24815
24822
24846
24848
24849
24867
24871
24872
24893
24895
24937
24944
24954
24963
25007
25011
25021
25024
25026
25051
25091
25128
25130
25152
25162
25169
25172
25176
25185
25191
25200
25214
25217
25227
25239
25246
25253
25270
25288
25310
25313
25336
25344
25344
25349
25350
25365
25388
25394
25412
25422
25426
25439
25460
25465
25472
25483
25502
25502
25523
25528
25537
25569
25571
25574
25582
25612
25619
25620
25664
25676
25706
25707
25715
25722
25726
25739
25747
25774
25781
25792
25821
25821
25841
25845
25860
25874
25885
25894
25898
25903
25906
25924
25937
25948
25965
25972
25978
25986
25988
26004
26006
26007
26032
26066
26067
26068
26069
26070
26093
26096
26102
26113
26120
26128
26147
26152
26154
26162
26164
26165
26174
26176
26178
26185
26200
26203
26210
26210
26211
26279
26287
26295
26310
26310
26311
26332
26335
26385
26392
26405
26408
26417
26424
26426
26446
26450
26450
26461
26472
26481
26484
26485
26548
26551
26563
26568
26600
26608
26619
26620
26623
26633
26634
26672
26684
26687
26723
26743
26759
26788
26789
26819
26834
26855
26861
26882
26894
26903
26912
26915
26919
26919
26934
26936
26943
26947
26956
26962
26964
26985
27004
27049
27053
27054
27057
27064
27104
27125
27143
27187
27192
27202
27213
27253
27259
27281
27281
27295
27322
27331
27338
27363
27367
27371
27385
27400
27408
27448
27451
27460
27466
27487
27503
27539
27544
27553
27600
27602
27619
27632
27638
27656
27675
27679
27706
27749
27751
27809
27824
27859
27860
27867
27869
27881
27893
27894
27919
27929
27937
27940
27944
27950
27983
28013
28020
28027
28028
28043
28053
28058
28096
28128
28142
28149
28162
28177
28213
28223
28223
28239
28252
28253
28265
28275
28305
28318
28325
28343
28343
28344
28358
28370
28400
28401
28409
28412
28422
28439
28443
28445
28460
28462
28485
28489
28495
28534
28546
28548
28550
28554
28556
28567
28567
28576
28581
28589
28615
28659
28665
28667
28683
28689
28703
28725
28735
28744
28783
28786
28796
28800
28816
28819
28825
28838
28843
28852
28852
28858
28872
28895
28902
28908
28917
28921
28923
28929
28930
28946
28947
28948
28950
28984
28993
28995
29006
29015
29047
29071
29079
29103
29117
29122
29138
29143
29145
29151
29169
29173
29191
29201
29223
29234
29245
29256
29278
29281
29285
29300
29304
29305
29318
29338
29344
29364
29366
29369
29373
29385
29395
29421
29424
29424
29446
29449
29452
29453
29460
29461
29462
29464
29494
29496
29527
29533
29535
29544
29554
29555
29556
29572
29579
29590
29630
29631
29661
29677
29686
29691
29691
29700
29721
29742
29753
29773
29790
29807
29817
29822
29831
29860
29880
29881
29897
29908
29932
29942
29958
29963
29970
29981
29996
29996
29997
30002
30012
30044
30060
30083
30101
30132
30153
30167
30169
30178
30215
30234
30237
30258
30284
30284
30321
30324
30330
30335
30338
30355
30365
30366
30398
30434
30472
30496
30518
30522
30531
30543
30557
30559
30561
30580
30616
30629
30633
30657
30674
30678
30682
30752
30782
30782
30790
30808
30812
30815
30832
30836
30854
30865
30867
30875
30880
30884
30892
30910
30940
30956
30961
30965
30981
30989
31051
31060
31081
31084
31087
31099
31100
31102
31119
31120
31161
31164
31188
31192
31198
31206
31229
31231
31233
31255
31256
31261
31261
31286
31310
31311
31318
31319
31324
31374
31379
31382
31389
31414
31419
31423
31427
31436
31441
31444
31451
31474
31487
31504
31524
31530
31533
31539
31542
31543
31554
31569
31572
31576
31577
31588
31592
31595
31609
31617
31623
31624
31626
31627
31659
31662
31675
31677
31678
31713
31718
31730
31735
31743
31758
31804
31830
31842
31863
31888
31891
31900
31920
31923
31925
31925
31931
31933
31938
31941
31943
31981
31984
31985
32003
32016
32027
32039
32049
32060
32066
32083
32115
32123
32128
32132
32146
32158
32169
32169
32174
32223
32234
32237
32240
32240
32241
32243
32255
32266
32277
32285
32293
32295
32333
32340
32347
32352
32360
32365
32374
32377
32400
32419
32432
32452
32460
32466
32482
32487
32504
32512
32523
32551
32554
32558
32559
32559
32564
32593
32610
32611
32663
32676
32688
32695
32695
32705
32717
32722
32733
32736
32745
32810
32853
32857
32899
32916
32926
32940
32949
32949
32950
32969
32998
33019
33022
33028
33033
33038
33042
33058
33075
33075
33092
33108
33129
33139
33166
33168
33174
33181
33182
33222
33237
33256
33264
33277
33291
33295
33312
33316
33323
33336
33345
33359
33377
33378
33390
33395
33415
33437
33442
33450
33457
33457
33460
33465
33470
33491
33511
33519
33519
33520
33527
33533
33551
33571
33573
33589
33614
33619
33619
33621
33628
33636
33638
33659
33676
33716
33721
33722
33725
33730
33732
33733
33744
33772
33779
33790
33812
33815
33816
33842
33845
33858
33863
33884
33887
33893
33907
33910
33928
33966
33970
33975
33997
34009
34010
34011
34016
34023
34037
34043
34046
34062
34068
34108
34109
34117
34131
34133
34170
34205
34220
34221
34229
34241
34243
34248
34252
34260
34278
34281
34292
34296
34328
34337
34339
34350
34364
34367
34382
34387
34387
34387
34390
34395
34421
34436
34461
34483
34501
34506
34514
34539
34540
34540
34544
34545
34554
34558
34561
34571
34578
34595
34600
34614
34624
34624
34632
34670
34696
34703
34716
34725
34735
34736
34746
34751
34753
34770
34781
34785
34821
34840
34844
34851
34855
34865
34888
34894
34902
34911
34927
34947
34966
34987
34992
34994
35000
35003
35006
35016
35028
35036
35065
35081
35094
35118
35123
35124
35134
35152
35155
35172
35182
35193
35195
35208
35210
35212
35213
35234
35236
35248
35254
35255
35267
35287
35291
35302
35342
35360
35376
35378
35388
35465
35469
35476
35485
35531
35533
35534
35540
35598
35614
35615
35623
35634
35652
35657
35661
35697
35715
35717
35731
35734
35757
35763
35816
35819
35829
35833
35837
35841
35871
35878
35906
35915
35928
35955
35961
35962
35977
35979
35982
35988
36003
36009
36014
36020
36021
36029
36030
36031
36038
36072
36088
36101
36108
36123
36158
36160
36165
36166
36175
36185
36186
36199
36231
36236
36246
36249
36251
36284
36315
36327
36336
36339
36360
36361
36376
36412
36412
36415
36416
36439
36458
36459
36480
36512
36513
36514
36554
36555
36573
36607
36618
36620
36634
36640
36641
36692
36697
36709
36736
36760
36773
36782
36789
36791
36819
36820
36824
36833
36842
36855
36857
36862
36863
36869
36880
36889
36923
36938
36939
36940
36954
36961
36961
36962
36977
36981
36989
37000
37007
37035
37081
37084
37094
37094
37109
37112
37136
37141
37165
37180
37182
37187
37203
37208
37215
37250
37251
37251
37251
37270
37292
37293
37295
37317
37332
37332
37342
37346
37346
37355
37357
37365
37387
37427
37432
37437
37467
37473
37480
37502
37505
37513
37515
37523
37527
37538
37538
37543
37553
37579
37580
37597
37608
37622
37627
37629
37633
37640
37641
37650
37658
37658
37678
37679
37680
37684
37686
37723
37748
37750
37759
37787
37795
37821
37828
37840
37869
37872
37881
37904
37921
37928
37929
37933
37939
37941
37964
37967
38003
38012
38021
38028
38028
38040
38059
38077
38080
38080
38082
38082
38085
38092
38099
38101
38104
38104
38107
38113
38121
38121
38131
38142
38143
38151
38174
38183
38197
38202
38210
38211
38227
38233
38245
38272
38288
38297
38306
38322
38331
38353
38360
38371
38386
38396
38399
38405
38408
38417
38422
38430
38437
38462
38486
38494
38495
38508
38514
38516
38544
38558
38558
38559
38561
38592
38620
38624
38633
38636
38656
38662
38676
38703
38703
38707
38710
38723
38724
38738
38740
38752
38772
38800
38801
38809
38831
38844
38855
38859
38876
38876
38885
38893
38930
38932
38970
38971
38976
39014
39017
39024
39025
39030
39047
39053
39061
39068
39069
39071
39078
39103
39126
39145
39149
39150
39151
39181
39214
39221
39238
39245
39246
39249
39264
39266
39274
39275
39306
39328
39343
39352
39390
39390
39428
39429
39465
39488
39495
39496
39499
39541
39547
39570
39574
39577
39583
39620
39622
39626
39630
39630
39636
39653
39655
39698
39698
39700
39742
39743
39760
39809
39833
39857
39866
39872
39872
39873
39876
39884
39891
39897
39900
39903
39905
39907
39911
39919
39924
39928
39973
39992
39993
39999
40018
40030
40067
40073
40079
40085
40103
40103
40135
40145
40171
40183
40183
40214
40234
40237
40275
40280
40280
40281
40293
40297
40315
40340
40350
40369
40396
40424
40434
40440
40485
40518
40530
40533
40539
40540
40553
40558
40559
40561
40571
40582
40592
40596
40621
40625
40639
40643
40657
40672
40691
40721
40723
40735
40737
40754
40771
40789
40792
40793
40797
40801
40846
40848
40849
40864
40878
40879
40895
40901
40904
40908
40912
40938
40939
40944
40960
40974
40978
40983
40991
40994
41049
41059
41072
41074
41101
41106
41108
41122
41130
41145
41150
41155
41156
41159
41163
41164
41166
41182
41229
41241
41271
41287
41299
41334
41348
41368
41382
41393
41397
41398
41405
41416
41454
41461
41488
41491
41512
41515
41520
41521
41522
41528
41561
41562
41589
41596
41604
41615
41626
41639
41657
41675
41680
41720
41722
41728
41746
41766
41794
41800
41827
41838
41839
41841
41863
41869
41881
41895
41898
41898
41900
41905
41921
41921
41930
41939
41940
41955
42023
42028
42060
42078
42080
42092
42092
42121
42123
42143
42153
42159
42162
42162
42170
42177
42214
42214
42240
42256
42268
42277
42277
42283
42289
42304
42305
42319
42337
42362
42372
42377
42387
42390
42390
42393
42417
42447
42470
42489
42493
42500
42508
42509
42514
42515
42527
42543
42554
42566
42576
42586
42590
42605
42618
42619
42620
42639
42645
42654
42674
42681
42692
42703
42706
42714
42727
42727
42730
42731
42734
42736
42743
42755
42778
42780
42787
42793
42822
42836
42848
42877
42891
42902
42913
42928
42929
42930
42938
42947
42951
42955
42992
42998
43002
43012
43047
43057
43060
43073
43080
43080
43089
43099
43129
43138
43168
43179
43236
43237
43242
43251
43263
43280
43289
43290
43291
43294
43297
43311
43330
43332
43335
43366
43395
43399
43428
43428
43429
43443
43445
43471
43478
43487
43506
43523
43528
43539
43550
43603
43612
43642
43648
43658
43660
43681
43690
43693
43705
43727
43730
43737
43744
43744
43747
43750
43752
43763
43774
43776
43780
43789
43800
43807
43812
43830
43832
43840
43846
43846
43850
43853
43853
43854
43855
43872
43873
43875
43887
43896
43897
43897
43903
43947
43948
43949
43969
43969
43981
43994
44003
44034
44037
44040
44041
44055
44073
44082
44093
44098
44109
44110
44120
44143
44146
44149
44151
44154
44162
44183
44188
44193
44201
44225
44242
44243
44254
44255
44268
44269
44270
44284
44285
44289
44293
44306
44311
44313
44319
44328
44375
44390
44398
44413
44454
44465
44478
44478
44486
44508
44512
44528
44531
44534
44555
44563
44567
44581
44594
44597
44621
44623
44639
44649
44677
44695
44699
44718
44721
44734
44759
44780
44780
44820
44824
44846
44853
44855
44861
44867
44872
44885
44985
44986
44997
44998
45007
45068
45072
45083
45086
45086
45096
45106
45111
45122
45129
45150
45153
45165
45201
45206
45250
45255
45257
45269
45271
45273
45278
45280
45288
45303
45306
45319
45347
45365
45390
45412
45417
45425
45506
45532
45547
45573
45586
45587
45602
45628
45646
45672
45682
45710
45721
45736
45747
45763
45769
45772
45788
45801
45803
45804
45806
45808
45809
45812
45820
45831
45839
45861
45866
45883
45888
45891
45917
45924
45929
45934
45947
45952
45953
45955
45959
45965
45974
45975
45993
45994
46018
46018
46024
46051
46072
46102
46126
46147
46147
46158
46172
46176
46229
46250
46253
46259
46270
46274
46280
46287
46287
46292
46292
46315
46368
46383
46388
46411
46411
46414
46426
46437
46459
46469
46469
46470
46491
46514
46514
46529
46560
46576
46581
46629
46640
46647
46657
46668
46683
46688
46691
46702
46713
46715
46731
46732
46738
46781
46786
46820
46837
46846
46850
46868
46871
46914
46925
46928
46936
46937
46943
46952
46966
46974
46977
46977
46991
47017
47021
47022
47036
47050
47067
47083
47134
47174
47189
47189
47199
47205
47219
47225
47236
47237
47252
47255
47276
47303
47326
47326
47334
47340
47354
47359
47375
47384
47385
47395
47399
47402
47418
47418
47435
47437
47440
47466
47472
47479
47489
47493
47502
47518
47536
47546
47557
47584
47585
47593
47619
47620
47625
47638
47640
47676
47677
47680
47681
47683
47686
47699
47742
47753
47762
47783
47785
47812
47815
47823
47823
47834
47845
47876
47889
47924
47935
47959
47964
47968
48006
48010
48014
48039
48065
48068
48075
48075
48083
48094
48117
48122
48143
48147
48169
48189
48201
48210
48216
48226
48234
48239
48241
48273
48291
48295
48315
48329
48333
48339
48353
48355
48361
48368
48371
48406
48422
48422
48437
48447
48473
48494
48526
48528
48533
48534
48572
48573
48585
48635
48653
48664
48671
48683
48686
48689
48713
48735
48736
48739
48749
48754
48756
48757
48761
48777
48810
48811
48820
48822
48825
48826
48855
48861
48868
48881
48883
48913
48938
48949
48970
48974
48975
48980
48982
48984
49009
49023
49032
49072
49089
49098
49099
49113
49120
49141
49149
49158
49199
49200
49205
49205
49215
49216
49228
49231
49234
49243
49261
49270
49287
49309
49316
49333
49359
49367
49388
49392
49407
49419
49422
49429
49431
49435
49440
49485
49503
49504
49504
49506
49514
49522
49542
49545
49566
49568
49597
49601
49619
49632
49647
49647
49651
49665
49665
49669
49671
49675
49675
49682
49690
49690
49691
49693
49704
49718
49730
49732
49746
49761
49776
49801
49817
49829
49842
49857
49858
49876
49886
49922
49928
49935
49937
49955
49964
49996
50009
50028
50031
50040
50047
50052
50056
50058
50061
50092
50098
50101
50121
50124
50129
50141
50145
50150
50155
50178
50192
50216
50233
50246
50261
50268
50270
50271
50276
50289
50291
50297
50305
50312
50313
50330
50337
50341
50357
50363
50364
50386
50397
50404
50416
50421
50422
50429
50440
50448
50448
50449
50472
50522
50526
50532
50541
50580
50588
50600
50632
50637
50654
50662
50663
50664
50679
50701
50704
50723
50725
50739
50756
50758
50760
50782
50785
50789
50798
50812
50824
50836
50850
50854
50857
50861
50875
50878
50890
50898
50902
50911
50919
50924
50953
50957
50985
50996
51002
51022
51022
51025
51029
51044
51050
51058
51080
51081
51093
51143
51182
51202
51217
51228
51238
51242
51260
51269
51278
51295
51300
51312
51357
51372
51380
51388
51403
51413
51432
51460
51469
51483
51490
51510
51519
51520
51530
51531
51532
51544
51555
51570
51576
51603
51608
51619
51633
51637
51639
51666
51673
51675
51681
51688
51688
51692
51695
51713
51757
51773
51804
51828
51833
51839
51842
51850
51852
51864
51877
51888
51894
51909
51910
51928
51938
51955
51972
51975
51981
52020
52034
52048
52048
52057
52058
52062
52064
52094
52094
52099
52105
52128
52150
52152
52168
52171
52173
52182
52218
52225
52229
52262
52290
52295
52358
52368
52369
52377
52388
52404
52428
52431
52445
52477
52477
52477
52496
52499
52510
52517
52526
52531
52540
52578
52612
52644
52671
52676
52677
52678
52693
52698
52708
52726
52796
52811
52815
52828
52830
52833
52839
52862
52891
52891
52919
52925
52950
52952
52953
52956
52966
52974
52975
53004
53005
53043
53043
53060
53074
53084
53106
53110
53113
53138
53146
53155
53165
53185
53194
53220
53221
53223
53225
53242
53265
53276
53279
53279
53289
53304
53315
53329
53336
53336
53352
53360
53377
53421
53430
53450
53455
53468
53469
53469
53480
53482
53489
53491
53495
53517
53523
53527
53529
53547
53555
53572
53587
53593
53612
53630
53647
53650
53676
53684
53695
53700
53712
53729
53739
53756
53756
53802
53806
53818
53818
53832
53862
53881
53882
53889
53892
53894
53895
53901
53928
53938
53950
53952
53957
53969
53987
53987
53994
54007
54019
54025
54037
54038
54048
54066
54079
54105
54112
54121
54138
54143
54144
54155
54159
54178
54199
54202
54233
54240
54247
54251
54268
54311
54327
54334
54343
54363
54368
54379
54384
54410
54416
54435
54462
54465
54467
54470
54486
54497
54505
54513
54530
54569
54592
54593
54603
54605
54609
54615
54621
54660
54663
54669
54676
54688
54698
54719
54740
54749
54771
54781
54784
54795
54797
54808
54815
54838
54856
54868
54872
54938
54975
54998
55000
55001
55006
55007
55051
55070
55111
55123
55135
55137
55148
55166
55171
55172
55181
55212
55243
55244
55250
55273
55273
55276
55291
55316
55319
55321
55323
55329
55340
55382
55386
55387
55395
55399
55402
55408
55410
55410
55449
55453
55457
55465
55472
55472
55473
55476
55478
55480
55484
55504
55521
55580
55583
55584
55591
55591
55619
55632
55638
55638
55659
55667
55675
55698
55699
55699
55703
55714
55732
55734
55771
55808
55817
55820
55845
55852
55869
55888
55895
55915
55929
55931
55954
55954
55972
55983
55986
56001
56011
56030
56062
56072
56072
56079
56083
56086
56095
56109
56109
56111
56112
56120
56128
56130
56148
56157
56184
56188
56188
56188
56194
56219
56226
56239
56283
56289
56299
56307
56308
56339
56394
56402
56403
56421
56435
56482
56486
56488
56521
56522
56533
56546
56581
56599
56599
56599
56612
56616
56635
56642
56659
56660
56660
56662
56663
56667
56685
56689
56690
56695
56729
56729
56735
56738
56748
56765
56786
56798
56803
56807
56810
56823
56830
56847
56869
56881
56902
56917
56935
56937
56939
56947
56947
56974
56979
57005
57006
57008
57028
57051
57059
57060
57079
57085
57088
57103
57109
57117
57161
57167
57203
57212
57236
57248
57252
57267
57272
57274
57322
57335
57342
57353
57372
57373
57387
57392
57392
57407
57415
57429
57435
57440
57445
57470
57474
57483
57484
57493
57499
57513
57517
57534
57541
57545
57562
57563
57577
57579
57583
57594
57608
57618
57624
57649
57706
57718
57738
57760
57810
57828
57866
57868
57914
57919
57923
57931
57932
57944
57972
57973
57996
58001
58029
58029
58036
58040
58069
58087
58091
58096
58100
58114
58126
58132
58165
58172
58189
58195
58204
58213
58238
58242
58243
58260
58270
58274
58277
58292
58298
58307
58323
58339
58347
58366
58384
58387
58406
58431
58437
58471
58508
58529
58538
58567
58569
58569
58571
58574
58579
58618
58627
58642
58666
58676
58710
58719
58726
58734
58734
58761
58770
58800
58804
58811
58830
58833
58843
58863
58906
58910
58911
58925
58948
58954
58957
58959
58994
59016
59044
59054
59057
59065
59072
59075
59085
59089
59097
59102
59108
59111
59114
59137
59144
59155
59158
59176
59205
59207
59208
59225
59231
59238
59245
59284
59296
59302
59306
59307
59311
59315
59332
59368
59368
59377
59393
59416
59423
59436
59451
59454
59472
59492
59497
59512
59525
59525
59548
59548
59553
59565
59570
59574
59580
59586
59595
59597
59602
59604
59620
59634
59646
59652
59662
59662
59696
59713
59723
59729
59760
59766
59785
59818
59847
59866
59877
59878
59889
59909
59914
59922
59939
59940
59944
59963
59985
59989
59992
60039
60044
60062
60071
60077
60095
60096
60098
60102
60104
60104
60117
60130
60137
60157
60175
60176
60186
60195
60196
60209
60223
60232
60259
60286
60286
60319
60355
60369
60371
60375
60377
60378
60383
60402
60404
60429
60432
60433
60458
60459
60467
60468
60493
60496
60503
60513
60515
60516
60538
60541
60547
60561
60586
60594
60603
60607
60615
60654
60667
60668
60699
60703
60710
60724
60725
60727
60735
60741
60741
60754
60769
60769
60778
60787
60810
60826
60826
60828
60861
60872
60889
60901
60901
60905
60934
60951
60974
60984
60984
61013
61030
61032
61035
61056
61080
61082
61084
61102
61104
61118
61130
61147
61151
61157
61167
61177
61238
61244
61252
61262
61268
61282
61288
61291
61313
61364
61368
61376
61379
61380
61385
61387
61407
61420
61444
61446
61483
61487
61487
61497
61505
61510
61541
61547
61560
61580
61586
61605
61612
61625
61650
61663
61667
61673
61678
61702
61707
61712
61723
61736
61737
61786
61787
61790
61799
61800
61804
61808
61833
61846
61887
61889
61899
61909
61928
61929
61962
61964
61975
61987
61995
62003
62007
62019
62023
62032
62032
62039
62041
62041
62064
62096
62105
62114
62119
62138
62142
62145
62148
62173
62179
62179
62189
62194
62196
62210
62211
62211
62212
62254
62257
62267
62270
62280
62295
62300
62305
62315
62322
62329
62332
62337
62345
62354
62366
62369
62373
62387
62389
62408
62409
62412
62414
62415
62421
62423
62426
62443
62451
62460
62486
62487
62521
62523
62529
62535
62552
62561
62568
62575
62575
62600
62602
62610
62610
62614
62624
62630
62634
62642
62678
62695
62710
62732
62743
62745
62753
62761
62792
62803
62812
62826
62840
62846
62864
62883
62903
62915
62924
62976
62982
62982
62986
63001
63019
63020
63029
63030
63046
63047
63060
63072
63091
63108
63136
63142
63149
63152
63157
63173
63174
63181
63207
63208
63230
63251
63292
63293
63300
63305
63318
63320
63323
63331
63345
63347
63351
63358
63390
63397
63421
63423
63424
63431
63432
63433
63442
63444
63466
63495
63530
63533
63538
63543
63544
63546
63559
63567
63570
63606
63613
63643
63644
63649
63656
63661
63673
63677
63677
63686
63687
63703
63713
63729
63730
63739
63741
63745
63764
63778
63779
63814
63820
63828
63833
63873
63897
63907
63918
63931
63935
63935
63961
63964
63970
63976
63977
63980
63996
64014
64024
64026
64032
64036
64047
64064
64089
64091
64092
64097
64125
64132
64135
64135
64136
64142
64146
64152
64159
64163
64164
64172
64176
64190
64192
64196
64197
64215
64226
64227
64233
64237
64245
64266
64287
64294
64295
64346
64359
64362
64365
64380
64402
64414
64428
64435
64448
64461
64472
64478
64479
64484
64495
64496
64514
64516
64551
64563
64592
64605
64617
64629
64630
64642
64644
64659
64697
64706
64736
64738
64757
64763
64772
64774
64830
64851
64863
64900
64902
64910
64915
64930
64942
64944
64963
64970
64984
64988
64988
65002
65022
65026
65030
65032
65051
65055
65056
65059
65061
65073
65075
65139
65145
65166
65166
65187
65197
65205
65215
65215
65216
65234
65247
65301
65308
65312
65316
65316
65325
65330
65339
65364
65393
65398
65399
65409
65411
65454
65457
65479
65481
65481
65490
65491
65498
65503
65520
65568
65570
65587
65593
65601
65603
65624
65624
65678
65688
65693
65697
65697
65704
65708
65710
65719
65722
65734
65740
65743
65744
65748
65764
65784
65796
65806
65815
65846
65892
65895
65895
65896
65899
65905
65911
65922
65925
65934
65936
65968
65972
65976
65990
66001
66010
66015
66018
66032
66038
66045
66065
66095
66128
66129
66140
66142
66164
66171
66193
66199
66203
66203
66206
66207
66215
66241
66258
66268
66284
66288
66292
66292
66293
66323
66346
66359
66363
66405
66406
66419
66455
66458
66471
66483
66495
66500
66505
66512
66540
66541
66572
66599
66618
66647
66655
66656
66676
66682
66698
66702
66716
66723
66740
66765
66768
66770
66771
66774
66813
66819
66838
66865
66870
66888
66890
66959
66969
66976
66996
67027
67050
67052
67088
67112
67134
67138
67146
67164
67180
67180
67190
67201
67209
67214
67227
67237
67270
67274
67277
67291
67292
67292
67306
67307
67318
67334
67359
67359
67374
67385
67397
67399
67417
67428
67438
67445
67453
67456
67457
67459
67492
67503
67521
67540
67541
67613
67631
67639
67640
67648
67651
67668
67692
67695
67713
67718
67734
67738
67745
67752
67759
67762
67775
67791
67812
67831
67834
67843
67843
67846
67849
67855
67858
67868
67872
67879
67879
67887
67905
67931
67952
67968
67973
67973
67981
67985
67999
68005
68009
68012
68018
68018
68032
68066
68067
68073
68088
68098
68106
68112
68112
68121
68123
68135
68142
68182
68188
68188
68189
68192
68202
68205
68209
68220
68228
68233
68235
68242
68256
68292
68294
68302
68326
68344
68344
68351
68364
68387
68388
68414
68444
68445
68446
68454
68465
68474
68482
68500
68505
68506
68514
68532
68543
68571
68593
68599
68604
68606
68611
68611
68611
68637
68641
68644
68644
68646
68650
68651
68652
68654
68666
68681
68683
68694
68708
68715
68733
68749
68772
68798
68817
68825
68831
68837
68843
68852
68863
68872
68893
68895
68950
68952
68955
68960
68983
68997
68997
69003
69012
69025
69027
69035
69035
69050
69057
69081
69085
69100
69143
69146
69147
69163
69183
69200
69202
69202
69208
69250
69257
69260
69268
69272
69284
69288
69291
69300
69302
69342
69358
69372
69379
69381
69407
69414
69431
69432
69432
69440
69450
69463
69469
69476
69491
69495
69510
69514
69517
69534
69546
69579
69643
69647
69671
69699
69718
69721
