18
41
57
65
82
111
114
130
149
154
190
206
208
233
257
271
278
309
319
326
326
328
338
342
345
346
362
370
379
384
405
408
415
421
422
448
484
492
496
509
516
546
552
559
571
571
588
603
621
626
635
668
688
714
715
716
726
739
746
756
766
779
802
814
819
836
852
856
880
886
917
936
948
965
982
989
992
1008
1016
1017
1019
1030
1031
1073
1082
1083
1101
1104
1109
1113
1146
1148
1158
1166
1173
1201
1217
1228
1239
1243
1252
1265
1292
1294
1295
1311
1327
1347
1363
1379
1392
1396
1408
1417
1421
1436
1468
1503
1521
1533
1547
1615
1632
1639
1643
1648
1658
1676
1704
1729
1747
1747
1761
1785
1801
1806
1837
1872
1878
1884
1890
1894
1905
1943
1944
1959
1968
1988
1996
1998
2005
2007
2012
2015
2028
2038
2047
2060
2081
2096
2098
2118
2142
2147
2180
2204
2209
2250
2258
2259
2266
2281
2288
2295
2352
2367
2370
2382
2398
2413
2441
2503
2536
2536
2547
2583
2590
2597
2643
2651
2663
2688
2697
2729
2734
2758
2778
2789
2794
2820
2834
2858
2863
2864
2873
2873
2886
2906
2920
2933
2972
3023
3025
3043
3057
3078
3108
3113
3122
3124
3126
3128
3129
3169
3180
3184
3185
3193
3198
3200
3235
3252
3353
3402
3451
3507
3510
3548
3555
3562
3566
3568
3579
3583
3593
3599
3643
3649
3665
3671
3684
3696
3708
3722
3731
3740
3760
3786
3796
3847
3850
3856
3865
3884
3886
3888
3902
3935
3937
3941
3948
3952
3984
4031
4034
4051
4054
4066
4101
4110
4111
4117
4135
4146
4151
4155
4164
4175
4175
4180
4192
4232
4256
4304
4311
4318
4333
4368
4381
4412
4427
4439
4453
4543
4586
4586
4628
4639
4665
4684
4685
4691
4704
4752
4768
4773
4794
4794
4821
4847
4867
4874
4888
4938
4971
4988
5005
5036
5046
5059
5061
5071
5074
5074
5099
5102
5128
5141
5147
5168
5174
5193
5223
5227
5240
5247
5272
5295
5304
5317
5325
5331
5335
5355
5388
5404
5405
5408
5411
5418
5440
5443
5486
5514
5526
5551
5572
5580
5580
5589
5598
5619
5630
5636
5649
5650
5656
5657
5665
5679
5683
5688
5709
5724
5735
5744
5761
5772
5792
5807
5846
5875
5881
5890
5909
5958
5960
5978
6026
6065
6073
6079
6082
6093
6095
6111
6124
6130
6150
6164
6179
6191
6198
6200
6203
6206
6226
6232
6239
6246
6303
6303
6322
6324
6333
6344
6379
6397
6419
6421
6426
6426
6437
6437
6444
6452
6463
6475
6476
6502
6520
6524
6547
6561
6579
6646
6659
6697
6747
6753
6792
6794
6808
6813
6832
6870
6874
6888
6894
6900
6901
6903
6920
6929
6931
6939
6956
6962
6972
6975
6981
7015
7016
7030
7057
7064
7115
7124
7137
7139
7174
7181
7187
7192
7192
7201
7208
7209
7241
7253
7275
7284
7300
7317
7325
7338
7343
7348
7373
7482
7500
7503
7513
7517
7522
7529
7538
7558
7589
7598
7600
7602
7606
7610
7615
7622
7626
7648
7683
7689
7707
7724
7745
7765
7778
7780
7780
7804
7810
7819
7831
7832
7837
7841
7845
7857
7877
7916
7927
7970
7977
7984
7991
8001
8002
8030
8036
8048
8086
8108
8145
8160
8175
8186
8199
8200
8222
8230
8266
8283
8299
8308
8314
8365
8389
8408
8424
8429
8444
8513
8542
8545
8585
8592
8607
8616
8622
8663
8700
8716
8776
8789
8802
8814
8818
8850
8861
8861
8866
8899
8915
8921
8932
8946
8993
8999
9011
9017
9025
9036
9038
9096
9108
9111
9119
9133
9158
9165
9175
9194
9198
9220
9229
9264
9273
9274
9277
9289
9295
9307
9309
9314
9314
9335
9369
9372
9373
9373
9375
9397
9426
9454
9480
9492
9538
9549
9551
9559
9577
9580
9584
9599
9609
9622
9636
9659
9684
9688
9705
9707
9721
9722
9736
9747
9790
9844
9850
9866
9886
9889
9889
9910
9913
9931
9942
9945
9965
9982
9998
10080
10098
10099
10139
10172
10179
10220
10224
10239
10246
10249
10278
10318
10335
10342
10355
10372
10392
10394
10405
10434
10472
10483
10505
10523
10526
10554
10559
10583
10588
10605
10617
10641
10656
10658
10659
10701
10754
10767
10792
10798
10806
10807
10808
10839
10846
10863
10885
10920
10923
10938
10949
10978
10988
11017
11031
11066
11080
11122
11132
11156
11164
11189
11202
11205
11227
11228
11265
11277
11316
11317
11357
11376
11396
11402
11426
11429
11432
11499
11511
11522
11536
11550
11550
11570
11578
11581
11583
11593
11628
11646
11665
11677
11681
11693
11699
11706
11714
11741
11742
11754
11758
11767
11781
11814
11841
11842
11884
11899
11902
11909
11923
11927
11932
11963
11966
11973
11983
12005
12029
12104
12106
12134
12149
12160
12163
12200
12205
12205
12221
12239
12240
12268
12274
12359
12373
12373
12391
12422
12423
12424
12431
12433
12463
12464
12486
12504
12522
12525
12531
12543
12561
12593
12659
12664
12666
12692
12713
12724
12738
12745
12753
12755
12771
12774
12780
12780
12811
12824
12847
12858
12882
12889
12905
12934
12947
12960
12968
13037
13102
13120
13121
13131
13169
13177
13177
13189
13210
13210
13224
13237
13246
13255
13261
13297
13312
13344
13362
13373
13391
13399
13418
13439
13442
13452
13457
13457
13464
13478
13491
13496
13507
13507
13523
13523
13526
13560
13572
13611
13624
13694
13701
13705
13727
13736
13738
13757
13765
13775
13782
13782
13839
13848
13875
13887
13919
13923
13936
13940
13959
13978
14003
14004
14014
14090
14110
14140
14142
14162
14240
14288
14315
14332
14344
14372
14407
14436
14459
14481
14513
14520
14547
14570
14575
14583
14597
14614
14623
14636
14655
14656
14748
14753
14798
14802
14802
14804
14817
14892
14898
14927
14944
14950
14988
14992
14998
15013
15043
15045
15056
15080
15081
15107
15109
15114
15128
15130
15139
15180
15192
15206
15212
15219
15229
15236
15241
15246
15255
15258
15262
15267
15287
15298
15316
15325
15333
15339
15345
15349
15349
15358
15364
15380
15384
15395
15395
15398
15433
15451
15472
15493
15526
15548
15573
15586
15600
15604
15614
15617
15618
15635
15651
15741
15747
15765
15784
15786
15827
15836
15869
15870
15876
15883
15898
15899
15900
15911
15941
15968
15977
15986
15993
16001
16002
16062
16077
16090
16115
16135
16136
16152
16160
16170
16181
16207
16230
16259
16273
16277
16291
16299
16311
16311
16341
16356
16367
16373
16378
16395
16417
16420
16431
16439
16440
16469
16477
16484
16498
16530
16538
16549
16558
16584
16592
16595
16602
16636
16644
16667
16687
16701
16703
16723
16792
16806
16835
16836
16882
16883
16899
16907
16945
16966
16988
16988
16999
17033
17035
17045
17055
17074
17083
17096
17153
17179
17179
17185
17193
17205
17228
17281
17287
17288
17296
17345
17372
17400
17402
17405
17417
17438
17451
17454
17484
17507
17534
17559
17562
17593
17601
17603
17628
17629
17635
17651
17678
17690
17694
17712
17760
17777
17814
17834
17875
17880
17915
17923
17930
17946
17968
17970
17972
17981
17988
18022
18029
18037
18065
18088
18106
18115
18138
18149
18157
18188
18200
18204
18241
18246
18282
18286
18318
18325
18355
18381
18400
18432
18434
18445
18453
18455
18477
18524
18542
18542
18544
18565
18566
18570
18577
18619
18642
18645
18660
18700
18712
18713
18716
18718
18727
18736
18758
18765
18816
18828
18831
18843
18849
18851
18865
18881
18901
18911
18912
18913
18927
18932
18975
18985
18997
19010
19019
19026
19043
19045
19050
19057
19061
19062
19073
19111
19115
19119
19130
19142
19167
19179
19194
19198
19209
19210
19216
19220
19236
19245
19272
19312
19330
19340
19356
19405
19428
19440
19442
19454
19474
19474
19508
19563
19566
19597
19612
19625
19626
19641
19660
19680
19684
19702
19702
19706
19709
19732
19749
19751
19760
19819
19826
19834
19856
19859
19870
19875
19882
19900
19905
19911
19912
19924
19935
19944
19951
19970
19970
19981
19983
19995
20008
20013
20018
20028
20034
20035
20067
20097
20099
20126
20132
20140
20169
20173
20207
20210
20213
20222
20231
20255
20256
20264
20266
20275
20300
20305
20306
20331
20361
20374
20376
20383
20384
20395
20403
20436
20471
20497
20498
20504
20513
20551
20553
20680
20686
20698
20703
20752
20754
20788
20796
20799
20802
20828
20864
20871
20904
20908
20930
20932
20958
20960
20974
20999
21016
21021
21031
21046
21061
21075
21075
21078
21105
21105
21137
21152
21176
21229
21240
21253
21263
21270
21276
21280
21281
21298
21324
21333
21343
21386
21389
21389
21394
21418
21423
21428
21429
21431
21443
21460
21485
21486
21488
21489
21490
21495
21520
21543
21546
21579
21582
21583
21588
21591
21614
21618
21629
21658
21660
21677
21694
21712
21721
21724
21733
21741
21742
21756
21761
21784
21808
21814
21821
21838
21857
21869
21937
21963
21971
21982
22010
22020
22042
22079
22080
22090
22118
22132
22154
22165
22167
22173
22177
22188
22192
22204
22218
22222
22242
22258
22276
22281
22292
22329
22334
22341
22349
22357
22361
22378
22380
22386
22386
22396
22413
22423
22437
22441
22462
22483
22500
22515
22523
22525
22530
22550
22586
22631
22649
22686
22689
22690
22708
22709
22740
22741
22757
22767
22807
22811
22841
22846
22848
22873
22876
22882
22921
22935
22947
22953
22960
23006
23034
23034
23048
23051
23082
23093
23105
23131
23143
23159
23163
23163
23164
23188
23203
23203
23305
23324
23336
23339
23345
23345
23349
23359
23362
23367
23388
23393
23393
23397
23412
23421
23424
23433
23451
23532
23549
23557
23564
23571
23588
23624
23644
23647
23668
23674
23702
23720
23733
23742
23769
23775
23779
23822
23829
23833
23835
23848
23887
23889
23912
23920
23958
23963
23982
24007
24023
24030
24035
24054
24059
24062
24079
24084
24096
24152
24169
24185
24188
24199
24199
24214
24227
24256
24260
24280
24307
24324
24328
24331
24351
24352
24355
24430
24460
24476
24490
24497
24499
24523
24528
24540
24543
24544
24553
24554
24557
24565
24588
24596
24606
24617
24619
24646
24649
24661
24678
24679
24684
24700
24715
24721
24729
24731
24737
24746
24762
24795
24814
24823
24829
24838
24842
24852
24854
24868
24877
24881
24916
24943
24946
24969
24993
25006
25015
25029
25077
25104
25118
25137
25148
25158
25162
25163
25169
25185
25194
25246
25273
25281
25323
25326
25343
25383
25396
25396
25398
25435
25436
25456
25474
25480
25497
25510
25526
25531
25545
25552
25561
25563
25563
25583
25584
25585
25598
25603
25605
25608
25638
25659
25668
25701
25708
25712
25727
25799
25801
25850
25906
25907
25912
25913
25914
25939
25942
25955
25975
26012
26027
26045
26046
26051
26062
26074
26087
26087
26088
26102
26102
26105
26125
26137
26160
26163
26164
26192
26195
26221
26225
26235
26258
26275
26302
26307
26319
26322
26365
26374
26381
26389
26398
26423
26440
26444
26491
26526
26542
26555
26556
26574
26577
26593
26598
26611
26621
26638
26649
26657
26696
26696
26700
26702
26716
26724
26729
26729
26739
26740
26747
26772
26807
26813
26834
26838
26847
26848
26868
26872
26936
26936
26958
26972
26985
27003
27011
27050
27052
27070
27086
27096
27098
27105
27120
27143
27166
27167
27176
27178
27189
27201
27206
27215
27248
27250
27268
27312
27318
27363
27365
27375
27376
27380
27384
27411
27476
27488
27501
27520
27529
27561
27572
27583
27592
27595
27596
27602
27626
27631
27646
27655
27662
27662
27664
27677
27700
27705
27706
27725
27770
27808
27811
27817
27819
27820
27831
27834
27836
27898
27912
27926
27927
27927
27938
27940
27944
27948
27952
27970
27978
28011
28031
28059
28067
28071
28078
28082
28084
28106
28113
28117
28141
28167
28174
28178
28178
28185
28205
28211
28235
28236
28238
28250
28255
28259
28279
28298
28332
28341
28352
28437
28439
28444
28452
28455
28463
28504
28518
28544
28548
28551
28561
28563
28576
28576
28580
28612
28616
28635
28651
28653
28660
28661
28671
28690
28706
28712
28761
28781
28796
28825
28847
28858
28866
28873
28911
28916
28922
28922
28924
28925
28966
28974
28988
29011
29012
29029
29037
29039
29041
29055
29060
29060
29062
29069
29089
29092
29177
29178
29193
29233
29244
29257
29261
29264
29296
29299
29322
29345
29358
29365
29369
29426
29473
29480
29485
29492
29495
29502
29503
29540
29546
29561
29565
29588
29591
29612
29619
29630
29639
29643
29647
29671
29671
29672
29700
29704
29714
29715
29721
29724
29738
29741
29752
29779
29784
29806
29819
29823
29850
29872
29880
29886
29897
29901
29913
29928
29964
29981
29995
30021
30056
30072
30086
30110
30125
30155
30212
30221
30234
30235
30243
30278
30281
30285
30308
30361
30366
30372
30375
30390
30392
30395
30420
30472
30486
30550
30552
30588
30616
30634
30646
30659
30678
30679
30685
30713
30769
30798
30803
30808
30812
30813
30820
30851
30856
30878
30880
30883
30890
30901
30954
30966
30987
30996
31003
31093
31122
31126
31126
31146
31215
31216
31231
31259
31264
31269
31289
31290
31291
31313
31316
31337
31355
31365
31399
31431
31440
31456
31500
31511
31526
31577
31608
31637
31637
31648
31661
31668
31677
31679
31682
31688
31696
31719
31730
31761
31765
31789
31793
31820
31831
31871
31887
31905
31918
31931
31956
31982
32010
32014
32020
32026
32038
32042
32097
32114
32135
32139
32144
32159
32160
32161
32161
32162
32171
32178
32187
32217
32236
32257
32259
32279
32289
32342
32344
32365
32377
32385
32388
32420
32426
32449
32451
32454
32526
32529
32571
32579
32585
32624
32626
32650
32652
32671
32684
32692
32711
32718
32732
32773
32786
32809
32867
32871
32873
32883
32890
32903
32931
32954
32984
32995
32999
33013
33021
33023
33044
33053
33092
33096
33120
33134
33151
33166
33191
33196
33208
33211
33217
33239
33242
33254
33269
33270
33295
33352
33357
33372
33385
33404
33414
33426
33429
33444
33460
33515
33522
33533
33534
33539
33542
33570
33575
33582
33589
33634
33659
33667
33689
33695
33699
33702
33725
33752
33757
33764
33798
33804
33805
33815
33825
33849
33862
33936
33938
33942
33952
33959
33971
33980
33982
33992
33996
34011
34024
34031
34035
34066
34067
34071
34078
34091
34098
34175
34191
34209
34227
34286
34289
34300
34304
34304
34311
34332
34356
34365
34379
34389
34407
34430
34449
34484
34502
34508
34515
34518
34539
34548
34616
34617
34617
34637
34640
34662
34687
34727
34790
34842
34902
34907
34908
34909
34930
34939
35000
35007
35007
35047
35062
35085
35086
35100
35119
35135
35135
35178
35224
35228
35231
35235
35240
35243
35267
35282
35284
35305
35306
35319
35321
35335
35354
35366
35372
35390
35415
35421
35454
35464
35470
35478
35490
35490
35514
35527
35529
35536
35543
35621
35659
35679
35689
35694
35701
35706
35714
35723
35726
35737
35748
35772
35778
35782
35791
35812
35838
35869
35948
35958
35969
35972
35974
35983
35985
36004
36012
36043
36053
36055
36087
36089
36142
36169
36176
36182
36213
36273
36273
36281
36286
36294
36297
36311
36312
36313
36332
36332
36337
36352
36365
36390
36394
36490
36505
36511
36518
36521
36560
36562
36571
36583
36587
36592
36593
36603
36611
36612
36617
36620
36634
36643
36661
36663
36675
36714
36788
36807
36813
36824
36825
36828
36831
36831
36845
36857
36871
36876
36877
36888
36948
36959
36969
36977
36990
36994
37036
37062
37107
37109
37153
37162
37167
37169
37170
37175
37189
37189
37201
37271
37273
37295
37307
37325
37334
37369
37373
37375
37377
37405
37443
37462
37481
37481
37487
37494
37554
37554
37557
37575
37611
37624
37631
37633
37636
37655
37686
37703
37807
37844
37855
37861
37886
37895
37904
37905
37938
37943
37971
37974
37983
37991
37999
38004
38040
38048
38061
38067
38097
38107
38109
38121
38133
38171
38180
38192
38214
38222
38229
38235
38241
38266
38267
38280
38287
38299
38309
38333
38340
38360
38365
38382
38386
38397
38400
38405
38418
38455
38456
38456
38475
38502
38540
38544
38572
38580
38603
38614
38622
38627
38642
38643
38656
38666
38690
38709
38722
38730
38747
38748
38755
38763
38775
38775
38793
38829
38879
38889
38979
39059
39086
39090
39133
39134
39143
39163
39173
39193
39236
39248
39249
39252
39254
39263
39266
39270
39272
39295
39317
39326
39374
39378
39395
39406
39407
39420
39445
39449
39452
39462
39467
39477
39487
39496
39613
39620
39620
39631
39648
39664
39665
39701
39708
39720
39727
39744
39745
39761
39815
39860
39911
39919
39921
39928
39933
39943
39973
39974
39987
40007
40013
40017
40018
40034
40035
40040
40049
40057
40079
40087
40106
40114
40122
40142
40149
40179
40200
40212
40244
40255
40267
40296
40317
40353
40361
40369
40404
40413
40432
40436
40445
40467
40496
40505
40515
40516
40516
40551
40575
40577
40598
40611
40617
40636
40637
40651
40679
40689
40705
40723
40744
40758
40770
40797
40811
40847
40850
40857
40861
40896
40909
40909
40942
40944
40948
40951
40954
40962
40971
40989
40991
41004
41004
41024
41041
41042
41053
41059
41085
41126
41138
41153
41170
41174
41177
41190
41214
41233
41249
41253
41270
41283
41299
41323
41326
41327
41356
41363
41363
41375
41386
41389
41402
41434
41441
41443
41461
41499
41514
41533
41534
41565
41566
41572
41573
41608
41629
41634
41682
41699
41733
41741
41772
41801
41817
41834
41846
41857
41871
41878
41895
41903
41916
41955
41971
41976
41991
42006
42013
42014
42048
42049
42049
42061
42069
42078
42088
42113
42113
42191
42192
42203
42218
42229
42240
42245
42263
42281
42292
42300
42315
42325
42329
42330
42366
42383
42411
42467
42475
42490
42525
42525
42562
42587
42615
42626
42630
42634
42648
42649
42686
42688
42715
42739
42755
42786
42789
42793
42803
42806
42812
42852
42866
42880
42909
42923
42980
42994
42995
42999
43033
43042
43052
43064
43110
43114
43123
43130
43137
43162
43168
43173
43180
43186
43209
43213
43218
43224
43236
43254
43269
43283
43293
43303
43308
43324
43324
43327
43331
43350
43372
43397
43404
43433
43434
43478
43486
43513
43544
43562
43576
43584
43669
43669
43683
43685
43693
43705
43746
43752
43758
43789
43818
43858
43875
43876
43908
43924
43934
43946
43960
43961
43962
43968
43979
43993
43995
44001
44011
44027
44038
44041
44055
44076
44134
44140
44166
44185
44226
44229
44248
44302
44303
44332
44333
44345
44407
44411
44429
44437
44461
44476
44495
44515
44518
44548
44564
44571
44610
44628
44642
44676
44703
44704
44709
44723
44731
44749
44781
44790
44794
44851
44873
44885
44890
44910
44915
44930
44939
44943
44947
44957
44969
45006
45024
45025
45053
45082
45088
45093
45095
45101
45105
45181
45194
45203
45236
45236
45244
45274
45281
45301
45310
45331
45372
45378
45380
45382
45390
45395
45400
45402
45409
45411
45437
45439
45464
45479
45491
45530
45534
45535
45558
45562
45598
45648
45659
45688
45699
45715
45718
45718
45721
45743
45765
45772
45783
45805
45821
45843
45850
45861
45884
45901
45961
46001
46002
46015
46019
46032
46058
46060
46069
46098
46119
46143
46150
46161
46170
46183
46187
46198
46204
46220
46233
46252
46253
46254
46268
46279
46280
46288
46349
46357
46373
46374
46392
46427
46431
46453
46503
46503
46508
46529
46529
46541
46551
46645
46665
46676
46729
46737
46749
46759
46781
46812
46813
46828
46845
46874
46889
46899
46919
46939
46943
46956
46969
46997
47003
47013
47014
47016
47053
47063
47080
47130
47137
47199
47205
47220
47242
47246
47271
47271
47286
47288
47304
47309
47339
47347
47350
47373
47376
47399
47403
47409
47416
47445
47459
47487
47504
47510
47515
47528
47535
47593
47595
47621
47628
47638
47654
47662
47667
47743
47747
47766
47770
47782
47794
47833
47837
47851
47873
47899
47906
47910
47913
47923
47972
47994
48008
48016
48026
48040
48043
48047
48063
48106
48124
48162
48237
48240
48272
48294
48307
48311
48320
48341
48341
48352
48382
48387
48429
48435
48461
48462
48471
48484
48488
48496
48496
48498
48503
48504
48505
48513
48537
48557
48569
48574
48580
48607
48630
48644
48663
48714
48717
48725
48725
48726
48727
48758
48765
48776
48791
48799
48800
48823
48829
48834
48865
48866
48871
48884
48910
48937
48940
48940
48952
48956
48958
48962
48965
48995
49010
49026
49067
49070
49072
49074
49091
49102
49148
49149
49177
49184
49189
49247
49267
49295
49322
49323
49341
49344
49351
49357
49387
49393
49397
49402
49439
49441
49451
49452
49461
49461
49466
49494
49497
49516
49517
49546
49557
49560
49575
49586
49586
49591
49623
49634
49639
49662
49663
49664
49684
49702
49714
49718
49743
49764
49765
49769
49770
49797
49807
49828
49883
49899
49913
49920
49925
49935
49944
49948
49955
49961
49978
49988
49997
50001
50015
50061
50079
50089
50120
50140
50170
50171
50191
50240
50243
50286
50299
50308
50310
50321
50339
50348
50356
50357
50376
50395
50424
50424
50459
50461
50470
50472
50504
50530
50541
50552
50572
50581
50670
50672
50673
50676
50697
50734
50748
50755
50781
50826
50872
50875
50897
50914
50917
50921
50925
50929
50937
50950
50953
50972
50979
51006
51008
51025
51057
51062
51063
51071
51103
51110
51118
51139
51143
51154
51215
51234
51242
51264
51288
51307
51314
51328
51342
51369
51380
51396
51406
51428
51443
51453
51454
51470
51513
51530
51550
51571
51581
51582
51617
51625
51634
51637
51641
51644
51666
51710
51721
51744
51762
51765
51802
51826
51832
51880
51917
51919
51923
51929
51953
51956
51965
51976
52014
52055
52055
52064
52084
52090
52101
52109
52127
52146
52192
52194
52198
52214
52229
52246
52256
52271
52273
52278
52285
52313
52338
52340
52341
52344
52365
52399
52416
52431
52455
52471
52528
52548
52582
52591
52599
52600
52600
52602
52612
52628
52641
52649
52651
52655
52658
52675
52686
52687
52690
52718
52725
52736
52764
52782
52784
52797
52846
52855
52860
52865
52869
52877
52881
52885
52905
52906
52914
52938
52951
52977
52984
53010
53011
53014
53016
53033
53036
53036
53050
53059
53061
53061
53070
53077
53101
53110
53112
53121
53137
53169
53187
53207
53245
53256
53267
53299
53318
53324
53324
53346
53388
53391
53442
53454
53454
53476
53494
53500
53529
53538
53571
53579
53581
53588
53623
53624
53633
53653
53654
53671
53686
53738
53741
53753
53780
53783
53786
53808
53835
53836
53865
53875
53895
53912
53917
53964
53993
54002
54023
54041
54070
54075
54128
54135
54137
54148
54157
54166
54201
54201
54213
54222
54226
54237
54252
54270
54292
54305
54312
54322
54330
54342
54344
54361
54361
54390
54405
54412
54425
54433
54446
54449
54484
54502
54529
54541
54552
54570
54582
54626
54628
54634
54646
54667
54672
54686
54709
54726
54727
54741
54744
54747
54750
54767
54768
54781
54809
54818
54819
54824
54825
54839
54846
54846
54847
54850
54858
54876
54892
54896
54907
54907
54922
54925
54932
54962
54964
54967
54974
54977
54984
54984
55024
55036
55052
55064
55119
55140
55152
55160
55182
55188
55202
55213
55221
55232
55258
55268
55276
55284
55298
55303
55310
55334
55391
55397
55437
55456
55463
55491
55519
55530
55530
55582
55586
55608
55622
55634
55653
55685
55695
55716
55719
55738
55744
55746
55762
55762
55769
55776
55801
55813
55839
55841
55846
55916
55927
55930
55931
55937
55944
55961
55971
55972
55986
56012
56021
56036
56039
56049
56074
56077
56081
56085
56131
56133
56149
56166
56166
56176
56197
56207
56212
56214
56222
56231
56232
56237
56255
56268
56309
56326
56331
56340
56342
56343
56365
56388
56389
56404
56432
56436
56442
56470
56476
56490
56491
56502
56511
56513
56545
56556
56573
56577
56603
56625
56645
56651
56651
56657
56658
56661
56690
56695
56710
56715
56732
56739
56740
56743
56745
56749
56776
56779
56785
56788
56798
56808
56838
56855
56872
56912
56933
56941
56945
56949
56962
57014
57016
57040
57048
57079
57098
57102
57148
57157
57180
57181
57205
57212
57213
57248
57251
57266
57295
57296
57398
57421
57422
57430
57455
57470
57481
57495
57514
57526
57555
57578
57591
57632
57637
57637
57645
57649
57664
57664
57684
57688
57695
57699
57703
57720
57734
57743
57802
57806
57817
57819
57845
57856
57872
57876
57879
57894
57896
57900
57901
57905
57915
57917
57917
57931
57982
57982
57992
58000
58030
58032
58051
58086
58086
58098
58102
58106
58121
58141
58147
58174
58190
58222
58245
58261
58266
58289
58342
58364
58395
58395
58407
58411
58424
58429
58431
58471
58477
58490
58490
58493
58498
58502
58506
58516
58529
58534
58543
58543
58547
58571
58583
58606
58609
58612
58614
58629
58648
58657
58692
58717
58723
58726
58735
58747
58748
58804
58834
58842
58850
58895
58907
58907
58946
58960
58964
58993
59001
59016
59022
59035
59044
59059
59075
59077
59088
59093
59103
59144
59147
59147
59181
59218
59256
59285
59322
59324
59326
59327
59329
59335
59349
59372
59373
59411
59470
59498
59502
59504
59508
59525
59571
59585
59585
59596
59603
59644
59647
59650
59657
59681
59688
59717
59726
59736
59736
59749
59797
59852
59879
59886
59904
59938
59945
59946
59988
59991
60022
60024
60034
60063
60103
60117
60127
60127
60138
60147
60150
60151
60155
60162
60180
60198
60201
60213
60229
60274
60281
60326
60342
60342
60352
60379
60395
60398
60433
60435
60441
60479
60501
60517
60536
60538
60561
60588
60633
60635
60661
60686
60697
60708
60718
60725
60727
60731
60733
60754
60760
60784
60792
60792
60792
60805
60809
60823
60838
60854
60856
60883
60900
60910
60929
60939
60966
60968
61003
61016
61029
61030
61052
61061
61074
61122
61152
61153
61199
61216
61223
61270
61292
61321
61331
61351
61355
61446
61488
61566
61567
61588
61626
61645
61652
61656
61657
61662
61676
61691
61716
61724
61733
61764
61769
61773
61776
61777
61785
61875
61881
61956
61967
61968
61969
61974
62028
62063
62073
62078
62083
62111
62123
62142
62158
62160
62165
62177
62184
62193
62198
62228
62231
62237
62251
62260
62282
62302
62308
62308
62337
62355
62363
62384
62390
62391
62395
62398
62414
62429
62433
62452
62465
62488
62505
62521
62546
62554
62557
62570
62595
62628
62629
62630
62660
62677
62700
62759
62762
62763
62765
62773
62777
62797
62798
62822
62825
62844
62864
62865
62885
62895
62901
62910
62916
62931
62944
62945
62950
62950
62960
62967
62981
63014
63024
63031
63044
63058
63059
63070
63137
63198
63206
63207
63224
63245
63257
63262
63299
63304
63306
63318
63330
63333
63366
63394
63397
63400
63417
63440
63442
63448
63476
63477
63478
63517
63521
63554
63559
63563
63577
63596
63610
63622
63622
63624
63664
63671
63673
63686
63697
63716
63738
63744
63752
63772
63778
63780
63781
63794
63802
63803
63816
63824
63826
63842
63849
63873
63897
63903
63904
63934
63979
63989
63989
63993
64004
64005
64041
64068
64087
64088
64100
64113
64120
64132
64150
64169
64173
64190
64280
64283
64290
64314
64317
64318
64349
64353
64368
64376
64399
64399
64406
64429
64439
64443
64453
64467
64503
64521
64534
64558
64589
64605
64612
64629
64673
64680
64680
64683
64707
64718
64764
64776
64798
64819
64819
64832
64833
64847
64848
64849
64852
64894
64904
64911
64913
64916
64929
64936
64950
64980
65005
65014
65015
65052
65053
65071
65073
65077
65092
65111
65123
65124
65173
65176
65190
65196
65247
65255
65281
65305
65307
65357
65376
65378
65385
65402
65418
65431
65437
65497
65507
65515
65535
65540
65545
65546
65553
65565
65577
65609
65625
65635
65649
65685
65704
65717
65722
65728
65729
65740
65748
65777
65785
65795
65816
65821
65837
65839
65840
65867
65873
65880
65902
65935
65949
65977
65985
65989
65990
66001
66011
66024
66036
66041
66057
66061
66070
66076
66079
66098
66106
66107
66116
66125
66133
66152
66177
66206
66234
66242
66249
66252
66254
66256
66260
66277
66291
66340
66349
66362
66375
66382
66383
66385
66392
66394
66395
66403
66410
66415
66417
66422
66423
66431
66476
66480
66498
66498
66511
66518
66564
66564
66575
66609
66618
66629
66650
66674
66719
66726
66727
66758
66760
66768
66772
66774
66784
66803
66805
66847
66849
66895
66940
66943
66984
66992
66994
67012
67028
67033
67044
67070
67093
67096
67122
67124
67138
67147
67172
67202
67279
67282
67294
67294
67296
67299
67300
67317
67322
67324
67358
67377
67379
67385
67385
67398
67404
67404
67416
67419
67433
67454
67458
67459
67506
67517
67527
67552
67560
67588
67601
67607
67608
67624
67636
67640
67663
67672
67677
67681
67704
67711
67713
67738
67763
67788
67820
67824
67838
67859
67872
67879
67888
67899
67948
67953
67955
67956
67963
67965
67965
67970
67986
67987
67992
68001
68012
68050
68058
68066
68071
68121
68141
68174
68212
68225
68235
68266
68269
68280
68304
68309
68346
68375
68376
68382
68390
68407
68419
68422
68429
68429
68449
68458
68467
68468
68489
68491
68499
68537
68538
68554
68555
68579
68585
68604
68628
68630
68685
68695
68700
68703
68720
68725
68761
68762
68771
68778
68811
68826
68828
68829
68830
68887
68917
68928
68958
68963
68970
68987
68997
69012
69025
69031
69055
69060
69084
69097
69112
69123
69128
69129
69143
69145
69146
69148
69171
69186
69194
69195
69202
69203
69218
69228
69271
69277
69311
69361
69402
69459
69483
69508
69516
69519
69522
69541
69560
69563
69577
69578
69596
69619
69639
69662
69671
69704
