44
44
49
51
85
101
103
103
108
151
160
177
181
188
213
215
228
234
242
243
262
274
281
285
303
309
314
314
324
330
340
349
353
372
380
414
416
421
425
434
459
492
515
519
531
534
559
562
569
576
592
607
617
654
663
718
734
737
739
769
771
791
796
799
827
828
829
851
873
878
886
891
907
912
916
921
926
941
954
987
1025
1041
1041
1051
1054
1067
1075
1092
1107
1122
1130
1131
1145
1156
1157
1171
1172
1174
1182
1192
1200
1234
1239
1243
1244
1254
1274
1274
1275
1276
1305
1331
1331
1334
1348
1360
1364
1388
1391
1446
1448
1476
1485
1489
1498
1499
1501
1508
1511
1513
1539
1539
1566
1579
1584
1603
1607
1608
1608
1638
1643
1646
1650
1656
1673
1679
1722
1731
1745
1794
1806
1806
1820
1837
1871
1883
1893
1896
1902
1909
1914
1917
1923
1928
1940
1945
1947
1948
1969
1971
1981
1983
1984
1986
1998
2010
2014
2026
2040
2040
2058
2077
2091
2092
2097
2113
2116
2131
2139
2212
2216
2220
2221
2234
2235
2238
2240
2295
2298
2336
2338
2340
2345
2351
2363
2370
2370
2404
2445
2448
2460
2464
2474
2474
2475
2499
2499
2516
2528
2533
2585
2589
2589
2609
2616
2624
2627
2653
2659
2688
2691
2700
2707
2724
2735
2740
2781
2800
2801
2814
2819
2829
2830
2845
2852
2868
2871
2883
2918
2918
2935
2941
2956
2962
2969
2970
2983
2990
2990
2993
2997
3007
3014
3015
3016
3026
3042
3046
3048
3075
3076
3082
3095
3095
3104
3121
3126
3130
3133
3135
3148
3154
3191
3202
3220
3226
3231
3240
3259
3273
3278
3285
3288
3302
3328
3390
3402
3411
3435
3447
3449
3454
3464
3471
3492
3503
3522
3534
3575
3577
3580
3605
3615
3653
3660
3673
3697
3713
3714
3719
3724
3728
3729
3734
3747
3771
3792
3794
3803
3818
3824
3826
3830
3831
3873
3898
3917
3921
3937
3938
3938
3950
3952
3957
3967
3969
3974
3977
3977
3983
3992
4045
4066
4069
4080
4085
4089
4096
4096
4098
4164
4173
4179
4191
4203
4206
4226
4240
4262
4264
4271
4294
4314
4316
4322
4326
4339
4339
4342
4342
4393
4407
4419
4448
4451
4468
4476
4505
4506
4516
4536
4543
4559
4576
4589
4590
4622
4624
4652
4657
4676
4713
4715
4754
4765
4773
4787
4787
4790
4792
4808
4812
4850
4852
4854
4870
4876
4878
4879
4885
4893
4918
4936
4944
4946
4962
4973
4974
4989
5000
5002
5002
5003
5008
5011
5021
5032
5049
5094
5103
5105
5112
5118
5122
5151
5186
5197
5203
5213
5221
5230
5238
5261
5272
5314
5332
5348
5381
5401
5442
5462
5463
5473
5488
5495
5499
5513
5519
5520
5523
5526
5527
5537
5539
5543
5552
5600
5617
5619
5662
5667
5690
5690
5698
5701
5715
5715
5733
5740
5761
5782
5790
5824
5831
5865
5934
5946
5968
5971
5975
5989
5997
5999
6005
6006
6006
6007
6015
6034
6051
6100
6113
6150
6158
6174
6184
6199
6201
6209
6219
6224
6225
6251
6254
6268
6279
6289
6321
6357
6364
6366
6376
6387
6408
6434
6465
6468
6479
6488
6490
6505
6508
6509
6532
6543
6552
6556
6558
6566
6579
6582
6595
6610
6615
6623
6662
6671
6689
6691
6691
6700
6704
6719
6720
6731
6734
6752
6761
6784
6795
6801
6825
6863
6866
6872
6875
6887
6889
6892
6913
6958
6971
6972
6974
6982
6986
6999
7003
7003
7015
7018
7036
7036
7076
7076
7087
7106
7115
7119
7131
7144
7147
7148
7160
7183
7195
7206
7207
7209
7227
7235
7255
7265
7295
7332
7334
7339
7352
7366
7372
7387
7396
7408
7413
7414
7425
7433
7442
7465
7470
7478
7499
7505
7512
7531
7533
7552
7555
7567
7578
7579
7581
7592
7607
7626
7632
7643
7653
7678
7686
7693
7702
7706
7718
7723
7728
7748
7782
7817
7828
7831
7832
7836
7848
7887
7888
7904
7909
7922
7951
7951
7956
7961
7977
7994
8025
8038
8044
8048
8057
8068
8106
8111
8133
8134
8141
8148
8187
8196
8200
8206
8246
8285
8316
8323
8328
8331
8334
8336
8340
8349
8374
8411
8413
8433
8447
8498
8510
8524
8537
8544
8583
8600
8632
8635
8643
8660
8661
8703
8703
8705
8718
8722
8723
8753
8755
8767
8783
8787
8801
8806
8816
8816
8818
8831
8832
8849
8868
8871
8871
8875
8875
8881
8889
8895
8901
8916
8931
8936
8954
8961
8968
8980
9000
9009
9011
9012
9013
9034
9040
9046
9051
9065
9069
9071
9078
9102
9106
9113
9134
9135
9149
9164
9170
9195
9196
9199
9226
9240
9260
9278
9285
9314
9316
9319
9350
9356
9366
9372
9383
9401
9430
9434
9443
9467
9467
9474
9488
9490
9522
9524
9528
9535
9542
9565
9567
9568
9570
9592
9594
9615
9642
9647
9665
9666
9674
9684
9712
9736
9751
9751
9764
9767
9770
9787
9788
9796
9805
9839
9851
9858
9858
9862
9864
9882
9894
9905
9910
9920
9926
9938
9943
9943
9944
9954
9995
9996
9996
10001
10016
10041
10041
10053
10059
10060
10085
10086
10094
10105
10120
10134
10174
10195
10210
10212
10229
10232
10250
10255
10289
10300
10310
10323
10323
10323
10349
10362
10371
10377
10416
10425
10441
10448
10456
10470
10471
10471
10474
10477
10494
10498
10501
10513
10514
10546
10551
10552
10553
10560
10569
10650
10660
10673
10693
10696
10699
10700
10706
10710
10735
10740
10740
10741
10743
10786
10794
10809
10810
10824
10834
10879
10895
10898
10911
10915
10919
10946
10946
10952
10953
10960
10961
10982
10987
10993
11009
11039
11040
11043
11045
11100
11113
11115
11116
11134
11142
11150
11151
11160
11169
11186
11205
11210
11220
11245
11248
11258
11262
11263
11279
11284
11297
11298
11312
11315
11329
11336
11354
11364
11376
11380
11403
11416
11425
11431
11436
11437
11439
11452
11454
11458
11466
11470
11474
11483
11488
11555
11557
11567
11574
11594
11595
11612
11614
11620
11623
11656
11688
11696
11707
11708
11711
11721
11730
11755
11757
11761
11828
11857
11859
11873
11880
11889
11899
11902
11916
11924
11934
11959
11964
11975
11989
12003
12007
12007
12008
12013
12024
12033
12069
12074
12078
12078
12079
12089
12109
12113
12130
12134
12175
12180
12190
12192
12214
12219
12221
12230
12233
12238
12247
12301
12308
12315
12323
12337
12339
12340
12349
12353
12392
12425
12435
12447
12456
12457
12477
12479
12487
12490
12521
12522
12538
12539
12561
12571
12608
12629
12634
12672
12676
12678
12688
12695
12725
12727
12740
12755
12762
12772
12791
12794
12795
12807
12818
12822
12837
12870
12877
12895
12905
12908
12918
12929
12942
12952
12975
12980
12980
12988
13047
13048
13053
13069
13078
13079
13099
13111
13119
13124
13140
13160
13167
13184
13188
13194
13210
13255
13270
13292
13320
13334
13340
13348
13358
13380
13386
13426
13431
13460
13473
13478
13481
13486
13488
13498
13520
13520
13520
13555
13585
13592
13617
13621
13622
13644
13701
13721
13737
13783
13789
13821
13833
13844
13866
13896
13924
13930
13940
13944
13946
13969
13987
14010
14026
14056
14069
14072
14075
14096
14108
14114
14148
14169
14179
14180
14180
14182
14194
14204
14221
14224
14232
14276
14287
14297
14303
14305
14311
14312
14323
14350
14417
14427
14428
14447
14456
14467
14503
14511
14533
14541
14574
14582
14617
14619
14622
14628
14661
14665
14676
14692
14696
14703
14716
14737
14742
14760
14761
14775
14794
14801
14802
14806
14813
14822
14830
14833
14843
14861
14882
14908
14928
14934
14954
14977
14979
14986
14989
15005
15009
15015
15016
15027
15058
15068
15076
15093
15096
15114
15119
15139
15145
15148
15159
15160
15167
15268
15273
15296
15307
15309
15347
15381
15382
15395
15413
15417
15423
15428
15432
15435
15441
15455
15465
15472
15473
15476
15488
15490
15496
15498
15505
15509
15519
15525
15526
15541
15562
15570
15578
15579
15582
15595
15613
15618
15644
15646
15649
15650
15666
15684
15686
15744
15779
15779
15837
15842
15849
15852
15859
15871
15878
15904
15908
15923
15945
15972
15975
16000
16018
16040
16059
16061
16078
16085
16087
16097
16110
16120
16124
16134
16140
16153
16156
16158
16161
16164
16168
16184
16187
16228
16231
16267
16284
16289
16336
16341
16378
16382
16390
16416
16422
16423
16427
16450
16466
16472
16503
16517
16522
16534
16539
16553
16556
16563
16568
16568
16572
16582
16607
16627
16628
16648
16649
16650
16652
16660
16672
16687
16749
16777
16777
16793
16816
16841
16844
16847
16851
16856
16858
16910
16918
16923
16962
16962
16972
16978
16991
16995
17005
17011
17027
17030
17041
17046
17071
17080
17093
17119
17126
17164
17176
17178
17213
17215
17221
17224
17224
17238
17260
17266
17278
17289
17291
17302
17332
17339
17358
17381
17386
17388
17392
17412
17432
17435
17456
17461
17477
17507
17516
17516
17527
17531
17553
17566
17576
17598
17599
17604
17622
17633
17634
17650
17683
17701
17704
17711
17717
17721
17740
17744
17767
17779
17781
17785
17786
17787
17787
17787
17803
17811
17838
17845
17845
17857
17859
17866
17869
17872
17880
17883
17900
17910
17916
17917
17963
17990
17992
17993
18024
18088
18096
18102
18139
18143
18143
18144
18147
18151
18155
18167
18174
18188
18201
18215
18225
18242
18252
18252
18264
18269
18271
18289
18319
18321
18329
18335
18342
18342
18350
18392
18416
18423
18430
18444
18455
18460
18481
18490
18497
18507
18515
18517
18519
18524
18526
18533
18537
18543
18547
18565
18576
18586
18596
18605
18619
18638
18641
18658
18667
18673
18686
18687
18715
18724
18729
18749
18760
18775
18777
18784
18786
18786
18796
18808
18820
18842
18843
18876
18878
18880
18888
18901
18903
18925
18935
18973
18980
18988
18990
18997
19004
19031
19038
19044
19058
19063
19072
19073
19078
19104
19108
19111
19118
19126
19157
19166
19185
19195
19198
19215
19240
19259
19274
19274
19280
19281
19298
19305
19314
19337
19345
19352
19361
19379
19381
19398
19405
19427
19438
19442
19443
19455
19455
19472
19475
19478
19481
19503
19507
19516
19519
19540
19555
19569
19585
19601
19603
19631
19637
19662
19668
19675
19676
19689
19707
19707
19710
19712
19718
19721
19722
19723
19759
19763
19776
19778
19780
19782
19797
19802
19804
19811
19811
19825
19829
19851
19868
19881
19885
19893
19907
19910
19940
19944
19948
19955
19972
19986
19998
20018
20023
20029
20077
20095
20117
20123
20149
20155
20156
20158
20171
20174
20183
20192
20206
20243
20244
20277
20306
20314
20317
20340
20347
20389
20400
20419
20421
20427
20430
20431
20432
20434
20447
20475
20507
20512
20518
20528
20531
20532
20538
20539
20541
20565
20574
20603
20618
20639
20653
20654
20656
20656
20664
20664
20667
20678
20679
20686
20692
20697
20704
20708
20710
20715
20720
20731
20731
20741
20754
20777
20792
20822
20829
20836
20850
20853
20861
20885
20902
20907
20916
20940
20942
20953
20963
20980
20995
20999
21019
21037
21038
21039
21052
21061
21076
21088
21116
21117
21118
21124
21144
21147
21154
21161
21162
21170
21190
21203
21218
21225
21227
21276
21279
21283
21284
21311
21350
21363
21365
21365
21386
21392
21407
21417
21418
21418
21420
21427
21428
21430
21458
21458
21489
21519
21524
21528
21536
21548
21551
21556
21565
21568
21577
21590
21613
21624
21645
21669
21671
21701
21708
21714
21727
21731
21742
21767
21772
21775
21780
21799
21800
21815
21824
21854
21856
21857
21865
21874
21886
21887
21909
21919
21938
21939
21966
21974
21979
21979
21985
21985
21999
22011
22014
22037
22045
22045
22048
22061
22068
22069
22069
22071
22076
22082
22086
22096
22105
22112
22126
22139
22140
22161
22166
22169
22169
22170
22193
22194
22229
22235
22239
22262
22265
22272
22280
22296
22296
22312
22324
22349
22357
22358
22374
22385
22391
22398
22399
22411
22418
22423
22462
22472
22490
22493
22509
22528
22542
22546
22571
22625
22640
22640
22650
22656
22671
22709
22710
22746
22753
22762
22765
22774
22779
22785
22807
22820
22821
22826
22829
22832
22836
22838
22844
22846
22851
22852
22875
22889
22889
22894
22898
22954
22958
22965
22971
22986
23014
23034
23035
23043
23054
23067
23080
23082
23084
23084
23096
23100
23108
23120
23121
23123
23129
23134
23144
23151
23172
23175
23182
23184
23224
23239
23251
23273
23302
23315
23326
23335
23340
23368
23386
23397
23433
23475
23487
23489
23509
23517
23519
23519
23531
23537
23547
23548
23572
23581
23589
23606
23624
23638
23657
23672
23694
23696
23740
23775
23788
23803
23816
23819
23842
23843
23861
23868
23888
23890
23898
23900
23904
23925
23934
23950
23954
23967
23967
23968
23976
23983
24006
24009
24012
24031
24043
24070
24071
24079
24083
24113
24116
24118
24125
24133
24148
24156
24168
24173
24186
24221
24232
24233
24237
24244
24252
24271
24271
24275
24276
24277
24279
24282
24293
24297
24319
24328
24331
24343
24379
24390
24399
24409
24410
24410
24411
24445
24456
24462
24472
24485
24503
24510
24565
24570
24600
24605
24615
24628
24635
24662
24708
24724
24760
24776
24793
24803
24806
24816
24820
24821
24828
24833
24837
24840
24854
24865
24883
24886
24936
24943
24948
24952
24956
24962
24981
24995
25005
25009
25021
25045
25056
25056
25063
25077
25106
25107
25113
25123
25123
25143
25171
25234
25235
25240
25268
25274
25279
25290
25297
25298
25299
25341
25343
25352
25381
25389
25392
25395
25412
25412
25414
25422
25436
25438
25444
25453
25453
25472
25487
25493
25494
25495
25499
25538
25542
25551
25573
25597
25600
25610
25612
25623
25627
25644
25650
25655
25665
25671
25673
25674
25680
25683
25717
25725
25728
25731
25738
25740
25747
25757
25777
25796
25816
25827
25831
25844
25846
25851
25883
25919
25927
25931
25943
25945
25972
25981
26014
26043
26055
26058
26067
26067
26081
26095
26102
26128
26130
26139
26140
26145
26171
26175
26196
26224
26225
26244
26246
26270
26272
26273
26274
26300
26335
26349
26353
26370
26380
26390
26401
26419
26441
26446
26448
26461
26475
26482
26483
26484
26492
26499
26506
26508
26519
26521
26522
26528
26540
26541
26572
26581
26605
26610
26615
26617
26618
26656
26683
26699
26707
26709
26728
26729
26751
26792
26805
26819
26831
26852
26861
26868
26889
26895
26914
26928
26945
26953
26953
26959
26966
26981
26988
27019
27022
27052
27072
27079
27086
27102
27115
27148
27155
27172
27183
27199
27224
27243
27245
27247
27252
27255
27262
27274
27279
27283
27283
27287
27320
27323
27373
27395
27419
27421
27423
27424
27445
27453
27456
27479
27481
27503
27503
27512
27554
27563
27573
27588
27594
27596
27603
27609
27628
27638
27656
27693
27750
27756
27767
27772
27776
27784
27795
27819
27820
27823
27825
27831
27839
27859
27888
27897
27905
27910
27911
27915
27926
27934
27935
27986
28004
28016
28034
28068
28076
28087
28097
28105
28144
28147
28181
28187
28192
28198
28200
28201
28208
28241
28270
28283
28303
28305
28311
28311
28312
28328
28345
28349
28352
28352
28374
28413
28415
28416
28428
28432
28445
28446
28471
28475
28515
28518
28523
28532
28551
28555
28555
28566
28580
28603
28610
28612
28614
28615
28632
28653
28667
28670
28679
28693
28696
28699
28709
28710
28717
28748
28760
28768
28821
28821
28824
28826
28831
28836
28855
28927
28942
28954
28961
28997
29012
29016
29035
29061
29065
29070
29072
29081
29096
29106
29147
29163
29164
29172
29177
29194
29204
29240
29251
29260
29263
29265
29309
29309
29312
29314
29314
29321
29326
29338
29358
29375
29392
29392
29415
29425
29426
29457
29457
29469
29484
29508
29560
29601
29613
29635
29641
29653
29668
29690
29709
29743
29744
29752
29754
29759
29791
29792
29796
29807
29816
29820
29828
29833
29851
29858
29860
29878
29885
29887
29887
29906
29964
29977
29985
29993
29999
30005
30014
30035
30037
30045
30048
30061
30083
30092
30094
30140
30141
30144
30149
30155
30158
30177
30179
30187
30197
30198
30229
30238
30240
30257
30268
30280
30288
30295
30301
30320
30321
30341
30348
30350
30352
30365
30384
30393
30396
30401
30439
30442
30447
30486
30490
30492
30498
30528
30558
30562
30568
30583
30606
30610
30618
30646
30658
30659
30659
30660
30686
30686
30688
30704
30707
30710
30713
30731
30734
30760
30764
30771
30782
30782
30782
30785
30793
30797
30803
30812
30826
30826
30832
30845
30874
30886
30889
30912
30950
30969
30973
30975
30995
31006
31010
31013
31046
31068
31081
31119
31123
31136
31154
31166
31167
31170
31190
31199
31201
31227
31251
31283
31291
31292
31294
31299
31300
31303
31305
31314
31325
31325
31329
31341
31342
31343
31389
31395
31406
31410
31413
31423
31423
31431
31461
31467
31469
31490
31499
31505
31512
31554
31571
31577
31587
31609
31610
31620
31625
31693
31726
31727
31732
31737
31750
31780
31785
31788
31796
31805
31814
31826
31830
31843
31855
31879
31882
31889
31893
31894
31917
31917
31950
31968
31976
31983
31986
31987
32000
32006
32008
32017
32018
32021
32023
32045
32051
32055
32075
32077
32083
32092
32095
32096
32099
32105
32112
32117
32136
32146
32162
32205
32206
32228
32240
32245
32247
32255
32280
32291
32309
32312
32377
32396
32425
32465
32515
32542
32555
32563
32565
32578
32596
32609
32624
32636
32643
32660
32660
32686
32694
32721
32734
32742
32757
32766
32766
32766
32802
32810
32823
32829
32878
32886
32887
32892
32900
32944
32951
32951
32958
32962
32971
32983
33021
33028
33031
33055
33059
33099
33103
33120
33156
33160
33174
33210
33210
33221
33237
33253
33284
33298
33317
33324
33325
33352
33358
33398
33400
33404
33405
33406
33415
33420
33424
33425
33470
33476
33483
33488
33490
33502
33507
33548
33566
33572
33573
33589
33616
33644
33664
33686
33687
33700
33703
33707
33715
33716
33730
33731
33734
33741
33754
33770
33780
33790
33791
33801
33803
33819
33825
33844
33859
33924
33933
33947
33961
33977
33980
33983
34004
34004
34006
34014
34027
34035
34039
34042
34058
34073
34073
34107
34114
34117
34131
34134
34140
34176
34188
34201
34214
34218
34221
34250
34251
34254
34271
34308
34309
34372
34407
34436
34439
34446
34461
34463
34471
34482
34489
34494
34509
34520
34527
34528
34542
34543
34558
34593
34610
34617
34629
34636
34638
34642
34648
34653
34661
34670
34673
34675
34685
34691
34694
34725
34728
34753
34790
34791
34805
34806
34822
34825
34833
34839
34880
34880
34917
34920
34936
34946
34946
34949
34959
34977
34979
34986
35001
35023
35028
35031
35034
35045
35045
35050
35066
35068
35076
35090
35114
35137
35142
35154
35181
35201
35205
35206
35212
35219
35222
35227
35254
35259
35261
35271
35276
35280
35296
35330
35342
35349
35365
35369
35405
35405
35407
35423
35441
35442
35446
35452
35512
35529
35534
35541
35541
35561
35569
35577
35595
35595
35596
35625
35647
35654
35656
35672
35706
35718
35723
35733
35739
35761
35804
35825
35846
35851
35851
35858
35865
35874
35889
35896
35927
35941
35944
35977
35987
35990
35998
36013
36014
36022
36037
36040
36077
36102
36118
36126
36131
36135
36159
36164
36174
36183
36195
36201
36202
36216
36221
36229
36238
36267
36273
36278
36288
36308
36314
36322
36336
36341
36347
36348
36353
36356
36357
36370
36382
36408
36409
36409
36431
36442
36446
36451
36455
36465
36506
36510
36517
36570
36571
36592
36594
36598
36606
36620
36636
36644
36645
36656
36701
36719
36774
36774
36814
36818
36879
36900
36900
36923
36953
36953
36968
36974
36985
36991
36994
36999
37020
37027
37035
37036
37056
37074
37088
37101
37123
37128
37133
37144
37146
37160
37182
37194
37203
37213
37222
37222
37228
37264
37285
37312
37313
37316
37322
37322
37370
37373
37388
37398
37398
37412
37422
37463
37467
37472
37496
37500
37515
37525
37527
37549
37550
37567
37604
37619
37629
37636
37642
37685
37697
37701
37705
37708
37708
37718
37735
37742
37771
37784
37787
37788
37812
37813
37824
37833
37845
37852
37868
37872
37881
37903
37903
37905
37926
37948
37959
37964
37965
37985
37986
37988
37997
38003
38024
38027
38035
38046
38048
38066
38072
38085
38087
38091
38100
38142
38154
38159
38167
38168
38170
38179
38186
38189
38200
38218
38222
38236
38258
38263
38278
38294
38296
38310
38310
38320
38330
38339
38342
38351
38358
38362
38365
38377
38387
38402
38412
38444
38473
38489
38491
38525
38528
38545
38601
38611
38620
38623
38626
38638
38638
38653
38661
38673
38689
38693
38695
38704
38710
38717
38727
38728
38748
38756
38770
38782
38784
38785
38792
38801
38819
38839
38839
38843
38848
38857
38874
38916
38920
38932
38949
38955
38955
38963
38980
38990
38995
39000
39005
39008
39017
39018
39020
39022
39031
39060
39074
39093
39101
39104
39111
39147
39148
39152
39158
39159
39166
39175
39192
39195
39196
39203
39216
39233
39250
39258
39307
39307
39321
39347
39364
39370
39373
39390
39398
39414
39430
39454
39456
39475
39475
39475
39485
39494
39540
39552
39557
39568
39576
39590
39604
39629
39632
39641
39653
39663
39713
39786
39791
39800
39812
39830
39847
39866
39890
39891
39892
39898
39908
39913
39917
39922
39930
39967
39974
39981
39985
40010
40028
40049
40076
40097
40140
40151
40160
40163
40167
40176
40179
40184
40205
40212
40223
40236
40240
40240
40243
40244
40274
40277
40277
40286
40286
40295
40296
40308
40312
40315
40328
40350
40350
40352
40353
40387
40393
40406
40427
40438
40446
40456
40466
40469
40472
40478
40484
40487
40491
40496
40505
40521
40547
40554
40557
40563
40563
40566
40579
40582
40588
40594
40598
40600
40627
40646
40670
40670
40719
40725
40729
40775
40780
40787
40797
40804
40821
40824
40835
40850
40854
40857
40894
40895
40907
40909
40918
40935
40937
40941
40943
40951
40965
40969
40973
41010
41028
41043
41055
41075
41078
41083
41095
41106
41116
41121
41136
41141
41150
41158
41168
41169
41171
41174
41232
41232
41251
41292
41301
41306
41310
41316
41337
41353
41356
41362
41368
41371
41402
41422
41429
41456
41459
41465
41478
41484
41487
41493
41496
41510
41526
41534
41567
41575
41576
41580
41580
41620
41621
41630
41652
41675
41718
41720
41721
41789
41812
41814
41815
41850
41854
41863
41876
41893
41900
41903
41934
41942
41969
41979
41985
41987
41996
42012
42030
42048
42077
42114
42125
42140
42153
42159
42167
42174
42179
42181
42188
42190
42190
42196
42224
42225
42226
42238
42240
42242
42265
42280
42298
42299
42302
42322
42355
42363
42369
42389
42399
42409
42420
42453
42483
42489
42489
42490
42514
42525
42533
42536
42543
42562
42587
42590
42606
42606
42619
42619
42624
42626
42626
42647
42650
42651
42665
42694
42708
42722
42726
42729
42732
42754
42764
42772
42774
42774
42804
42811
42830
42868
42876
42877
42880
42894
42914
42915
42927
42940
42944
42951
42952
42959
42975
42980
42998
43010
43035
43042
43049
43054
43058
43078
43091
43119
43144
43146
43150
43162
43182
43184
43228
43238
43257
43296
43298
43301
43305
43311
43341
43347
43355
43360
43378
43386
43393
43421
43424
43436
43456
43461
43463
43481
43488
43503
43511
43527
43529
43530
43547
43553
43557
43561
43571
43576
43584
43584
43594
43595
43600
43614
43621
43621
43667
43668
43680
43680
43685
43697
43708
43713
43720
43725
43728
43739
43744
43753
43760
43770
43781
43786
43787
43809
43816
43827
43827
43828
43840
43841
43843
43872
43873
43904
43932
43941
43945
43967
43982
43982
43988
43989
43993
44013
44025
44031
44055
44056
44063
44070
44084
44086
44115
44155
44186
44191
44200
44229
44252
44263
44271
44281
44292
44297
44301
44305
44320
44334
44343
44346
44347
44354
44354
44355
44361
44383
44384
44386
44417
44432
44452
44485
44491
44493
44515
44523
44530
44548
44549
44553
44554
44569
44572
44574
44575
44576
44590
44641
44647
44651
44677
44687
44722
44722
44745
44748
44752
44753
44779
44781
44790
44794
44801
44811
44818
44829
44830
44830
44843
44844
44862
44874
44885
44890
44898
44906
44908
44921
44940
44941
44955
44962
44975
44977
44988
44990
44996
45022
45027
45032
45082
45087
45097
45118
45129
45152
45155
45184
45190
45223
45227
45262
45271
45280
45293
45301
45309
45314
45390
45419
45439
45452
45465
45475
45479
45489
45491
45497
45524
45528
45531
45542
45549
45562
45573
45575
45582
45596
45599
45606
45609
45616
45621
45624
45634
45656
45674
45677
45691
45693
45716
45729
45731
45781
45806
45808
45834
45837
45850
45870
45895
45900
45906
45907
45931
45944
45986
45987
45987
46000
46005
46024
46030
46030
46048
46060
46099
46139
46156
46173
46198
46199
46205
46208
46213
46233
46237
46240
46243
46244
46245
46270
46287
46309
46313
46319
46319
46319
46330
46356
46369
46380
46386
46409
46413
46430
46436
46456
46477
46486
46494
46497
46538
46563
46570
46573
46602
46606
46615
46631
46632
46635
46637
46653
46653
46665
46666
46666
46681
46697
46703
46726
46734
46742
46810
46818
46822
46824
46832
46845
46852
46858
46869
46870
46872
46878
46897
46897
46909
46941
46959
46963
46980
46985
46996
47013
47051
47057
47071
47080
47093
47103
47116
47125
47132
47152
47153
47154
47158
47183
47194
47203
47204
47227
47229
47241
47245
47261
47267
47290
47293
47301
47307
47321
47354
47355
47392
47407
47425
47438
47445
47450
47461
47463
47469
47471
47488
47489
47494
47518
47528
47543
47548
47558
47576
47579
47584
47612
47614
47624
47631
47645
47648
47660
47660
47661
47722
47724
47731
47735
47736
47755
47763
47780
47786
47796
47811
47816
47822
47827
47828
47832
47837
47857
47857
47866
47906
47919
47926
47929
47930
47933
47940
47940
47975
47997
48003
48034
48054
48061
48061
48066
48074
48085
48115
48147
48150
48153
48160
48164
48175
48183
48187
48217
48223
48254
48259
48260
48262
48279
48299
48315
48321
48326
48347
48363
48370
48371
48379
48382
48392
48398
48404
48414
48436
48450
48461
48470
48502
48508
48510
48535
48545
48545
48550
48566
48590
48604
48618
48638
48642
48649
48657
48691
48698
48703
48709
48717
48718
48719
48756
48769
48782
48785
48825
48830
48839
48860
48891
48896
48911
48922
48937
48940
48946
48953
48958
48963
48973
48975
48995
49000
49001
49002
49016
49030
49049
49063
49068
49092
49095
49095
49108
49116
49122
49129
49130
49135
49140
49186
49199
49228
49246
49294
49314
49315
49318
49322
49323
49340
49341
49344
49351
49371
49373
49375
49382
49389
49399
49404
49416
49419
49426
49429
49441
49447
49469
49481
49502
49546
49548
49556
49558
49559
49560
49563
49573
49575
49580
49598
49599
49629
49639
49640
49640
49649
49664
49691
49742
49752
49770
49786
49788
49801
49836
49841
49843
49850
49870
49889
49951
49955
49957
49998
50002
50009
50014
50029
50038
50044
50045
50052
50064
50072
50073
50077
50086
50092
50104
50105
50105
50112
50112
50131
50143
50172
50182
50183
50207
50229
50250
50252
50257
50266
50271
50273
50282
50304
50306
50308
50312
50326
50334
50337
50343
50355
50358
50360
50363
50369
50370
50411
50418
50423
50423
50438
50484
50486
50511
50517
50537
50553
50560
50573
50582
50614
50618
50626
50630
50635
50647
50657
50678
50684
50686
50698
50703
50706
50713
50720
50727
50729
50738
50746
50775
50778
50785
50800
50803
50813
50817
50826
50835
50868
50871
50876
50914
50917
50953
50954
50965
50986
50995
51002
51014
51014
51019
51040
51046
51048
51053
51060
51063
51074
51101
51101
51123
51126
51128
51141
51153
51162
51165
51177
51183
51186
51191
51213
51216
51235
51237
51246
51248
51269
51279
51284
51286
51337
51345
51347
51380
51388
51424
51439
51442
51447
51468
51473
51494
51508
51519
51539
51568
51574
51623
51639
51654
51656
51661
51664
51676
51697
51733
51743
51750
51751
51759
51772
51773
51784
51786
51843
51913
51940
51944
51946
51956
51957
51966
51968
51990
52002
52013
52048
52052
52056
52058
52094
52119
52149
52151
52152
52155
52182
52220
52230
52235
52236
52241
52241
52246
52249
52262
52267
52278
52292
52292
52297
52305
52321
52322
52327
52331
52332
52335
52336
52341
52370
52374
52382
52387
52422
52427
52445
52467
52479
52502
52508
52521
52528
52552
52554
52556
52564
52566
52566
52584
52637
52653
52655
52657
52677
52701
52701
52735
52761
52773
52776
52777
52786
52811
52811
52814
52814
52821
52827
52832
52833
52843
52856
52857
52865
52887
52910
52923
52929
52933
52934
52949
52972
52977
52985
53013
53028
53038
53042
53048
53064
53076
53079
53092
53095
53107
53129
53133
53147
53150
53160
53189
53241
53245
53246
53249
53250
53259
53276
53295
53301
53326
53333
53347
53365
53376
53396
53400
53432
53439
53453
53459
53522
53528
53551
53552
53555
53578
53580
53583
53594
53595
53608
53620
53625
53653
53654
53690
53700
53724
53745
53754
53755
53778
53793
53810
53815
53836
53850
53852
53875
53881
53897
53908
53911
53915
53924
53938
53943
53973
53975
53977
54012
54015
54031
54040
54072
54080
54089
54095
54100
54102
54109
54109
54142
54146
54157
54168
54190
54199
54207
54231
54234
54241
54264
54272
54296
54312
54316
54316
54339
54344
54345
54346
54349
54362
54369
54372
54386
54388
54395
54423
54427
54434
54442
54460
54462
54480
54484
54503
54512
54525
54528
54572
54575
54584
54599
54630
54633
54635
54648
54655
54699
54718
54727
54742
54747
54770
54770
54786
54793
54802
54817
54832
54856
54860
54877
54888
54891
54921
54925
54946
54960
54978
54989
55006
55015
55037
55051
55072
55072
55074
55076
55076
55086
55099
55099
55107
55121
55165
55167
55175
55217
55230
55237
55240
55289
55301
55310
55322
55329
55342
55344
55354
55356
55359
55361
55377
55404
55406
55415
55442
55457
55459
55466
55468
55478
55486
55498
55509
55515
55550
55612
55612
55624
55638
55638
55666
55685
55693
55703
55715
55770
55782
55790
55798
55805
55816
55851
55856
55875
55882
55883
55895
55911
55936
55941
55943
55945
55955
55962
55990
55999
56000
56021
56030
56037
56046
56052
56059
56072
56076
56108
56110
56135
56137
56165
56194
56221
56240
56243
56244
56244
56257
56267
56269
56301
56351
56352
56364
56366
56375
56387
56400
56413
56431
56431
56453
56456
56461
56462
56474
56490
56517
56561
56599
56601
56607
56612
56643
56645
56652
56659
56659
56665
56667
56670
56674
56676
56696
56704
56712
56731
56732
56732
56747
56748
56763
56795
56816
56817
56833
56835
56842
56847
56862
56866
56873
56885
56904
56961
56964
56972
56979
56985
56998
57001
57012
57019
57031
57033
57045
57047
57059
57066
57073
57074
57079
57096
57104
57108
57109
57126
57128
57140
57148
57163
57193
57195
57196
57247
57266
57266
57270
57270
57276
57280
57286
57290
57296
57301
57304
57325
57358
57366
57377
57382
57387
57388
57406
57409
57412
57426
57441
57447
57448
57474
57479
57486
57491
57504
57506
57511
57530
57536
57536
57544
57561
57573
57575
57577
57607
57612
57617
57643
57652
57669
57670
57709
57721
57735
57737
57744
57752
57779
57791
57797
57810
57837
57895
57904
57909
57921
57925
57938
57948
57990
57995
58011
58016
58017
58057
58067
58080
58086
58096
58101
58105
58115
58139
58146
58177
58196
58199
58200
58201
58220
58221
58245
58276
58282
58286
58300
58302
58312
58324
58334
58339
58352
58353
58354
58359
58367
58438
58440
58444
58448
58465
58485
58497
58519
58522
58533
58538
58567
58595
58625
58629
58635
58669
58699
58721
58768
58773
58775
58816
58829
58838
58861
58866
58897
58916
58921
58925
58931
58934
58945
58952
58988
58998
59025
59052
59060
59068
59113
59142
59142
59190
59208
59208
59209
59214
59223
59248
59265
59269
59279
59293
59295
59304
59310
59310
59318
59321
59324
59328
59332
59339
59341
59367
59378
59382
59398
59398
59410
59413
59430
59462
59473
59500
59514
59519
59521
59528
59537
59539
59541
59542
59551
59575
59586
59589
59602
59604
59606
59643
59657
59679
59683
59688
59701
59726
59733
59746
59750
59759
59760
59767
59773
59789
59794
59801
59823
59839
59845
59848
59848
59853
59869
59873
59876
59879
59882
59897
59908
59912
59917
59922
59923
59932
59932
59938
59947
59963
59964
59982
59989
60009
60009
60014
60025
60051
60057
60082
60089
60101
60108
60108
60122
60128
60137
60137
60141
60151
60151
60155
60169
60178
60203
60225
60249
60261
60270
60273
60290
60298
60321
60325
60325
60330
60340
60345
60377
60389
60397
60415
60425
60444
60515
60519
60524
60531
60540
60541
60550
60554
60567
60575
60578
60623
60627
60639
60664
60666
60677
60677
60694
60729
60743
60750
60751
60756
60766
60767
60771
60773
60777
60779
60807
60813
60813
60833
60839
60855
60857
60863
60865
60867
60867
60868
60889
60918
60922
60947
60966
60982
60993
61011
61020
61023
61037
61039
61039
61051
61051
61055
61059
61082
61114
61126
61169
61186
61208
61233
61263
61278
61309
61312
61316
61329
61350
61391
61391
61409
61412
61433
61437
61438
61439
61452
61459
61460
61475
61484
61492
61499
61512
61515
61517
61535
61537
61544
61558
61562
61569
61577
61586
61607
61626
61633
61646
61648
61686
61690
61704
61713
61716
61734
61736
61743
61743
61751
61755
61772
61787
61792
61805
61817
61831
61833
61836
61837
61842
61842
61848
61863
61883
61883
61884
61891
61905
61911
61932
61933
61955
61955
61965
61971
61972
62003
62042
62046
62049
62049
62056
62091
62095
62097
62098
62100
62110
62127
62127
62139
62163
62174
62185
62194
62198
62208
62237
62281
62288
62294
62307
62316
62317
62325
62339
62341
62343
62357
62360
62362
62365
62368
62369
62374
62377
62378
62385
62411
62417
62419
62421
62424
62433
62438
62450
62451
62465
62492
62496
62520
62530
62532
62539
62540
62545
62583
62588
62593
62596
62596
62597
62608
62644
62653
62691
62700
62729
62736
62776
62790
62795
62799
62844
62878
62892
62893
62907
62914
62923
62929
62957
62970
62983
62989
63001
63027
63031
63031
63052
63060
63074
63093
63107
63108
63128
63132
63159
63200
63206
63209
63222
63237
63246
63250
63256
63272
63272
63273
63274
63284
63314
63315
63337
63358
63376
63381
63385
63409
63410
63424
63445
63459
63461
63464
63478
63516
63520
63525
63540
63549
63557
63591
63593
63596
63635
63635
63637
63644
63679
63704
63706
63718
63730
63745
63754
63773
63775
63789
63794
63809
63811
63820
63825
63831
63842
63849
63862
63896
63928
63943
63953
63964
63975
63985
63991
63994
64003
64010
64023
64030
64045
64060
64075
64081
64090
64101
64109
64117
64124
64139
64142
64151
64159
64160
64163
64190
64194
64199
64208
64217
64255
64262
64276
64290
64311
64345
64371
64387
64417
64432
64443
64454
64464
64471
64496
64514
64520
64539
64545
64546
64581
64589
64599
64611
64616
64617
64623
64642
64652
64660
64682
64690
64695
64700
64740
64754
64763
64765
64766
64767
64775
64796
64802
64804
64817
64823
64847
64848
64851
64857
64861
64884
64894
64915
64919
64929
64935
64954
64957
65008
65023
65023
65036
65052
65060
65070
65075
65076
65098
65120
65128
65155
65159
65198
65212
65224
65225
65226
65228
65242
65252
65253
65285
65304
65323
65335
65351
65362
65370
65374
65417
65443
65446
65449
65461
65469
65483
65489
65492
65498
65503
65506
65515
65516
65562
65568
65573
65576
65614
65615
65626
65631
65631
65641
65686
65692
65699
65702
65714
65716
65721
65723
65739
65780
65794
65804
65812
65825
65829
65840
65843
65854
65856
65877
65881
65885
65891
65899
65920
65922
65929
65936
65941
65948
65950
65966
65977
66002
66053
66060
66071
66080
66094
66104
66108
66113
66113
66114
66130
66141
66142
66164
66167
66174
66176
66185
66203
66206
66239
66241
66241
66245
66271
66279
66285
66291
66313
66329
66337
66337
66342
66373
66376
66385
66393
66399
66427
66428
66439
66443
66481
66491
66498
66507
66528
66535
66546
66547
66580
66580
66600
66621
66622
66626
66661
66662
66664
66701
66719
66729
66732
66738
66740
66748
66767
66768
66791
66791
66792
66801
66810
66812
66814
66816
66820
66831
66836
66840
66845
66851
66879
66887
66897
66901
66903
66908
66917
66929
66934
66959
66990
66997
67004
67005
67038
67040
67050
67053
67079
67085
67094
67104
67106
67138
67171
67191
67191
67203
67245
67261
67299
67305
67309
67318
67327
67340
67349
67359
67372
67379
67381
67402
67428
67446
67451
67454
67460
67465
67480
67480
67483
67504
67530
67551
67571
67579
67585
67587
67592
67597
67602
67612
67612
67613
67613
67647
67654
67656
67703
67710
67744
67792
67800
67803
67821
67845
67884
67888
67925
67928
67929
67936
67947
67952
67963
67985
67990
68003
68021
68028
68043
68044
68073
68081
68085
68104
68129
68133
68134
68170
68199
68218
68222
68225
68258
68262
68280
68306
68310
68326
68330
68331
68339
68365
68377
68383
68398
68402
68406
68410
68419
68428
68432
68447
68458
68460
68460
68462
68488
68489
68490
68494
68498
68504
68524
68525
68532
68538
68547
68555
68560
68565
68585
68586
68591
68599
68603
68628
68628
68638
68642
68642
68652
68652
68670
68675
68690
68700
68725
68731
68734
68736
68747
68760
68789
68792
68830
68878
68886
68915
68923
68924
68964
68967
68971
68988
68995
69010
69073
69091
69095
69099
69107
69116
69167
69173
69181
69214
69226
69231
69280
69288
69290
69296
69329
69342
69380
69388
69401
69409
69424
69448
69448
69455
69466
69480
69500
69506
69542
69548
69549
69564
69565
69566
69574
69589
69598
69606
69622
69622
69625
69643
69647
69654
69670
69685
69700
69701
69702
69705
69718
69724
69734
69744
