216
248
406
463
783
1020
1088
1350
1511
2095
2099
2169
2589
2694
2757
2992
2992
3113
3153
3202
3489
3713
3972
4133
4722
4837
4953
5189
5259
5395
5419
5533
5648
5882
6017
6104
6126
6160
6348
6528
6759
6850
6978
7038
7293
7298
7612
7635
7780
8086
8162
8423
8640
8867
8957
9259
9765
9980
10075
10308
10402
10877
10945
11200
11352
11431
12296
12346
12386
12424
13633
13777
13933
13965
13987
14033
14432
14598
14707
14852
14944
14999
15060
15261
15309
15371
15452
15660
15789
15799
15899
15978
16301
16388
16782
16787
17301
17355
17772
18062
18348
19017
19242
19284
19364
19704
20162
20353
20543
20721
20910
20918
21060
21165
21247
21385
21596
21682
21874
21971
22059
22069
22668
22854
23040
23042
23290
23396
23440
23607
23622
23750
23868
24286
24297
24574
24627
24954
25221
25238
25428
25480
25489
25533
25628
25738
25753
26445
26857
26904
26907
26995
27178
27596
27736
27745
27822
28222
28619
28941
29130
29165
29223
29388
29715
29950
29969
29984
30092
30766
30917
31082
31201
31273
31348
31625
31682
31795
32214
32444
32618
32620
32634
32691
32793
32938
33094
33213
33462
34054
34175
34282
34288
34350
34415
34436
35361
35418
35863
36153
36425
36443
36552
36724
36788
36836
37068
37269
37322
37583
37650
37705
37768
37935
38019
38349
38445
38494
38594
39033
39050
39160
39188
39434
39510
39747
39873
40327
40439
41065
41158
41680
41751
41755
42158
42260
42320
42422
43067
43143
43246
43252
43570
43586
43917
43942
44027
44067
44239
44843
45317
45473
45731
45762
45823
46026
46049
46163
46167
46638
46783
46923
47181
47403
47409
47484
47591
47640
47664
47744
47806
47928
48849
49214
49412
49500
49730
50011
50362
50615
50656
51015
51127
51239
51628
51672
51776
52059
52106
52292
52882
53241
53399
53789
54098
54147
54679
54696
54920
55534
55981
56134
56272
56426
56663
56667
56673
56706
57079
57177
57262
57334
57557
57629
57799
57910
58027
58392
58562
58639
58778
58876
58900
59197
59463
59839
59933
60035
60085
60125
60158
60181
60424
60688
61226
61278
61732
61750
61830
61900
63036
63144
63301
63578
64240
64298
64349
64506
64529
64561
64579
64633
64770
65326
66006
66038
66171
66324
66443
67267
67305
67752
67805
67822
67877
68017
68341
69060
69066
69096
69110
69135
69146
69246
69288
69380
69742
