18
77
114
114
124
131
172
197
249
259
270
270
291
312
317
338
397
430
433
449
459
466
483
485
544
551
559
618
618
625
630
661
681
699
730
778
784
784
796
797
807
844
845
870
970
975
997
1015
1039
1041
1059
1072
1073
1091
1110
1115
1135
1148
1202
1222
1246
1269
1270
1306
1320
1325
1330
1339
1339
1342
1349
1365
1389
1424
1458
1499
1526
1540
1545
1565
1581
1597
1616
1636
1644
1654
1666
1681
1688
1694
1697
1700
1714
1741
1748
1761
1762
1784
1830
1864
1898
1924
1924
1940
1944
1968
2000
2004
2017
2034
2053
2061
2076
2080
2113
2144
2147
2153
2160
2166
2172
2179
2180
2187
2209
2231
2252
2255
2271
2281
2299
2313
2335
2350
2362
2362
2386
2387
2404
2508
2547
2551
2589
2603
2607
2609
2625
2629
2630
2639
2646
2698
2759
2760
2819
2844
2851
2859
2864
2879
2904
2924
2925
2942
2957
2960
2975
2995
2998
3073
3129
3146
3166
3168
3177
3220
3239
3243
3243
3245
3284
3305
3306
3318
3325
3325
3337
3368
3426
3430
3446
3457
3465
3496
3517
3550
3552
3607
3629
3667
3721
3727
3755
3772
3777
3786
3796
3811
3854
3912
3924
3935
3959
4016
4045
4066
4076
4106
4109
4130
4139
4151
4179
4179
4207
4208
4240
4253
4258
4262
4280
4301
4305
4311
4333
4344
4360
4362
4379
4410
4428
4456
4464
4493
4509
4515
4534
4546
4568
4621
4630
4654
4679
4696
4763
4783
4783
4817
4833
4835
4848
4865
4871
4883
4889
4899
4917
4936
4951
4961
4977
4995
5039
5055
5060
5085
5112
5117
5122
5125
5135
5139
5156
5161
5163
5167
5188
5190
5206
5218
5221
5230
5237
5255
5268
5272
5314
5331
5338
5343
5346
5379
5389
5429
5469
5472
5472
5475
5483
5483
5509
5517
5520
5536
5540
5555
5581
5594
5597
5600
5604
5630
5632
5647
5651
5661
5703
5722
5731
5739
5760
5765
5827
5834
5847
5856
5869
5880
5892
5924
5981
5982
6041
6066
6084
6162
6168
6216
6230
6234
6255
6256
6256
6259
6279
6279
6319
6332
6339
6343
6394
6413
6438
6443
6474
6486
6520
6522
6524
6558
6572
6582
6601
6610
6628
6653
6655
6657
6670
6679
6700
6721
6789
6815
6818
6832
6834
6835
6842
6870
6887
6889
6904
6908
6922
6941
6966
6981
6999
7001
7014
7024
7069
7071
7076
7087
7090
7092
7145
7187
7202
7209
7265
7270
7280
7286
7290
7300
7342
7356
7373
7377
7386
7437
7449
7464
7487
7501
7519
7531
7558
7574
7600
7616
7620
7633
7649
7681
7686
7708
7718
7721
7746
7760
7806
7810
7844
7855
7865
7866
7880
7892
7895
7896
7951
7977
7989
8005
8016
8030
8045
8047
8069
8077
8092
8093
8125
8133
8146
8147
8154
8182
8195
8198
8205
8256
8268
8289
8315
8351
8361
8377
8387
8397
8451
8472
8475
8504
8504
8510
8511
8527
8546
8549
8553
8555
8578
8586
8592
8630
8639
8654
8656
8711
8716
8720
8746
8749
8751
8767
8781
8796
8898
8902
8923
8941
8977
9027
9059
9070
9080
9089
9113
9133
9138
9156
9187
9190
9200
9202
9249
9314
9337
9341
9360
9387
9410
9410
9421
9422
9445
9451
9468
9469
9473
9516
9533
9537
9555
9557
9568
9571
9583
9588
9606
9657
9693
9712
9717
9763
9791
9808
9813
9849
9876
9912
9932
9938
9943
9969
9973
9977
10025
10045
10081
10152
10157
10210
10222
10237
10327
10372
10383
10386
10390
10393
10402
10419
10422
10427
10480
10495
10511
10549
10580
10598
10603
10636
10639
10644
10647
10666
10669
10704
10713
10732
10740
10780
10783
10801
10802
10814
10824
10836
10865
10888
10896
10907
10920
10931
10954
10967
11012
11019
11042
11063
11083
11152
11172
11184
11190
11202
11213
11232
11240
11267
11314
11317
11329
11350
11363
11367
11447
11454
11459
11465
11468
11469
11475
11519
11526
11536
11568
11582
11591
11638
11685
11688
11708
11728
11754
11757
11767
11769
11787
11788
11801
11817
11826
11846
11860
11863
11874
11876
11882
11911
11919
11940
11955
11991
12007
12010
12014
12024
12044
12098
12100
12113
12130
12146
12189
12231
12261
12273
12278
12313
12313
12377
12432
12440
12509
12535
12538
12608
12611
12633
12642
12643
12649
12651
12658
12674
12677
12698
12701
12727
12752
12752
12767
12784
12825
12827
12829
12849
12862
12866
12886
12909
12913
12914
12939
12955
12960
13001
13014
13029
13060
13063
13160
13176
13176
13179
13203
13252
13256
13280
13303
13304
13326
13337
13354
13373
13376
13376
13385
13398
13410
13442
13454
13467
13488
13491
13533
13552
13555
13568
13581
13583
13615
13624
13633
13642
13648
13655
13672
13686
13701
13709
13716
13727
13770
13800
13830
13861
13886
13898
13910
13914
13937
13982
13982
14046
14060
14071
14113
14127
14132
14180
14182
14187
14188
14221
14227
14232
14253
14274
14278
14287
14296
14343
14366
14372
14398
14403
14427
14444
14453
14507
14547
14573
14588
14660
14677
14679
14680
14749
14749
14750
14761
14776
14788
14788
14810
14812
14843
14852
14857
14883
14890
14909
14914
14934
14948
14954
14972
14972
14995
14999
15021
15023
15049
15078
15091
15106
15120
15162
15183
15213
15218
15220
15233
15260
15279
15326
15375
15387
15399
15408
15410
15425
15429
15520
15535
15574
15581
15605
15608
15616
15616
15644
15658
15679
15704
15709
15725
15734
15739
15771
15773
15785
15795
15798
15809
15814
15814
15826
15865
15891
15900
15918
15924
15924
15931
15932
15939
15949
15968
15985
16006
16015
16017
16022
16024
16037
16066
16066
16078
16079
16088
16090
16101
16108
16173
16174
16175
16181
16187
16215
16228
16248
16271
16271
16307
16314
16322
16342
16371
16407
16421
16425
16454
16495
16501
16511
16524
16528
16530
16540
16544
16551
16571
16590
16590
16610
16669
16677
16684
16690
16713
16716
16740
16743
16758
16778
16778
16806
16807
16809
16809
16810
16827
16843
16849
16926
16927
16928
16966
16994
17002
17020
17045
17091
17110
17112
17119
17138
17143
17150
17159
17160
17160
17171
17210
17224
17226
17244
17256
17257
17274
17281
17298
17300
17300
17331
17333
17402
17450
17465
17493
17502
17551
17610
17631
17666
17669
17685
17698
17700
17714
17715
17716
17729
17797
17810
17814
17823
17929
17939
17986
17991
18044
18050
18080
18080
18105
18164
18195
18217
18224
18228
18228
18238
18269
18303
18311
18336
18372
18381
18392
18393
18393
18401
18426
18468
18520
18529
18608
18621
18629
18643
18677
18703
18722
18739
18778
18800
18806
18809
18827
18829
18830
18841
18881
18898
18914
18921
18941
18961
18962
18964
18998
19045
19070
19081
19135
19148
19153
19155
19158
19171
19191
19212
19243
19261
19281
19302
19363
19413
19439
19485
19494
19498
19517
19529
19534
19553
19553
19616
19617
19640
19731
19732
19741
19754
19756
19758
19779
19792
19802
19825
19828
19850
19852
19874
19883
19892
19914
19960
19970
19978
19984
19992
20000
20055
20055
20078
20114
20115
20121
20143
20164
20176
20191
20205
20206
20234
20240
20247
20266
20280
20295
20298
20322
20325
20373
20379
20401
20420
20433
20522
20575
20578
20592
20602
20632
20679
20692
20699
20731
20760
20797
20800
20823
20829
20829
20841
20864
20923
20923
20934
20959
20959
20960
20963
20974
21055
21064
21067
21113
21179
21202
21209
21228
21255
21272
21275
21299
21310
21335
21339
21341
21353
21356
21363
21379
21383
21392
21410
21414
21444
21512
21536
21539
21575
21599
21609
21657
21668
21668
21696
21709
21741
21820
21823
21840
21861
21875
21894
21943
21950
21951
22002
22005
22007
22008
22020
22063
22073
22088
22094
22121
22126
22139
22157
22182
22184
22266
22286
22307
22322
22349
22382
22382
22422
22425
22431
22463
22465
22470
22471
22476
22492
22499
22502
22511
22523
22529
22529
22570
22578
22617
22620
22630
22639
22654
22661
22664
22670
22680
22681
22709
22721
22746
22771
22782
22783
22810
22812
22814
22815
22837
22868
22871
22899
22902
22911
22923
22938
22942
22966
22975
22979
22998
23019
23072
23083
23084
23091
23096
23107
23109
23152
23206
23228
23229
23276
23277
23283
23286
23297
23376
23409
23416
23425
23427
23429
23439
23440
23441
23455
23479
23510
23527
23528
23547
23551
23563
23572
23606
23616
23619
23641
23656
23662
23685
23703
23708
23716
23767
23794
23837
23847
23854
23867
23886
23927
23961
23978
23994
23997
24022
24037
24046
24066
24095
24101
24121
24134
24135
24190
24200
24213
24217
24220
24233
24268
24282
24295
24324
24343
24355
24356
24358
24380
24405
24409
24448
24452
24474
24531
24540
24571
24593
24600
24612
24625
24630
24631
24633
24635
24645
24678
24684
24691
24703
24718
24747
24750
24780
24815
24840
24905
24915
24921
24950
24954
24956
24999
25014
25070
25074
25078
25090
25095
25111
25135
25180
25189
25196
25203
25208
25211
25214
25253
25258
25283
25286
25291
25325
25358
25360
25365
25368
25372
25416
25418
25439
25466
25494
25509
25529
25532
25578
25580
25591
25607
25613
25619
25635
25659
25675
25682
25705
25706
25767
25774
25779
25791
25808
25820
25833
25856
25862
25879
25899
25942
25962
26001
26004
26009
26031
26033
26034
26078
26087
26102
26103
26107
26114
26114
26162
26164
26170
26235
26250
26273
26303
26339
26339
26405
26417
26422
26428
26463
26486
26486
26489
26517
26526
26533
26540
26565
26567
26613
26621
26657
26682
26692
26697
26710
26725
26725
26726
26734
26737
26742
26743
26789
26828
26855
26910
26963
26985
27022
27042
27047
27056
27078
27089
27136
27169
27202
27285
27290
27323
27356
27374
27377
27402
27416
27421
27426
27470
27471
27483
27485
27504
27527
27548
27554
27626
27630
27632
27634
27702
27705
27723
27743
27770
27783
27807
27829
27837
27863
27863
27873
27898
27916
27932
28011
28034
28048
28054
28055
28060
28074
28108
28156
28166
28167
28168
28172
28215
28227
28275
28278
28294
28296
28322
28324
28325
28351
28367
28373
28383
28384
28386
28426
28448
28465
28473
28495
28497
28498
28502
28532
28539
28547
28579
28580
28596
28647
28661
28670
28696
28701
28711
28716
28732
28750
28754
28780
28795
28797
28802
28808
28813
28824
28824
28832
28834
28896
28901
28902
28924
28941
28951
28952
28980
28986
28994
29000
29000
29033
29048
29062
29079
29168
29204
29208
29224
29250
29273
29275
29299
29342
29369
29373
29396
29421
29442
29461
29509
29511
29515
29517
29536
29576
29586
29594
29625
29648
29666
29687
29736
29744
29745
29756
29772
29800
29807
29832
29848
29863
29863
29871
29877
29879
29904
29923
29932
29951
29982
30014
30030
30036
30039
30081
30086
30096
30179
30183
30219
30251
30268
30286
30291
30323
30342
30351
30359
30365
30376
30396
30408
30412
30412
30414
30419
30431
30431
30444
30466
30467
30499
30507
30553
30553
30563
30596
30621
30645
30690
30714
30738
30757
30783
30795
30810
30813
30813
30825
30851
30852
30855
30859
30904
30908
30930
30934
30946
30946
30959
30964
30974
30978
31016
31023
31047
31053
31055
31058
31063
31067
31071
31072
31084
31098
31120
31134
31150
31201
31230
31245
31254
31262
31263
31293
31304
31314
31329
31340
31348
31358
31391
31403
31404
31431
31458
31466
31485
31509
31519
31544
31562
31587
31600
31632
31655
31683
31702
31753
31792
31794
31852
31854
31879
31881
31982
31982
31987
32036
32067
32076
32081
32101
32104
32141
32167
32169
32202
32210
32269
32303
32310
32317
32326
32338
32384
32405
32410
32444
32456
32459
32463
32465
32476
32483
32502
32504
32514
32518
32526
32535
32553
32569
32580
32584
32591
32597
32650
32661
32678
32683
32690
32692
32715
32716
32722
32726
32754
32760
32768
32771
32824
32850
32866
32889
32917
32919
32977
32980
33014
33081
33093
33138
33141
33148
33151
33164
33166
33187
33189
33239
33266
33266
33275
33276
33319
33363
33386
33427
33438
33440
33451
33457
33508
33509
33523
33532
33538
33547
33553
33559
33564
33574
33580
33587
33604
33665
33672
33688
33691
33712
33738
33780
33856
33863
33868
33871
33885
33962
33966
33994
34086
34112
34128
34160
34185
34197
34202
34218
34232
34272
34321
34380
34392
34399
34429
34438
34439
34441
34466
34474
34513
34521
34531
34537
34541
34591
34594
34613
34623
34636
34644
34679
34694
34752
34771
34783
34792
34803
34858
34864
34883
34894
34899
34932
34940
34946
35008
35038
35049
35057
35071
35076
35109
35152
35182
35198
35210
35221
35222
35238
35285
35380
35386
35397
35412
35422
35442
35447
35467
35467
35471
35502
35536
35537
35539
35567
35585
35603
35618
35623
35624
35643
35661
35666
35668
35690
35695
35718
35739
35740
35782
35790
35792
35826
35833
35841
35851
35869
35904
35904
35924
35924
35937
35947
35990
36010
36020
36027
36028
36033
36089
36098
36098
36119
36128
36179
36195
36208
36223
36254
36267
36288
36296
36331
36352
36366
36390
36409
36413
36469
36470
36483
36502
36503
36511
36520
36525
36541
36587
36594
36632
36636
36642
36655
36658
36677
36702
36722
36751
36795
36805
36821
36856
36866
36870
36881
36881
36887
36889
36995
37019
37021
37027
37036
37040
37051
37054
37055
37140
37146
37211
37217
37234
37242
37254
37260
37283
37314
37344
37350
37374
37377
37404
37451
37465
37477
37481
37512
37528
37537
37542
37577
37588
37595
37597
37604
37610
37642
37663
37705
37722
37737
37742
37783
37809
37833
37849
37895
37899
37904
37928
37945
37946
37954
37960
38013
38018
38041
38048
38068
38083
38091
38114
38120
38131
38137
38181
38214
38216
38222
38286
38292
38302
38313
38336
38337
38361
38365
38403
38414
38469
38474
38499
38515
38545
38549
38563
38594
38613
38635
38641
38662
38665
38687
38736
38793
38812
38813
38817
38825
38828
38840
38846
38853
38872
38903
38912
38933
38933
38933
38936
38951
38988
38993
39039
39041
39045
39056
39072
39099
39100
39230
39311
39332
39339
39344
39364
39395
39409
39414
39446
39448
39452
39453
39459
39483
39494
39508
39527
39541
39545
39566
39567
39579
39632
39690
39727
39741
39782
39785
39797
39835
39849
39873
39878
39918
39943
40001
40014
40015
40022
40024
40037
40100
40127
40144
40165
40171
40174
40215
40220
40225
40234
40239
40265
40278
40289
40296
40394
40395
40422
40427
40428
40495
40537
40566
40574
40611
40618
40619
40637
40673
40674
40684
40717
40727
40729
40773
40781
40802
40822
40835
40859
40877
40886
40904
40904
40940
40941
40944
40970
40972
41002
41009
41014
41022
41048
41074
41086
41111
41125
41135
41163
41202
41218
41220
41246
41250
41268
41297
41358
41360
41369
41400
41426
41447
41530
41559
41562
41593
41621
41632
41645
41646
41666
41687
41693
41708
41754
41778
41867
41903
41927
41940
41951
41975
42014
42017
42018
42026
42026
42030
42032
42069
42079
42092
42131
42134
42192
42200
42206
42213
42239
42247
42260
42273
42309
42315
42316
42326
42348
42377
42399
42412
42437
42448
42530
42542
42563
42564
42582
42582
42583
42594
42598
42701
42733
42735
42748
42765
42798
42817
42826
42851
42854
42871
42877
42891
42898
42900
42934
42942
43000
43020
43033
43040
43072
43098
43109
43119
43121
43123
43127
43254
43280
43297
43298
43323
43328
43352
43372
43376
43400
43415
43451
43462
43544
43553
43563
43586
43624
43625
43647
43692
43715
43740
43756
43781
43816
43842
43879
43904
43904
43963
43988
44019
44023
44051
44147
44161
44201
44222
44258
44263
44270
44274
44323
44391
44427
44453
44501
44525
44556
44557
44570
44578
44589
44599
44614
44623
44641
44646
44647
44667
44691
44700
44716
44745
44758
44764
44803
44805
44813
44820
44830
44875
44885
44904
44907
44908
44917
44926
44941
44973
44993
45026
45039
45062
45066
45067
45072
45077
45079
45097
45150
45193
45203
45244
45262
45300
45343
45345
45347
45363
45367
45379
45381
45445
45450
45464
45464
45529
45538
45540
45543
45546
45552
45605
45606
45618
45628
45652
45664
45667
45681
45721
45728
45755
45791
45806
45817
45826
45832
45849
45874
45884
45930
45931
45970
45979
45984
46003
46016
46024
46030
46034
46060
46064
46094
46110
46112
46118
46204
46214
46223
46265
46267
46311
46346
46366
46371
46381
46417
46464
46476
46477
46480
46502
46507
46531
46537
46584
46605
46621
46623
46690
46695
46712
46727
46770
46774
46811
46815
46833
46848
46854
46885
46893
46893
46902
46911
46935
46938
46955
46959
46977
46987
47044
47045
47050
47060
47068
47099
47106
47154
47187
47188
47192
47246
47264
47280
47298
47313
47322
47325
47333
47337
47424
47428
47429
47523
47527
47563
47565
47566
47581
47588
47588
47602
47607
47621
47624
47648
47653
47743
47757
47833
47839
47847
47884
47884
47888
47897
47915
47933
47936
47964
47977
47984
47996
48007
48012
48027
48034
48036
48038
48038
48039
48070
48103
48113
48131
48149
48156
48157
48164
48177
48186
48202
48208
48219
48232
48244
48260
48261
48272
48294
48316
48323
48330
48343
48367
48405
48472
48495
48502
48533
48539
48551
48567
48574
48609
48628
48685
48700
48707
48708
48718
48737
48746
48765
48766
48807
48827
48888
48909
48913
48943
48944
48958
48960
48971
48986
49015
49024
49049
49056
49067
49090
49109
49112
49137
49171
49175
49191
49205
49212
49225
49231
49258
49300
49303
49321
49347
49380
49408
49429
49487
49492
49501
49506
49506
49512
49522
49529
49545
49564
49605
49611
49623
49631
49652
49663
49702
49724
49728
49730
49732
49732
49741
49762
49782
49817
49841
49912
49980
49986
50024
50054
50087
50104
50112
50134
50141
50142
50146
50172
50178
50181
50184
50200
50205
50222
50230
50233
50252
50256
50269
50296
50324
50328
50331
50333
50333
50360
50362
50384
50419
50421
50429
50470
50471
50482
50499
50500
50528
50549
50561
50564
50676
50698
50708
50712
50728
50732
50748
50765
50776
50810
50836
50843
50873
50877
50895
50902
50913
50950
50954
50971
50971
50981
50995
51004
51010
51038
51071
51132
51133
51141
51151
51154
51179
51237
51257
51280
51285
51293
51302
51318
51319
51349
51369
51385
51426
51453
51454
51463
51527
51574
51577
51597
51615
51617
51635
51646
51658
51661
51673
51694
51717
51746
51750
51771
51772
51787
51800
51802
51876
51878
51899
51905
51945
51952
51963
51978
51993
52053
52064
52081
52084
52089
52112
52113
52143
52176
52189
52221
52225
52231
52236
52261
52264
52308
52365
52389
52403
52404
52430
52443
52501
52521
52545
52547
52598
52602
52606
52632
52729
52746
52757
52790
52841
52873
52884
52930
52935
52942
52950
52967
52981
52996
52996
53007
53019
53023
53050
53073
53116
53117
53154
53161
53204
53217
53219
53257
53272
53279
53281
53281
53294
53306
53328
53334
53342
53355
53362
53366
53374
53423
53429
53470
53481
53485
53501
53528
53530
53543
53585
53587
53590
53633
53642
53648
53673
53680
53680
53681
53685
53698
53744
53755
53755
53769
53791
53793
53793
53796
53807
53831
53833
53837
53843
53877
53889
53900
53907
53936
53966
53999
54009
54051
54062
54063
54080
54091
54117
54118
54140
54148
54154
54163
54173
54184
54205
54251
54255
54267
54270
54347
54365
54375
54379
54406
54410
54412
54420
54446
54467
54468
54511
54520
54545
54566
54598
54656
54728
54757
54801
54803
54817
54844
54871
54905
54947
54987
54988
54992
54995
55011
55039
55069
55101
55139
55144
55149
55167
55168
55186
55197
55199
55206
55225
55235
55245
55277
55319
55328
55371
55389
55398
55412
55438
55502
55512
55518
55564
55582
55595
55603
55656
55665
55699
55708
55709
55712
55741
55763
55836
55836
55852
55855
55857
55864
55865
55903
55908
55941
55942
55944
55952
55966
55985
56007
56023
56040
56066
56092
56093
56094
56141
56171
56171
56192
56203
56278
56280
56309
56310
56313
56350
56376
56438
56443
56447
56457
56471
56480
56485
56518
56540
56547
56548
56557
56582
56587
56612
56624
56626
56632
56668
56692
56703
56749
56782
56796
56822
56842
56847
56867
56872
56896
56906
56926
56928
56930
56933
56954
56983
56991
57000
57010
57044
57052
57070
57080
57082
57121
57140
57182
57211
57221
57225
57231
57254
57280
57293
57309
57321
57323
57326
57368
57443
57456
57496
57546
57552
57556
57590
57609
57616
57625
57627
57653
57654
57655
57666
57695
57751
57764
57775
57800
57811
57886
57889
57901
57902
57910
57915
57936
57964
57971
58022
58024
58092
58132
58169
58209
58229
58241
58256
58344
58372
58404
58432
58459
58474
58498
58539
58549
58552
58569
58591
58592
58597
58607
58636
58655
58659
58659
58680
58703
58704
58706
58706
58754
58766
58773
58796
58815
58823
58828
58829
58869
58869
58889
58897
58913
58917
58929
58946
58949
58957
58974
58982
59029
59039
59040
59058
59085
59162
59180
59192
59193
59252
59253
59262
59291
59294
59296
59317
59323
59362
59368
59373
59379
59394
59401
59419
59421
59458
59515
59541
59546
59566
59646
59657
59664
59674
59675
59686
59700
59702
59734
59745
59760
59802
59813
59816
59822
59833
59850
59862
59870
59893
59957
59978
59992
60014
60028
60039
60060
60061
60065
60067
60137
60156
60162
60209
60212
60230
60233
60289
60303
60320
60322
60328
60335
60337
60348
60353
60414
60416
60419
60420
60436
60446
60484
60498
60502
60505
60536
60549
60552
60558
60565
60575
60576
60578
60579
60616
60633
60691
60706
60735
60762
60775
60794
60795
60880
60902
60929
60932
60945
60945
60950
60960
60977
61008
61022
61064
61088
61093
61118
61136
61169
61200
61200
61221
61249
61261
61261
61261
61263
61309
61321
61334
61345
61376
61423
61430
61438
61462
61469
61475
61483
61511
61553
61557
61594
61631
61637
61644
61668
61674
61686
61686
61714
61720
61722
61724
61739
61751
61753
61826
61852
61853
61873
61894
61898
61904
61909
61915
61924
61926
61936
61950
61969
61981
61995
62007
62050
62060
62083
62094
62097
62119
62122
62136
62147
62151
62213
62225
62230
62245
62250
62287
62320
62343
62354
62372
62377
62380
62412
62457
62532
62561
62605
62624
62680
62696
62722
62733
62736
62758
62765
62790
62795
62810
62822
62824
62828
62850
62853
62855
62869
62872
62883
62892
62903
62912
62938
62957
62977
62981
62993
63010
63011
63028
63062
63066
63072
63084
63096
63097
63116
63135
63153
63184
63199
63205
63210
63216
63242
63304
63311
63321
63326
63363
63409
63456
63461
63512
63513
63533
63561
63593
63595
63623
63654
63698
63703
63709
63720
63722
63796
63803
63814
63819
63877
63913
63916
63938
63975
63992
64022
64035
64039
64049
64050
64062
64075
64091
64094
64133
64138
64148
64167
64168
64185
64185
64185
64188
64217
64222
64246
64246
64325
64337
64340
64345
64373
64431
64496
64524
64535
64554
64556
64557
64613
64642
64643
64655
64659
64683
64697
64707
64711
64733
64745
64746
64778
64778
64779
64899
64900
64919
64920
64935
64941
64965
64975
65028
65038
65039
65040
65057
65063
65075
65082
65189
65310
65314
65331
65346
65366
65367
65369
65401
65410
65412
65489
65506
65508
65546
65576
65644
65648
65649
65665
65694
65735
65738
65744
65811
65817
65832
65840
65864
65879
65905
65933
65937
65952
65954
65978
66009
66018
66030
66038
66040
66045
66078
66092
66103
66112
66128
66142
66190
66192
66219
66225
66229
66242
66245
66252
66273
66306
66308
66354
66392
66408
66414
66488
66509
66535
66543
66568
66638
66642
66649
66690
66692
66700
66736
66765
66797
66798
66829
66873
66876
66884
66887
66900
66917
66962
66977
66999
67034
67040
67057
67077
67139
67143
67166
67167
67178
67200
67207
67211
67212
67226
67231
67242
67263
67303
67319
67335
67367
67435
67441
67448
67457
67468
67469
67496
67501
67504
67516
67516
67533
67546
67557
67561
67585
67623
67623
67626
67631
67638
67646
67653
67653
67674
67681
67716
67741
67746
67795
67807
67815
67817
67820
67822
67823
67830
67844
67850
67877
67906
67924
67966
67974
68008
68015
68018
68036
68046
68047
68088
68109
68114
68116
68141
68154
68169
68184
68197
68249
68270
68274
68300
68359
68369
68384
68389
68389
68401
68446
68461
68500
68525
68531
68532
68536
68546
68569
68605
68636
68638
68652
68668
68670
68701
68708
68743
68750
68811
68848
68885
68886
68891
68891
68899
68921
68988
69000
69015
69042
69046
69075
69097
69119
69125
69135
69153
69190
69204
69206
69217
69225
69266
69274
69309
69331
69339
69355
69386
69388
69394
69494
69534
69537
69547
69588
69589
69609
69626
69633
69639
69640
69648
69666
69706
69719
69719
69742
