12
41
76
115
121
139
198
200
239
245
255
376
382
383
402
450
509
510
512
519
522
540
546
570
577
583
661
684
758
762
855
889
893
913
929
954
978
983
1028
1047
1120
1123
1142
1160
1161
1193
1202
1232
1267
1280
1304
1364
1416
1461
1478
1501
1518
1518
1527
1527
1539
1548
1563
1576
1596
1597
1613
1646
1658
1680
1686
1707
1716
1762
1828
1846
1885
1913
1983
2027
2035
2058
2093
2099
2131
2139
2157
2159
2161
2193
2218
2223
2232
2246
2264
2265
2266
2280
2308
2369
2392
2401
2412
2424
2428
2438
2446
2457
2523
2547
2619
2650
2669
2678
2684
2691
2724
2752
2753
2823
2835
2851
2855
2870
2911
2912
2947
2969
2989
3022
3023
3051
3099
3107
3153
3163
3193
3236
3333
3358
3361
3392
3425
3429
3438
3451
3470
3479
3498
3582
3588
3632
3635
3665
3712
3736
3763
3772
3797
3801
3804
3836
3843
3898
3910
3937
3968
4009
4009
4067
4095
4174
4181
4262
4265
4271
4306
4307
4356
4402
4410
4435
4437
4446
4513
4516
4522
4600
4624
4634
4650
4663
4687
4711
4717
4768
4810
4828
4866
4947
4948
4956
4966
5017
5072
5092
5110
5185
5193
5205
5233
5238
5244
5252
5299
5331
5398
5404
5404
5423
5442
5518
5548
5564
5565
5579
5588
5593
5593
5635
5687
5727
5733
5758
5778
5789
5804
5866
5871
5935
5993
6009
6029
6039
6049
6132
6133
6144
6178
6223
6250
6295
6307
6312
6348
6354
6400
6436
6494
6504
6516
6566
6578
6585
6642
6661
6680
6710
6712
6770
6789
6830
6852
6868
6935
6940
6958
6960
6988
6992
6993
7000
7014
7037
7042
7047
7080
7106
7114
7118
7118
7137
7147
7221
7261
7285
7295
7299
7327
7338
7339
7377
7379
7446
7451
7455
7467
7479
7489
7489
7499
7509
7510
7541
7581
7643
7644
7649
7657
7664
7686
7706
7706
7707
7761
7764
7777
7806
7867
7868
7874
7897
7915
7945
7957
7969
7982
7992
8006
8048
8070
8086
8126
8133
8146
8201
8216
8223
8229
8302
8303
8322
8350
8351
8383
8392
8400
8421
8446
8467
8473
8475
8486
8533
8558
8571
8578
8677
8683
8684
8686
8687
8695
8727
8768
8788
8794
8798
8808
8812
8853
8934
8971
8979
9025
9041
9086
9087
9150
9244
9244
9261
9384
9414
9450
9485
9517
9527
9535
9573
9611
9613
9654
9720
9721
9731
9824
9929
9943
10007
10019
10080
10097
10102
10109
10165
10189
10220
10222
10224
10235
10246
10274
10276
10334
10337
10350
10362
10372
10407
10438
10446
10458
10465
10487
10494
10506
10528
10535
10541
10592
10634
10645
10645
10685
10709
10713
10719
10731
10759
10794
10804
10807
10828
10829
10857
10861
10877
10904
10916
10946
10974
11017
11106
11109
11143
11189
11239
11246
11295
11311
11319
11350
11362
11409
11411
11529
11538
11539
11551
11577
11593
11645
11660
11681
11702
11704
11706
11730
11748
11748
11786
11796
11808
11837
11856
11918
12005
12027
12033
12062
12071
12093
12094
12094
12119
12137
12175
12184
12202
12203
12205
12219
12272
12298
12307
12324
12335
12349
12368
12371
12536
12564
12572
12576
12585
12590
12595
12604
12632
12638
12646
12675
12706
12714
12753
12768
12845
12875
12947
12972
13040
13063
13081
13093
13123
13136
13189
13191
13223
13285
13310
13352
13367
13387
13449
13479
13479
13509
13509
13510
13520
13530
13537
13589
13592
13596
13598
13619
13625
13631
13719
13732
13784
13791
13815
13844
13872
13878
13879
13915
13967
13976
14016
14026
14042
14102
14106
14110
14132
14135
14137
14167
14171
14183
14183
14186
14188
14189
14198
14252
14327
14357
14362
14367
14405
14453
14492
14493
14544
14549
14623
14634
14695
14702
14706
14710
14723
14737
14769
14816
14821
14880
14891
14896
14916
15029
15033
15039
15045
15108
15110
15123
15163
15184
15200
15212
15225
15238
15253
15306
15320
15321
15336
15344
15368
15379
15424
15433
15515
15547
15550
15584
15603
15645
15645
15669
15688
15705
15741
15860
15877
15919
15940
15946
15962
15979
16018
16034
16065
16082
16095
16109
16133
16233
16254
16258
16264
16286
16288
16289
16294
16299
16322
16330
16333
16351
16369
16460
16462
16480
16487
16494
16496
16507
16524
16532
16586
16598
16609
16614
16615
16630
16635
16674
16674
16675
16676
16687
16730
16733
16763
16811
16902
16908
16922
16989
16993
16993
17018
17027
17031
17042
17057
17072
17118
17120
17131
17142
17149
17168
17211
17222
17225
17228
17232
17238
17244
17248
17256
17270
17274
17277
17288
17332
17354
17365
17375
17389
17414
17449
17459
17521
17533
17546
17632
17645
17655
17749
17763
17775
17812
17826
17848
17884
18019
18025
18051
18052
18078
18083
18095
18136
18140
18188
18202
18208
18235
18269
18290
18317
18346
18383
18412
18446
18476
18506
18538
18630
18642
18680
18697
18726
18778
18791
18802
18803
18830
18850
18861
18862
18866
18866
18915
18919
19011
19017
19033
19047
19096
19100
19109
19110
19111
19155
19161
19184
19288
19293
19328
19369
19433
19492
19534
19541
19560
19710
19760
19788
19789
19799
19824
19839
19924
19964
20007
20008
20019
20165
20165
20166
20203
20205
20211
20241
20257
20268
20276
20285
20305
20332
20348
20349
20370
20424
20465
20517
20522
20527
20686
20707
20726
20739
20740
20751
20780
20804
20806
20875
20935
20938
20972
20995
21002
21007
21044
21082
21104
21109
21198
21254
21309
21309
21310
21408
21416
21442
21455
21476
21485
21499
21546
21557
21559
21571
21579
21580
21588
21629
21636
21638
21646
21706
21728
21776
21783
21811
21830
21839
21857
21873
21882
21888
21920
21920
21929
21961
21975
21989
22055
22059
22065
22068
22082
22088
22099
22109
22130
22133
22138
22288
22355
22360
22380
22382
22394
22404
22436
22460
22462
22468
22484
22504
22507
22514
22515
22534
22534
22602
22656
22660
22727
22783
22839
22850
22866
22936
22961
22963
23049
23106
23147
23176
23192
23214
23264
23282
23311
23317
23413
23428
23477
23501
23532
23563
23578
23584
23601
23663
23702
23742
23767
23772
23796
23827
23849
23859
23862
23869
23888
23913
23921
23923
23954
23956
23992
23994
24023
24056
24074
24084
24090
24150
24163
24166
24184
24210
24216
24254
24259
24300
24311
24331
24354
24363
24366
24370
24381
24382
24411
24444
24456
24516
24532
24537
24557
24568
24601
24631
24632
24739
24746
24749
24750
24764
24772
24772
24785
24804
24809
24859
24898
24930
24950
24955
24959
24991
25003
25006
25010
25037
25063
25077
25079
25099
25112
25114
25171
25174
25198
25203
25211
25240
25241
25295
25357
25372
25405
25419
25429
25437
25454
25462
25481
25482
25519
25520
25521
25544
25552
25555
25582
25586
25627
25645
25652
25655
25673
25680
25689
25758
25766
25809
25907
25959
25976
25999
26002
26010
26040
26043
26113
26129
26131
26140
26163
26181
26277
26283
26297
26307
26309
26332
26357
26359
26370
26374
26375
26426
26435
26437
26444
26589
26592
26648
26652
26673
26697
26774
26803
26835
26853
26882
26887
26892
26959
26966
26969
27009
27035
27043
27064
27118
27129
27209
27230
27240
27247
27259
27266
27276
27316
27350
27355
27383
27408
27460
27465
27502
27540
27545
27551
27618
27684
27698
27703
27711
27807
27844
27869
27945
27987
28008
28009
28012
28012
28021
28078
28092
28117
28127
28195
28197
28225
28310
28317
28319
28322
28346
28371
28399
28441
28466
28467
28485
28490
28515
28519
28621
28631
28644
28660
28666
28668
28674
28712
28744
28799
28900
28917
28919
28940
28958
29009
29028
29065
29072
29118
29119
29205
29300
29308
29309
29312
29329
29350
29375
29385
29469
29521
29591
29640
29673
29675
29713
29781
29802
29833
29836
29846
29862
29907
29920
29934
29937
29992
30006
30050
30079
30087
30091
30135
30139
30153
30175
30176
30179
30217
30240
30263
30286
30289
30300
30346
30389
30410
30421
30470
30490
30499
30505
30511
30523
30544
30622
30624
30634
30646
30679
30723
30768
30771
30772
30786
30824
30858
30898
30912
30943
30956
31053
31057
31107
31108
31180
31207
31213
31214
31266
31302
31311
31341
31360
31363
31378
31461
31462
31463
31470
31593
31638
31650
31663
31692
31728
31770
31781
31791
31799
31801
31842
31851
31867
31876
31886
31898
31919
31933
31989
31990
31999
32004
32006
32025
32028
32048
32125
32151
32163
32170
32197
32209
32260
32275
32300
32334
32355
32373
32415
32423
32434
32435
32459
32483
32492
32506
32533
32590
32606
32631
32641
32662
32676
32699
32702
32726
32752
32762
32765
32772
32777
32812
32818
32850
32862
32862
32886
32901
32917
32971
32974
32995
33013
33025
33027
33034
33035
33065
33081
33086
33146
33151
33173
33188
33196
33217
33246
33348
33361
33367
33398
33444
33472
33487
33488
33490
33504
33517
33536
33554
33562
33616
33635
33663
33678
33683
33685
33695
33699
33701
33708
33724
33728
33750
33808
33866
33882
33896
33916
33918
33966
33970
33996
34019
34052
34062
34069
34096
34111
34120
34151
34174
34186
34209
34233
34247
34257
34277
34341
34344
34372
34381
34391
34391
34422
34485
34498
34501
34508
34524
34559
34612
34624
34633
34637
34674
34711
34719
34797
34809
34823
34828
34888
34889
34903
34968
34972
34990
34992
35081
35100
35108
35134
35154
35183
35200
35201
35280
35299
35332
35341
35372
35383
35395
35444
35459
35480
35544
35547
35571
35589
35636
35639
35659
35671
35695
35780
35849
35858
35863
35907
35975
35989
36040
36049
36054
36055
36110
36112
36132
36222
36239
36253
36272
36283
36308
36357
36360
36375
36407
36425
36428
36471
36474
36475
36544
36544
36564
36568
36629
36654
36656
36682
36695
36699
36722
36732
36734
36755
36806
36830
36856
36858
36860
36883
36892
36893
36907
36911
36914
36942
36957
36966
36997
37012
37025
37033
37056
37071
37088
37099
37101
37143
37155
37177
37206
37226
37233
37276
37287
37294
37322
37328
37363
37363
37377
37400
37404
37414
37420
37488
37490
37511
37595
37638
37644
37646
37650
37655
37658
37664
37694
37706
37723
37776
37798
37849
37851
37866
37883
37885
37903
37960
37970
38012
38013
38044
38085
38085
38092
38094
38111
38125
38129
38138
38139
38196
38226
38249
38263
38271
38292
38295
38303
38332
38344
38377
38397
38441
38442
38453
38458
38473
38475
38521
38547
38572
38573
38578
38644
38656
38678
38699
38731
38754
38766
38783
38832
38853
38860
38889
38936
38993
39084
39087
39149
39157
39262
39264
39284
39285
39337
39365
39380
39391
39409
39427
39436
39455
39481
39537
39561
39611
39618
39624
39667
39741
39763
39773
39816
39818
39838
39849
39859
39891
39896
39928
39965
39997
40002
40044
40090
40091
40107
40140
40158
40228
40255
40272
40295
40318
40332
40352
40403
40403
40419
40446
40453
40456
40470
40532
40543
40557
40565
40584
40588
40639
40709
40709
40721
40742
40756
40762
40774
40788
40834
40879
40904
40941
40968
40975
40995
40995
41023
41050
41059
41069
41097
41135
41147
41162
41199
41227
41238
41263
41277
41304
41304
41307
41325
41329
41344
41353
41382
41489
41576
41576
41613
41635
41645
41649
41658
41660
41663
41697
41755
41759
41766
41766
41774
41776
41787
41835
41902
41946
41956
41974
41995
42006
42009
42145
42155
42169
42194
42201
42230
42246
42252
42258
42305
42315
42328
42328
42339
42354
42355
42359
42366
42374
42413
42488
42517
42521
42541
42549
42568
42592
42601
42606
42622
42628
42664
42704
42738
42744
42784
42790
42800
42900
42936
42940
42987
42990
43009
43016
43025
43029
43032
43055
43089
43148
43158
43163
43193
43209
43231
43270
43286
43300
43344
43345
43356
43361
43417
43513
43519
43525
43542
43542
43543
43545
43558
43572
43575
43585
43608
43647
43653
43777
43788
43794
43799
43820
43827
43846
43874
43881
43892
43961
43965
44011
44022
44049
44122
44123
44151
44163
44245
44252
44254
44262
44305
44315
44329
44347
44366
44371
44375
44385
44392
44421
44428
44458
44482
44515
44519
44522
44594
44607
44618
44629
44653
44670
44682
44744
44749
44773
44785
44813
44944
44956
44967
44989
45034
45036
45060
45175
45189
45201
45232
45240
45248
45249
45261
45344
45349
45405
45427
45434
45437
45444
45488
45519
45536
45608
45609
45653
45679
45706
45722
45725
45745
45749
45825
45846
45850
45961
45982
45988
46049
46083
46089
46103
46109
46111
46130
46142
46161
46167
46198
46220
46252
46271
46297
46308
46402
46436
46441
46443
46462
46502
46531
46556
46572
46600
46611
46646
46658
46662
46664
46679
46691
46703
46723
46728
46729
46747
46800
46875
46881
46933
46994
47012
47048
47079
47134
47147
47150
47166
47217
47242
47259
47263
47264
47304
47358
47376
47421
47468
47532
47533
47549
47574
47577
47591
47596
47628
47629
47649
47689
47701
47717
47736
47756
47766
47767
47782
47815
47857
47859
47878
47902
47948
47959
47971
47977
48027
48042
48067
48167
48185
48231
48242
48275
48281
48298
48310
48332
48350
48362
48393
48408
48423
48438
48444
48487
48519
48528
48580
48691
48704
48750
48752
48766
48770
48779
48782
48783
48801
48867
48877
48905
48907
48907
48934
48945
48947
48967
48968
48988
48990
49001
49116
49159
49194
49197
49199
49207
49228
49251
49269
49298
49329
49340
49342
49422
49452
49456
49485
49544
49550
49551
49556
49570
49584
49593
49626
49638
49661
49663
49674
49701
49702
49706
49738
49743
49777
49778
49807
49819
49922
49962
49966
49976
49977
49984
50033
50038
50041
50042
50099
50100
50116
50167
50219
50226
50253
50259
50291
50313
50357
50407
50430
50445
50462
50478
50508
50515
50522
50561
50561
50565
50574
50584
50616
50620
50628
50659
50722
50800
50870
50877
50920
50921
50923
50953
50971
50999
51038
51044
51056
51065
51086
51111
51117
51127
51132
51169
51195
51203
51234
51263
51298
51305
51417
51418
51418
51426
51449
51457
51501
51503
51515
51577
51584
51606
51622
51627
51720
51724
51733
51762
51768
51780
51853
51872
51874
51899
51906
51940
51951
51956
52015
52075
52121
52151
52228
52277
52285
52301
52316
52319
52371
52378
52403
52428
52461
52469
52476
52504
52520
52524
52549
52577
52579
52586
52595
52608
52613
52630
52659
52667
52698
52720
52750
52755
52770
52772
52805
52814
52837
52839
52855
52857
52866
52867
52874
52889
52891
52906
52931
52949
52978
52983
52994
53000
53088
53093
53102
53109
53135
53168
53175
53228
53281
53286
53297
53372
53472
53487
53505
53510
53511
53531
53551
53559
53568
53587
53635
53638
53660
53743
53747
53750
53773
53846
53855
53860
53863
53937
53941
53957
54013
54037
54053
54054
54061
54063
54072
54146
54151
54177
54181
54200
54203
54215
54215
54224
54251
54258
54294
54303
54498
54587
54626
54654
54665
54682
54684
54684
54699
54703
54800
54820
54849
54864
54892
54920
54935
54944
54944
54951
54954
54965
54996
55057
55066
55097
55102
55128
55213
55254
55272
55304
55320
55435
55443
55463
55470
55484
55487
55489
55537
55545
55546
55550
55560
55568
55599
55602
55610
55611
55620
55714
55717
55745
55754
55783
55820
55895
55942
55952
55979
55996
55996
56027
56044
56057
56074
56138
56144
56147
56158
56184
56193
56204
56236
56254
56271
56285
56321
56323
56336
56372
56381
56387
56459
56487
56494
56511
56525
56541
56590
56599
56601
56613
56644
56667
56716
56730
56733
56758
56777
56778
56786
56797
56811
56873
56898
56902
56923
56931
56953
56989
57001
57078
57105
57118
57141
57148
57244
57271
57283
57288
57352
57363
57366
57379
57441
57458
57466
57520
57521
57532
57544
57550
57553
57583
57588
57627
57650
57793
57802
57803
57863
57867
57877
57913
57932
57975
57978
57986
58002
58045
58065
58099
58109
58122
58127
58145
58146
58209
58211
58221
58231
58248
58256
58264
58265
58316
58373
58412
58426
58428
58439
58471
58492
58542
58585
58598
58667
58676
58756
58794
58809
58865
58933
58976
58991
59005
59075
59082
59096
59120
59132
59147
59155
59165
59189
59203
59209
59212
59213
59219
59226
59249
59287
59328
59335
59337
59353
59361
59380
59384
59403
59404
59411
59420
59430
59463
59526
59567
59585
59598
59612
59627
59669
59697
59715
59729
59814
59854
59877
59938
59994
60046
60070
60080
60084
60102
60104
60107
60107
60129
60136
60176
60220
60220
60226
60254
60290
60295
60310
60311
60367
60384
60423
60473
60491
60498
60592
60634
60696
60759
60780
60791
60797
60821
60826
60829
60879
60980
60987
61066
61089
61127
61168
61223
61236
61273
61281
61289
61337
61341
61356
61368
61375
61384
61391
61412
61446
61449
61456
61492
61531
61536
61630
61647
61657
61663
61677
61703
61711
61717
61726
61729
61729
61739
61743
61750
61763
61800
61805
61811
61818
61826
61858
61858
61866
61889
61920
61943
61979
61979
62013
62021
62036
62047
62061
62089
62117
62220
62223
62265
62279
62283
62307
62346
62355
62357
62360
62412
62414
62424
62467
62467
62474
62484
62510
62570
62571
62572
62581
62591
62601
62616
62622
62626
62680
62713
62715
62733
62757
62793
62825
62880
62890
62909
62945
62962
62996
63048
63168
63179
63191
63211
63222
63224
63227
63228
63242
63245
63319
63331
63334
63351
63355
63359
63396
63490
63496
63503
63534
63551
63592
63602
63609
63737
63747
63758
63818
63823
63828
63837
63849
63879
63887
63898
63925
63955
63978
63982
64032
64036
64089
64105
64155
64186
64189
64239
64241
64262
64270
64271
64280
64285
64300
64302
64304
64353
64372
64416
64460
64476
64491
64527
64544
64554
64598
64633
64644
64656
64678
64687
64698
64754
64784
64814
64863
64872
64875
64881
64897
64919
64967
64990
65010
65038
65040
65049
65065
65072
65097
65138
65140
65198
65225
65244
65263
65309
65313
65346
65364
65436
65458
65467
65475
65481
65527
65531
65531
65546
65558
65562
65577
65627
65644
65682
65692
65721
65744
65753
65757
65768
65803
65861
65868
65886
65913
65975
65988
65998
66026
66039
66041
66056
66089
66108
66110
66177
66234
66268
66303
66321
66324
66335
66394
66396
66423
66432
66449
66478
66494
66504
66579
66594
66616
66637
66640
66656
66683
66699
66703
66713
66735
66762
66777
66785
66798
66799
66800
66867
66889
66910
66918
66968
66983
67015
67058
67076
67105
67124
67198
67231
67260
67281
67316
67359
67378
67380
67392
67416
67425
67434
67462
67491
67496
67570
67577
67660
67665
67697
67699
67714
67770
67774
67787
67814
67823
67883
67999
68004
68010
68043
68047
68137
68172
68247
68250
68251
68277
68305
68306
68313
68354
68405
68435
68437
68470
68516
68598
68603
68668
68671
68686
68714
68720
68775
68776
68780
68804
68862
68869
68907
68910
68922
68930
68945
68947
68976
68984
68986
69043
69068
69127
69209
69229
69245
69248
69261
69270
69313
69315
69330
69336
69358
69393
69409
69414
69423
69486
69508
69525
69527
69531
69553
69562
69563
69593
69605
69619
69654
69657
69664
69683
69692
69714
69740
