8
22
42
50
52
56
74
76
86
89
92
102
105
114
118
118
119
133
140
143
144
149
171
176
181
192
214
222
233
243
264
266
276
277
287
288
297
299
300
307
313
328
330
332
338
340
343
349
365
370
382
386
387
389
389
390
397
398
416
418
428
428
433
434
448
456
464
466
484
491
493
501
507
508
517
524
528
543
543
556
557
560
563
564
572
585
595
597
600
600
606
608
614
661
672
692
697
703
705
713
725
728
734
735
744
747
747
754
757
766
774
794
795
810
812
819
820
836
845
863
867
869
875
885
892
892
895
895
903
905
916
917
919
919
928
941
942
944
957
962
967
988
999
1005
1006
1015
1020
1022
1023
1027
1028
1031
1054
1060
1070
1074
1080
1088
1088
1091
1093
1106
1110
1114
1120
1122
1152
1155
1164
1166
1166
1183
1185
1189
1208
1210
1213
1223
1244
1253
1260
1265
1284
1291
1303
1311
1314
1315
1334
1346
1366
1393
1399
1435
1435
1442
1447
1449
1475
1479
1504
1521
1532
1541
1548
1551
1553
1571
1573
1581
1582
1582
1590
1597
1599
1601
1619
1625
1641
1661
1663
1678
1689
1702
1713
1715
1726
1735
1741
1757
1763
1766
1769
1781
1805
1812
1814
1819
1825
1859
1871
1885
1886
1895
1902
1904
1919
1922
1924
1927
1960
1982
1993
1999
1999
2011
2014
2023
2028
2038
2054
2056
2060
2062
2073
2080
2087
2097
2103
2116
2120
2128
2132
2135
2144
2150
2157
2158
2159
2177
2183
2192
2205
2212
2239
2240
2247
2251
2253
2253
2254
2270
2278
2296
2304
2309
2329
2329
2370
2376
2379
2385
2387
2388
2390
2394
2397
2398
2403
2404
2413
2423
2431
2461
2472
2490
2505
2517
2526
2529
2537
2542
2546
2553
2565
2595
2596
2597
2598
2600
2601
2604
2604
2622
2657
2668
2680
2694
2695
2698
2698
2699
2707
2709
2728
2732
2777
2778
2778
2790
2830
2832
2837
2839
2840
2849
2858
2858
2864
2884
2896
2896
2919
2920
2927
2957
2960
2962
2964
2983
2989
2999
3004
3009
3017
3027
3030
3053
3057
3062
3063
3065
3082
3087
3090
3094
3105
3116
3131
3131
3134
3149
3151
3153
3160
3164
3165
3178
3188
3196
3205
3209
3222
3238
3240
3260
3279
3297
3299
3300
3304
3330
3332
3361
3364
3371
3380
3383
3388
3411
3419
3420
3422
3426
3435
3435
3435
3445
3464
3467
3478
3483
3503
3524
3525
3552
3556
3558
3568
3576
3576
3595
3639
3650
3661
3668
3688
3705
3711
3714
3721
3724
3735
3747
3754
3791
3800
3813
3819
3836
3838
3856
3859
3860
3864
3868
3873
3881
3890
3896
3898
3905
3911
3911
3913
3923
3927
3932
3943
3946
3950
3988
3994
4003
4008
4031
4031
4035
4042
4049
4053
4062
4066
4069
4073
4075
4083
4093
4102
4107
4110
4137
4143
4143
4149
4161
4168
4177
4179
4184
4190
4192
4194
4219
4230
4235
4265
4273
4279
4285
4294
4303
4317
4318
4331
4341
4349
4351
4382
4383
4388
4401
4401
4403
4408
4413
4419
4430
4439
4448
4461
4461
4477
4479
4485
4487
4488
4496
4504
4512
4534
4550
4553
4554
4555
4555
4561
4566
4614
4623
4627
4631
4636
4650
4650
4667
4678
4713
4726
4742
4751
4754
4761
4766
4779
4787
4804
4806
4816
4826
4836
4838
4842
4843
4845
4851
4856
4856
4858
4862
4877
4887
4890
4895
4908
4910
4915
4940
4949
4960
4978
4986
4987
4988
4988
5002
5008
5016
5026
5037
5043
5061
5068
5085
5089
5092
5112
5117
5144
5155
5155
5157
5163
5166
5181
5186
5187
5213
5217
5223
5223
5224
5238
5239
5247
5255
5285
5288
5305
5313
5319
5319
5339
5342
5345
5346
5350
5356
5361
5368
5378
5381
5383
5389
5391
5398
5404
5417
5440
5448
5454
5471
5478
5481
5481
5484
5498
5507
5510
5518
5545
5547
5551
5558
5575
5589
5592
5606
5619
5628
5633
5634
5653
5654
5654
5659
5660
5661
5669
5673
5682
5687
5693
5701
5703
5714
5717
5718
5730
5735
5739
5749
5759
5762
5769
5776
5789
5793
5793
5794
5817
5821
5824
5832
5836
5838
5843
5851
5865
5867
5867
5878
5889
5891
5892
5900
5910
5911
5915
5917
5918
5920
5924
5927
5927
5930
5940
5947
5960
5969
5988
6010
6010
6011
6026
6033
6046
6091
6092
6105
6111
6124
6124
6125
6125
6129
6140
6144
6145
6153
6154
6156
6158
6171
6183
6202
6219
6222
6233
6242
6244
6246
6247
6251
6253
6259
6264
6266
6291
6303
6313
6317
6323
6323
6329
6333
6346
6362
6364
6367
6375
6382
6383
6389
6412
6425
6446
6449
6452
6475
6480
6495
6509
6511
6513
6526
6530
6543
6543
6547
6567
6570
6574
6575
6582
6599
6602
6606
6611
6616
6631
6638
6642
6648
6652
6664
6678
6680
6689
6707
6712
6717
6722
6724
6726
6729
6763
6772
6809
6814
6816
6819
6828
6832
6848
6851
6864
6871
6892
6898
6901
6909
6913
6918
6919
6931
6937
6954
6968
6972
6981
6992
6999
6999
7002
7007
7008
7019
7039
7046
7051
7056
7063
7068
7073
7075
7077
7100
7101
7101
7107
7120
7120
7121
7126
7131
7133
7142
7153
7154
7179
7182
7192
7196
7198
7202
7219
7223
7223
7226
7236
7236
7263
7269
7271
7279
7279
7295
7306
7323
7324
7331
7332
7335
7341
7349
7367
7380
7392
7393
7408
7409
7417
7427
7437
7437
7439
7441
7443
7461
7480
7483
7498
7499
7500
7504
7512
7512
7522
7528
7530
7530
7536
7566
7604
7605
7606
7608
7611
7641
7641
7643
7648
7651
7658
7670
7683
7683
7686
7688
7691
7693
7715
7738
7755
7757
7761
7769
7776
7788
7791
7793
7802
7815
7819
7823
7843
7846
7856
7860
7873
7874
7880
7886
7889
7901
7906
7906
7908
7908
7911
7946
7948
7949
7961
7978
8012
8030
8047
8047
8055
8061
8065
8076
8081
8082
8086
8090
8091
8098
8124
8128
8135
8135
8141
8141
8161
8167
8172
8178
8185
8185
8188
8190
8198
8199
8204
8206
8220
8231
8233
8241
8262
8262
8277
8278
8279
8280
8282
8283
8284
8290
8292
8303
8356
8356
8358
8360
8362
8367
8372
8376
8385
8388
8403
8406
8419
8422
8423
8430
8436
8441
8442
8452
8454
8457
8459
8462
8463
8470
8484
8489
8499
8508
8509
8511
8526
8529
8552
8554
8560
8578
8589
8592
8604
8624
8637
8643
8652
8671
8673
8675
8679
8707
8718
8718
8730
8735
8742
8745
8754
8771
8773
8807
8808
8809
8812
8826
8829
8829
8837
8840
8841
8846
8856
8866
8886
8892
8899
8899
8911
8915
8916
8921
8923
8935
8936
8952
8963
8974
8983
8987
8993
8994
9013
9024
9034
9037
9042
9080
9098
9100
9131
9133
9137
9140
9150
9153
9157
9157
9161
9161
9164
9164
9169
9178
9181
9183
9184
9215
9219
9220
9225
9227
9230
9231
9237
9238
9244
9246
9251
9255
9271
9273
9277
9284
9301
9308
9329
9330
9338
9339
9345
9346
9387
9403
9412
9412
9413
9427
9432
9434
9467
9474
9476
9481
9503
9526
9538
9541
9544
9566
9568
9570
9574
9588
9590
9593
9598
9604
9616
9623
9625
9631
9633
9644
9645
9647
9658
9661
9675
9683
9684
9703
9707
9720
9728
9732
9756
9763
9763
9783
9785
9793
9794
9797
9802
9808
9810
9810
9814
9815
9817
9827
9832
9832
9835
9849
9861
9895
9895
9897
9898
9916
9923
9924
9928
9928
9940
9944
9945
9953
9962
9971
10009
10010
10011
10011
10033
10034
10036
10038
10055
10064
10071
10073
10086
10097
10098
10099
10110
10116
10117
10120
10122
10129
10143
10144
10150
10153
10154
10158
10167
10167
10167
10171
10181
10187
10192
10246
10248
10268
10279
10282
10286
10302
10306
10312
10316
10319
10320
10325
10326
10338
10342
10342
10344
10353
10355
10366
10367
10372
10378
10385
10426
10467
10468
10473
10473
10474
10479
10482
10490
10491
10498
10502
10502
10506
10523
10531
10532
10539
10544
10547
10556
10566
10569
10577
10589
10590
10599
10621
10650
10652
10665
10685
10692
10702
10720
10722
10727
10729
10733
10737
10748
10780
10782
10786
10788
10792
10792
10792
10794
10798
10808
10814
10815
10818
10834
10842
10847
10872
10875
10877
10877
10881
10922
10929
10930
10940
10945
10951
10951
10952
10961
10973
10973
10978
10983
10987
10994
11005
11007
11022
11035
11045
11045
11056
11071
11103
11104
11110
11113
11122
11124
11134
11138
11192
11193
11193
11199
11201
11204
11220
11223
11225
11226
11245
11252
11257
11262
11293
11299
11302
11308
11313
11347
11355
11356
11356
11357
11366
11380
11384
11388
11392
11398
11404
11408
11415
11426
11431
11432
11449
11456
11464
11473
11504
11506
11529
11537
11548
11549
11550
11566
11573
11589
11592
11593
11594
11596
11596
11635
11635
11645
11646
11684
11687
11703
11713
11727
11745
11749
11751
11753
11754
11766
11769
11770
11774
11777
11796
11797
11807
11837
11841
11843
11843
11844
11848
11849
11862
11878
11882
11888
11908
11933
11935
11944
11947
11953
11957
11974
11981
11989
11989
11991
12006
12009
12013
12015
12016
12017
12018
12019
12024
12050
12057
12065
12069
12072
12074
12078
12081
12083
12086
12105
12105
12108
12110
12116
12116
12125
12133
12138
12152
12171
12173
12174
12176
12184
12187
12189
12213
12218
12226
12241
12246
12250
12252
12303
12303
12304
12304
12327
12337
12338
12339
12341
12356
12364
12367
12367
12384
12387
12390
12392
12397
12398
12400
12404
12418
12419
12425
12430
12455
12463
12465
12486
12498
12502
12510
12514
12532
12540
12554
12560
12585
12597
12624
12627
12641
12645
12647
12671
12678
12678
12679
12680
12683
12683
12692
12703
12705
12718
12757
12770
12778
12780
12789
12814
12822
12831
12831
12832
12845
12851
12856
12867
12869
12871
12886
12897
12923
12933
12943
12943
12954
12968
12978
12983
12985
12988
12991
12992
12995
13006
13016
13020
13022
13028
13030
13036
13064
13067
13072
13076
13084
13086
13089
13103
13104
13122
13133
13155
13161
13165
13166
13185
13189
13192
13194
13195
13202
13213
13220
13227
13245
13249
13262
13272
13285
13299
13303
13304
13316
13335
13348
13358
13385
13385
13386
13388
13390
13391
13395
13404
13404
13406
13417
13419
13425
13441
13444
13444
13456
13491
13491
13519
13521
13534
13550
13552
13555
13569
13588
13613
13616
13623
13623
13630
13633
13636
13643
13644
13652
13657
13665
13667
13673
13681
13696
13698
13698
13702
13704
13704
13707
13709
13715
13735
13740
13742
13743
13757
13775
13804
13814
13819
13820
13822
13846
13849
13850
13861
13873
13874
13885
13885
13887
13891
13893
13896
13928
13930
13935
13938
13946
13947
13948
13973
13980
13988
13988
13995
14007
14010
14014
14016
14024
14025
14035
14037
14051
14053
14053
14059
14063
14073
14073
14085
14091
14096
14110
14126
14131
14133
14140
14147
14149
14154
14167
14173
14177
14183
14186
14202
14215
14229
14240
14243
14259
14260
14270
14272
14275
14285
14286
14291
14298
14308
14309
14328
14340
14361
14362
14363
14370
14393
14400
14403
14428
14436
14441
14444
14452
14458
14459
14471
14491
14501
14504
14504
14508
14508
14520
14525
14534
14536
14536
14546
14590
14618
14626
14637
14647
14659
14677
14678
14688
14692
14692
14714
14745
14769
14786
14802
14807
14831
14842
14846
14858
14862
14864
14907
14914
14923
14929
14930
14943
14968
14977
14991
15000
15012
15013
15022
15024
15028
15036
15038
15041
15042
15042
15043
15045
15054
15055
15056
15060
15065
15084
15090
15092
15098
15100
15112
15113
15132
15157
15166
15168
15171
15184
15203
15224
15224
15231
15260
15265
15266
15284
15300
15300
15303
15305
15308
15329
15343
15344
15345
15359
15385
15393
15397
15404
15410
15421
15421
15426
15427
15434
15449
15463
15483
15486
15500
15503
15510
15510
15514
15515
15531
15547
15565
15571
15572
15593
15602
15625
15636
15637
15642
15646
15649
15656
15659
15659
15661
15663
15684
15690
15691
15699
15701
15718
15723
15744
15744
15750
15753
15756
15758
15762
15789
15792
15792
15797
15804
15808
15811
15816
15820
15862
15869
15886
15889
15899
15902
15904
15909
15916
15917
15928
15934
15947
15948
15949
15952
15953
15963
15970
15973
15981
15992
16002
16022
16039
16041
16051
16062
16077
16088
16089
16089
16096
16097
16106
16108
16111
16112
16126
16128
16129
16133
16134
16137
16148
16148
16149
16154
16164
16171
16179
16188
16193
16209
16209
16228
16244
16248
16257
16265
16279
16293
16297
16297
16301
16311
16313
16320
16326
16328
16344
16345
16363
16383
16396
16399
16403
16404
16411
16418
16420
16429
16429
16452
16453
16470
16487
16505
16510
16511
16527
16531
16550
16554
16556
16556
16559
16563
16568
16590
16592
16606
16607
16611
16621
16626
16655
16670
16680
16703
16704
16707
16784
16791
16807
16822
16825
16845
16854
16858
16858
16860
16877
16880
16882
16894
16895
16908
16923
16931
16935
16941
16943
16946
16976
16976
16977
16983
17004
17008
17012
17025
17026
17064
17074
17077
17078
17097
17116
17139
17181
17182
17192
17203
17206
17207
17216
17248
17263
17276
17277
17277
17278
17283
17285
17294
17295
17295
17310
17321
17324
17336
17349
17350
17374
17387
17391
17398
17399
17404
17413
17416
17418
17422
17432
17441
17457
17463
17481
17496
17516
17539
17556
17558
17580
17592
17594
17597
17612
17614
17615
17622
17625
17626
17646
17657
17661
17664
17665
17670
17675
17677
17686
17688
17690
17694
17714
17728
17732
17735
17741
17743
17750
17762
17768
17773
17783
17798
17801
17804
17814
17833
17846
17852
17868
17871
17872
17882
17887
17889
17890
17908
17918
17925
17929
17934
17936
17936
17937
17940
17949
17954
17965
17966
17968
17968
17972
17973
18073
18074
18078
18081
18090
18101
18102
18108
18109
18115
18136
18136
18144
18149
18150
18172
18187
18195
18197
18206
18210
18226
18247
18258
18259
18259
18272
18279
18284
18290
18301
18306
18316
18316
18328
18328
18334
18344
18351
18360
18369
18371
18376
18379
18413
18415
18423
18424
18447
18458
18472
18489
18490
18490
18500
18504
18516
18523
18525
18535
18536
18550
18555
18565
18580
18594
18612
18614
18621
18624
18638
18644
18646
18647
18648
18649
18676
18677
18693
18701
18702
18705
18705
18713
18724
18728
18737
18737
18754
18757
18769
18769
18781
18791
18792
18800
18804
18818
18830
18838
18846
18853
18864
18865
18865
18866
18867
18868
18904
18912
18916
18916
18929
18932
18935
18937
18940
18943
18943
18953
18983
18987
18996
18999
19000
19013
19017
19026
19051
19053
19057
19059
19062
19062
19063
19089
19098
19116
19119
19123
19127
19142
19145
19150
19151
19156
19157
19171
19179
19194
19196
19217
19230
19234
19262
19266
19270
19279
19288
19305
19324
19336
19361
19362
19362
19364
19368
19376
19387
19390
19391
19395
19400
19424
19434
19436
19436
19437
19449
19452
19456
19456
19460
19466
19471
19472
19502
19510
19518
19526
19529
19542
19560
19561
19562
19596
19602
19606
19608
19617
19632
19643
19644
19653
19654
19659
19662
19696
19706
19712
19727
19731
19736
19745
19745
19750
19758
19764
19765
19772
19781
19786
19786
19790
19793
19800
19819
19820
19846
19847
19857
19860
19871
19881
19882
19890
19907
19910
19911
19915
19916
19921
19931
19949
19950
19952
19956
19960
19970
19983
19987
19992
19992
19992
20004
20011
20012
20017
20019
20035
20040
20043
20046
20056
20056
20057
20060
20061
20064
20071
20078
20086
20090
20102
20104
20127
20128
20130
20135
20136
20147
20166
20168
20184
20187
20191
20198
20199
20221
20228
20232
20243
20250
20263
20273
20282
20285
20291
20320
20329
20333
20361
20370
20390
20397
20405
20408
20412
20414
20414
20428
20449
20451
20454
20459
20473
20475
20479
20479
20480
20486
20486
20491
20504
20517
20520
20525
20525
20536
20562
20563
20564
20565
20568
20569
20570
20601
20604
20647
20650
20663
20672
20672
20677
20679
20680
20686
20693
20700
20701
20720
20722
20729
20731
20734
20753
20753
20766
20773
20777
20781
20788
20791
20804
20810
20826
20840
20858
20860
20864
20864
20865
20866
20872
20875
20888
20897
20903
20908
20909
20914
20916
20917
20922
20924
20931
20948
20953
20953
20955
20956
20966
20986
21000
21019
21033
21039
21048
21076
21109
21110
21112
21118
21130
21136
21139
21141
21142
21142
21142
21144
21145
21156
21160
21163
21190
21205
21225
21234
21237
21242
21254
21265
21278
21292
21292
21306
21307
21315
21323
21331
21333
21342
21343
21351
21362
21363
21374
21376
21381
21382
21392
21392
21394
21399
21406
21407
21422
21437
21440
21467
21475
21486
21503
21531
21538
21542
21548
21559
21577
21583
21598
21603
21616
21617
21620
21623
21640
21641
21651
21654
21655
21672
21694
21701
21715
21720
21729
21729
21748
21751
21755
21756
21756
21766
21775
21786
21789
21789
21792
21810
21820
21843
21844
21858
21867
21871
21872
21875
21883
21887
21912
21912
21919
21937
21938
21940
21963
21967
21976
21978
21993
22001
22002
22008
22011
22021
22029
22030
22038
22043
22058
22061
22062
22068
22072
22079
22091
22107
22126
22128
22134
22140
22154
22163
22186
22188
22188
22192
22195
22202
22225
22230
22237
22262
22265
22284
22290
22306
22307
22330
22341
22343
22345
22383
22388
22391
22398
22417
22423
22445
22446
22448
22449
22457
22472
22479
22488
22503
22505
22511
22536
22546
22549
22571
22572
22578
22583
22599
22612
22620
22644
22648
22671
22671
22688
22690
22705
22724
22737
22765
22772
22786
22789
22817
22828
22828
22832
22832
22836
22858
22858
22874
22888
22894
22900
22924
22937
22938
22939
22955
22956
22965
22965
22972
22972
22972
22981
22984
22998
23008
23019
23020
23025
23025
23043
23068
23075
23082
23084
23085
23096
23097
23098
23099
23101
23103
23104
23105
23111
23113
23115
23120
23128
23133
23137
23148
23152
23159
23176
23188
23188
23196
23200
23203
23206
23213
23219
23223
23228
23232
23238
23247
23247
23247
23249
23258
23259
23282
23284
23293
23298
23311
23313
23352
23357
23358
23368
23369
23378
23385
23396
23409
23411
23417
23448
23449
23477
23516
23519
23523
23533
23566
23588
23593
23602
23603
23611
23612
23619
23624
23632
23672
23675
23681
23688
23695
23696
23701
23704
23726
23727
23727
23744
23753
23754
23761
23763
23772
23778
23779
23788
23791
23793
23799
23803
23803
23807
23809
23831
23834
23834
23841
23841
23859
23860
23878
23883
23884
23888
23896
23897
23914
23916
23920
23935
23938
23940
23955
23961
23971
23982
23982
23983
23984
23987
24033
24034
24043
24056
24057
24071
24073
24081
24118
24119
24139
24142
24149
24194
24197
24208
24211
24212
24221
24237
24241
24259
24274
24293
24295
24297
24299
24301
24309
24321
24335
24359
24360
24362
24363
24367
24377
24383
24388
24393
24402
24402
24409
24418
24420
24425
24430
24430
24430
24452
24459
24464
24469
24475
24476
24476
24477
24478
24511
24528
24538
24539
24553
24556
24571
24577
24582
24586
24602
24608
24609
24612
24613
24614
24628
24630
24632
24633
24651
24659
24686
24692
24698
24706
24706
24717
24723
24736
24751
24756
24756
24769
24780
24782
24791
24797
24811
24811
24817
24829
24840
24860
24866
24883
24889
24896
24910
24911
24934
24938
24939
24948
24953
24959
24961
24970
24971
24973
24980
24981
24985
25003
25023
25050
25060
25063
25067
25072
25075
25078
25091
25099
25104
25105
25116
25127
25140
25141
25142
25149
25162
25166
25168
25177
25184
25185
25189
25192
25195
25196
25202
25203
25210
25212
25222
25237
25240
25274
25276
25277
25280
25281
25304
25314
25320
25339
25340
25347
25364
25364
25370
25379
25383
25384
25393
25398
25412
25423
25432
25451
25455
25466
25475
25475
25484
25494
25506
25507
25518
25522
25530
25541
25549
25562
25565
25574
25589
25601
25640
25643
25652
25664
25665
25668
25686
25691
25695
25708
25713
25719
25720
25747
25747
25751
25754
25769
25779
25780
25790
25795
25804
25812
25825
25826
25837
25847
25849
25852
25853
25855
25863
25865
25869
25884
25887
25891
25893
25894
25896
25899
25912
25915
25915
25924
25925
25939
25942
25960
25966
25972
25982
25983
25987
25988
25994
26002
26003
26014
26020
26024
26027
26044
26045
26062
26077
26092
26117
26124
26125
26127
26127
26135
26155
26155
26166
26166
26169
26194
26197
26204
26207
26213
26213
26219
26224
26228
26237
26244
26249
26255
26256
26282
26307
26311
26312
26312
26313
26317
26332
26339
26339
26340
26353
26362
26362
26375
26375
26405
26407
26417
26423
26427
26468
26473
26477
26477
26479
26483
26504
26517
26520
26537
26564
26570
26586
26588
26601
26602
26629
26642
26652
26657
26664
26667
26672
26675
26689
26690
26699
26726
26732
26751
26757
26759
26767
26770
26788
26803
26804
26806
26834
26854
26867
26871
26876
26877
26881
26882
26898
26902
26910
26942
26964
26968
26969
26977
26982
26990
27005
27008
27011
27027
27031
27046
27047
27052
27059
27069
27070
27081
27081
27083
27090
27097
27127
27201
27203
27223
27225
27232
27234
27251
27254
27259
27264
27272
27273
27279
27281
27290
27294
27306
27319
27329
27331
27339
27371
27384
27391
27393
27420
27425
27426
27436
27438
27440
27447
27450
27451
27468
27470
27473
27476
27478
27478
27481
27481
27502
27502
27514
27519
27520
27522
27531
27537
27539
27542
27551
27559
27563
27563
27567
27585
27604
27612
27613
27622
27630
27639
27645
27668
27683
27684
27693
27697
27700
27709
27728
27729
27731
27741
27751
27753
27753
27754
27791
27796
27801
27810
27835
27837
27840
27848
27857
27864
27871
27886
27887
27898
27912
27913
27918
27947
27962
27975
27976
27984
27986
28000
28014
28016
28019
28023
28023
28043
28064
28065
28072
28089
28089
28099
28100
28105
28112
28114
28122
28133
28137
28145
28153
28164
28169
28169
28170
28173
28175
28175
28191
28205
28227
28230
28234
28241
28246
28256
28284
28286
28288
28291
28306
28307
28316
28322
28324
28335
28337
28346
28376
28383
28384
28390
28397
28400
28408
28418
28420
28447
28481
28504
28523
28530
28546
28548
28564
28570
28572
28592
28601
28603
28611
28612
28613
28641
28655
28658
28663
28665
28667
28671
28671
28682
28688
28691
28692
28703
28704
28725
28729
28747
28750
28756
28761
28767
28772
28773
28779
28780
28787
28802
28805
28817
28819
28823
28826
28860
28860
28862
28876
28893
28901
28908
28944
28969
28998
29001
29008
29035
29044
29058
29071
29077
29083
29084
29090
29094
29096
29128
29133
29142
29158
29173
29174
29176
29179
29209
29212
29227
29247
29250
29257
29265
29269
29278
29281
29301
29303
29317
29343
29347
29349
29362
29371
29380
29384
29391
29392
29397
29400
29401
29416
29426
29426
29446
29457
29459
29460
29461
29467
29471
29472
29480
29502
29512
29513
29515
29522
29545
29562
29563
29565
29566
29586
29609
29610
29618
29620
29626
29626
29635
29637
29643
29666
29697
29702
29705
29711
29711
29712
29713
29722
29723
29725
29727
29732
29737
29737
29739
29752
29789
29792
29793
29809
29811
29812
29814
29820
29834
29845
29864
29865
29866
29875
29882
29887
29894
29899
29911
29914
29921
29927
29929
29940
29950
29950
29959
29960
29967
29994
30005
30016
30035
30043
30044
30048
30059
30060
30062
30070
30074
30085
30094
30112
30120
30128
30129
30130
30140
30141
30147
30149
30156
30157
30170
30191
30193
30203
30207
30215
30223
30227
30248
30254
30259
30282
30287
30295
30298
30318
30325
30340
30344
30350
30352
30365
30369
30373
30374
30375
30393
30394
30394
30396
30402
30402
30413
30421
30421
30421
30426
30428
30432
30434
30441
30459
30461
30464
30484
30504
30525
30546
30559
30564
30565
30572
30581
30582
30584
30589
30599
30604
30620
30642
30644
30662
30670
30686
30693
30708
30712
30721
30723
30733
30750
30751
30753
30758
30760
30775
30777
30782
30797
30798
30822
30838
30842
30848
30876
30879
30880
30881
30897
30906
30914
30922
30930
30937
30949
30949
30954
30962
30974
30979
30986
30986
31010
31013
31016
31032
31047
31053
31080
31082
31083
31089
31089
31099
31104
31121
31123
31129
31134
31140
31145
31145
31147
31151
31153
31157
31161
31162
31176
31180
31181
31187
31187
31222
31224
31225
31233
31238
31257
31258
31266
31302
31328
31332
31337
31343
31343
31343
31364
31369
31371
31382
31396
31412
31412
31418
31434
31443
31447
31464
31482
31484
31498
31499
31502
31505
31521
31526
31535
31559
31563
31570
31576
31583
31628
31638
31641
31641
31655
31659
31666
31671
31685
31688
31688
31692
31710
31711
31736
31737
31743
31744
31753
31758
31760
31771
31779
31791
31801
31804
31828
31830
31841
31848
31862
31868
31881
31885
31887
31891
31891
31894
31895
31897
31899
31899
31924
31924
31976
31977
31978
31988
31994
31995
32021
32022
32028
32029
32039
32043
32056
32080
32092
32096
32109
32111
32117
32121
32124
32131
32144
32161
32164
32168
32172
32177
32205
32207
32211
32212
32224
32230
32230
32237
32242
32253
32261
32277
32280
32282
32287
32290
32294
32313
32313
32314
32315
32325
32326
32326
32335
32343
32354
32362
32369
32379
32396
32410
32412
32413
32415
32437
32467
32476
32492
32501
32518
32523
32524
32540
32553
32573
32590
32593
32608
32613
32617
32629
32630
32634
32645
32646
32673
32681
32684
32693
32695
32703
32709
32715
32736
32760
32769
32773
32779
32785
32796
32813
32822
32828
32832
32834
32839
32853
32866
32878
32888
32936
32945
32947
32948
32958
32977
32982
32988
33003
33013
33019
33051
33058
33091
33094
33098
33098
33105
33116
33134
33135
33144
33145
33145
33158
33166
33188
33199
33200
33224
33228
33232
33264
33267
33297
33300
33300
33302
33309
33313
33313
33313
33316
33323
33326
33329
33340
33357
33359
33369
33399
33403
33422
33426
33452
33459
33460
33462
33463
33472
33475
33479
33488
33496
33498
33499
33522
33536
33537
33537
33542
33564
33573
33578
33585
33588
33596
33611
33622
33626
33631
33679
33681
33696
33707
33715
33722
33725
33726
33729
33731
33732
33736
33739
33742
33769
33778
33785
33830
33833
33839
33847
33849
33856
33861
33865
33873
33883
33887
33888
33891
33921
33934
33935
33960
33981
33991
34006
34028
34039
34044
34046
34056
34058
34061
34064
34067
34068
34074
34076
34092
34092
34099
34107
34111
34125
34131
34132
34138
34142
34157
34162
34164
34166
34175
34184
34184
34190
34200
34201
34210
34232
34251
34261
34264
34297
34297
34299
34302
34304
34306
34311
34337
34340
34343
34347
34348
34351
34355
34364
34368
34373
34376
34384
34386
34386
34388
34390
34392
34396
34407
34408
34414
34416
34426
34428
34439
34443
34448
34459
34461
34472
34492
34506
34532
34536
34550
34551
34577
34579
34580
34581
34583
34593
34593
34596
34596
34602
34636
34637
34646
34659
34673
34686
34686
34687
34689
34714
34733
34743
34745
34775
34799
34805
34815
34815
34818
34842
34849
34859
34864
34877
34907
34908
34909
34915
34924
34931
34942
34956
34967
34972
34987
34990
34993
34995
35001
35031
35032
35035
35042
35046
35060
35070
35095
35099
35100
35101
35110
35110
35116
35121
35123
35129
35132
35138
35149
35156
35161
35175
35181
35195
35196
35202
35205
35228
35244
35266
35283
35289
35302
35317
35319
35323
35333
35333
35335
35346
35358
35364
35366
35375
35377
35381
35390
35396
35419
35421
35431
35434
35434
35438
35462
35465
35481
35488
35499
35502
35505
35514
35518
35535
35544
35548
35550
35560
35582
35593
35594
35599
35621
35625
35646
35648
35665
35669
35675
35685
35688
35695
35711
35746
35746
35746
35765
35784
35786
35786
35789
35792
35799
35814
35818
35824
35846
35853
35854
35855
35857
35875
35880
35885
35898
35914
35915
35942
35993
35994
35999
36002
36004
36010
36014
36022
36039
36056
36056
36061
36063
36064
36081
36086
36091
36114
36118
36139
36144
36147
36153
36164
36170
36175
36179
36187
36204
36205
36207
36210
36230
36231
36241
36244
36245
36246
36251
36265
36286
36297
36310
36310
36322
36341
36355
36357
36371
36375
36377
36378
36390
36398
36400
36407
36408
36414
36414
36417
36436
36448
36450
36461
36463
36469
36476
36483
36498
36507
36515
36516
36539
36557
36560
36569
36576
36604
36605
36621
36622
36659
36660
36661
36672
36684
36691
36706
36723
36727
36736
36741
36744
36747
36749
36783
36801
36803
36807
36824
36830
36844
36851
36854
36892
36893
36895
36901
36901
36901
36905
36916
36940
36947
36948
36959
36981
36984
36991
36998
36999
37003
37005
37013
37024
37031
37033
37044
37047
37053
37063
37067
37081
37083
37103
37105
37130
37137
37139
37149
37150
37162
37166
37173
37180
37193
37214
37228
37241
37244
37248
37257
37263
37264
37277
37292
37292
37296
37306
37308
37342
37348
37356
37358
37381
37393
37403
37418
37422
37423
37443
37443
37455
37463
37464
37480
37487
37487
37495
37505
37507
37508
37516
37523
37527
37529
37534
37541
37541
37543
37546
37559
37564
37564
37575
37577
37584
37617
37624
37629
37643
37648
37652
37660
37673
37681
37688
37693
37720
37733
37737
37746
37748
37749
37765
37777
37783
37792
37799
37805
37807
37823
37844
37867
37870
37875
37880
37896
37908
37910
37911
37917
37927
37930
37950
37955
37960
37964
37966
37976
37988
37996
38001
38014
38017
38028
38039
38053
38054
38054
38058
38107
38108
38112
38115
38136
38150
38175
38188
38242
38243
38251
38281
38285
38285
38300
38311
38317
38331
38331
38350
38359
38361
38372
38389
38424
38426
38436
38452
38460
38464
38467
38469
38495
38499
38509
38521
38521
38558
38565
38572
38572
38574
38583
38583
38593
38595
38609
38612
38616
38618
38627
38638
38646
38658
38677
38681
38682
38685
38710
38711
38712
38717
38724
38730
38750
38761
38767
38772
38773
38774
38781
38788
38816
38821
38839
38857
38861
38866
38869
38875
38884
38886
38894
38906
38910
38920
38921
38924
38927
38947
38965
38972
38984
38999
39002
39005
39008
39013
39014
39016
39023
39029
39035
39035
39043
39075
39077
39077
39080
39082
39089
39089
39095
39105
39109
39111
39112
39120
39129
39177
39196
39199
39207
39214
39219
39224
39228
39239
39248
39249
39288
39292
39300
39302
39336
39352
39357
39357
39363
39373
39376
39377
39380
39398
39408
39409
39410
39412
39415
39418
39448
39455
39466
39467
39469
39493
39497
39503
39523
39526
39526
39527
39538
39539
39548
39573
39573
39576
39605
39609
39628
39643
39652
39680
39688
39688
39692
39703
39704
39705
39710
39723
39725
39726
39738
39779
39783
39784
39810
39815
39821
39825
39835
39840
39840
39846
39862
39865
39877
39884
39888
39888
39896
39902
39913
39922
39925
39928
39933
39941
39944
39954
39954
39955
39971
39976
39979
39989
39992
40018
40039
40048
40058
40059
40066
40074
40080
40081
40082
40104
40118
40126
40129
40132
40133
40137
40155
40162
40170
40178
40186
40189
40205
40219
40221
40221
40226
40229
40231
40242
40276
40296
40298
40298
40312
40316
40324
40329
40338
40350
40365
40367
40369
40372
40399
40399
40404
40424
40442
40451
40457
40468
40491
40505
40510
40517
40521
40525
40539
40541
40545
40585
40586
40588
40603
40613
40632
40632
40632
40639
40656
40672
40672
40705
40713
40724
40729
40733
40734
40735
40739
40750
40764
40769
40771
40781
40784
40785
40789
40800
40803
40807
40809
40809
40809
40834
40844
40851
40852
40879
40897
40899
40908
40911
40923
40928
40931
40932
40932
40942
40948
40951
40980
40991
40991
41002
41005
41008
41013
41039
41043
41055
41056
41057
41058
41066
41077
41083
41113
41117
41134
41161
41178
41181
41182
41184
41194
41196
41200
41209
41211
41218
41243
41252
41256
41268
41274
41289
41296
41298
41299
41299
41305
41306
41306
41306
41311
41329
41334
41348
41348
41358
41367
41369
41369
41380
41383
41392
41399
41402
41428
41428
41430
41441
41452
41452
41459
41474
41480
41487
41488
41496
41501
41502
41520
41535
41545
41571
41572
41576
41577
41587
41587
41588
41592
41599
41608
41609
41638
41651
41652
41659
41659
41661
41670
41674
41680
41683
41685
41685
41696
41703
41711
41714
41720
41729
41730
41730
41732
41736
41740
41743
41746
41747
41758
41776
41796
41803
41861
41864
41876
41876
41898
41904
41923
41926
41933
41939
41941
41949
41961
41972
41974
41978
41985
42003
42006
42011
42076
42082
42082
42085
42090
42091
42095
42096
42101
42102
42105
42108
42111
42113
42113
42116
42122
42140
42142
42142
42148
42165
42189
42217
42225
42225
42231
42232
42232
42236
42238
42243
42246
42254
42275
42278
42279
42286
42290
42292
42299
42309
42310
42310
42338
42347
42349
42356
42357
42373
42409
42412
42415
42429
42443
42444
42469
42493
42500
42505
42505
42508
42509
42511
42514
42518
42530
42537
42540
42547
42552
42554
42571
42572
42572
42595
42609
42614
42624
42626
42628
42629
42643
42650
42663
42676
42679
42682
42684
42685
42689
42694
42698
42703
42712
42718
42725
42730
42733
42740
42751
42757
42769
42811
42813
42814
42824
42836
42842
42848
42868
42872
42878
42893
42894
42907
42918
42922
42962
42969
42973
42994
43013
43013
43026
43056
43061
43075
43086
43105
43113
43115
43134
43139
43156
43157
43160
43168
43168
43184
43187
43187
43198
43210
43218
43225
43234
43263
43282
43287
43288
43294
43295
43310
43329
43330
43334
43342
43348
43360
43372
43386
43392
43398
43410
43421
43425
43427
43432
43439
43444
43452
43466
43474
43476
43477
43477
43501
43517
43522
43523
43527
43532
43533
43538
43551
43552
43557
43563
43570
43583
43591
43600
43601
43608
43614
43628
43629
43636
43648
43668
43680
43684
43688
43694
43715
43715
43720
43724
43724
43738
43746
43751
43760
43770
43787
43810
43813
43814
43825
43831
43833
43840
43844
43848
43854
43863
43878
43882
43885
43897
43901
43919
43920
43945
43961
43966
43968
43969
43974
43998
44005
44005
44008
44009
44015
44020
44021
44025
44025
44034
44036
44044
44050
44052
44065
44076
44088
44121
44125
44131
44135
44135
44142
44142
44166
44170
44173
44208
44209
44233
44238
44252
44263
44264
44267
44288
44290
44308
44313
44318
44327
44331
44353
44355
44368
44392
44397
44414
44414
44415
44417
44418
44419
44421
44425
44465
44479
44481
44482
44501
44519
44549
44554
44572
44572
44576
44584
44584
44589
44591
44612
44631
44631
44637
44638
44641
44642
44644
44651
44655
44660
44666
44674
44683
44687
44688
44692
44694
44703
44703
44704
44715
44755
44758
44770
44783
44789
44804
44805
44815
44823
44823
44824
44830
44853
44857
44858
44868
44869
44877
44887
44915
44932
44938
44946
44962
44990
44992
44994
45011
45012
45012
45023
45065
45066
45076
45082
45082
45083
45103
45115
45120
45127
45132
45135
45154
45154
45183
45183
45184
45194
45198
45201
45206
45237
45240
45242
45245
45250
45252
45256
45257
45258
45259
45271
45285
45289
45299
45300
45303
45316
45339
45340
45355
45368
45380
45402
45422
45425
45439
45445
45456
45466
45467
45477
45478
45505
45506
45511
45512
45521
45555
45558
45571
45574
45577
45593
45598
45599
45605
45612
45631
45635
45648
45652
45654
45655
45662
45670
45678
45684
45711
45711
45715
45718
45735
45738
45748
45755
45770
45783
45784
45796
45803
45834
45844
45844
45845
45848
45849
45854
45860
45867
45878
45879
45881
45892
45905
45920
45932
45943
45950
45965
45992
45999
46004
46018
46019
46030
46033
46047
46051
46065
46092
46104
46105
46106
46107
46113
46120
46128
46133
46142
46147
46152
46156
46158
46191
46213
46217
46240
46241
46245
46247
46248
46260
46270
46270
46273
46283
46286
46305
46307
46328
46344
46348
46351
46354
46356
46356
46379
46387
46395
46413
46422
46429
46433
46445
46469
46472
46474
46513
46521
46547
46551
46551
46557
46558
46565
46580
46604
46639
46667
46670
46682
46689
46709
46717
46719
46728
46728
46734
46735
46739
46740
46742
46749
46759
46773
46778
46788
46805
46805
46851
46861
46865
46870
46870
46876
46881
46888
46900
46914
46915
46922
46922
46939
46945
46950
46952
46955
46973
46993
46997
47001
47002
47009
47015
47020
47022
47023
47024
47032
47032
47037
47037
47049
47067
47071
47080
47085
47106
47121
47145
47147
47149
47159
47161
47170
47174
47174
47185
47191
47196
47198
47200
47234
47237
47249
47252
47273
47284
47289
47293
47304
47310
47311
47312
47314
47315
47321
47330
47331
47350
47366
47377
47379
47380
47408
47413
47434
47437
47453
47453
47473
47476
47478
47479
47502
47504
47509
47511
47527
47529
47534
47534
47548
47560
47571
47573
47576
47587
47598
47598
47615
47627
47631
47632
47642
47646
47656
47659
47663
47675
47676
47696
47709
47721
47733
47734
47735
47735
47753
47756
47765
47765
47773
47783
47798
47801
47816
47830
47834
47837
47839
47847
47857
47862
47863
47874
47876
47877
47881
47881
47889
47892
47912
47915
47926
47926
47927
47955
47966
47969
47978
47979
47984
47999
48005
48009
48010
48015
48022
48023
48037
48040
48041
48055
48064
48075
48092
48096
48107
48115
48123
48130
48133
48136
48141
48150
48155
48182
48188
48198
48198
48200
48202
48205
48207
48209
48212
48220
48228
48230
48241
48244
48261
48261
48283
48304
48330
48335
48342
48348
48352
48365
48373
48376
48380
48382
48383
48385
48399
48400
48401
48403
48419
48446
48452
48466
48477
48487
48515
48516
48523
48525
48525
48528
48535
48540
48544
48550
48551
48561
48569
48570
48572
48588
48603
48621
48622
48624
48641
48644
48648
48649
48651
48663
48667
48667
48671
48674
48688
48690
48694
48695
48699
48701
48709
48710
48712
48717
48725
48731
48733
48735
48743
48746
48752
48774
48774
48776
48791
48831
48839
48839
48852
48852
48853
48860
48871
48875
48875
48884
48889
48909
48911
48924
48932
48934
48936
48954
48960
48965
48966
48979
48982
49023
49028
49030
49033
49036
49039
49039
49050
49058
49066
49068
49085
49087
49098
49110
49118
49130
49131
49145
49148
49152
49154
49183
49183
49184
49198
49201
49209
49220
49231
49253
49263
49308
49319
49337
49343
49346
49369
49373
49375
49380
49388
49412
49416
49419
49432
49441
49446
49453
49454
49459
49465
49502
49502
49505
49505
49513
49515
49523
49524
49525
49535
49546
49549
49566
49577
49583
49588
49601
49603
49604
49604
49639
49673
49684
49691
49697
49703
49704
49706
49707
49708
49713
49717
49722
49724
49731
49735
49743
49744
49748
49751
49757
49764
49769
49776
49777
49795
49813
49818
49822
49825
49849
49851
49888
49895
49905
49906
49910
49913
49917
49930
49933
49939
49949
49950
49975
49985
49986
49990
50000
50000
50009
50011
50011
50015
50036
50037
50040
50051
50066
50067
50069
50078
50078
50079
50083
50105
50119
50120
50154
50160
50172
50181
50187
50187
50190
50196
50226
50231
50233
50233
50238
50249
50250
50255
50275
50282
50294
50305
50315
50327
50329
50332
50351
50353
50356
50367
50370
50375
50380
50382
50387
50438
50439
50448
50448
50462
50463
50475
50498
50502
50503
50512
50514
50515
50544
50548
50553
50557
50571
50580
50604
50605
50615
50629
50632
50639
50644
50645
50654
50675
50678
50692
50698
50705
50708
50708
50710
50723
50744
50744
50747
50758
50759
50765
50781
50791
50792
50805
50805
50823
50824
50845
50846
50849
50863
50866
50874
50876
50889
50909
50910
50911
50911
50911
50918
50937
50944
50950
50953
50956
50956
50963
50970
50980
50983
50987
51007
51009
51015
51023
51028
51031
51031
51053
51054
51100
51102
51109
51110
51117
51120
51127
51128
51140
51177
51185
51189
51198
51202
51202
51205
51221
51225
51238
51241
51244
51245
51259
51266
51272
51275
51288
51294
51316
51325
51328
51342
51345
51364
51378
51379
51380
51380
51384
51453
51459
51463
51464
51464
51494
51497
51499
51503
51503
51504
51520
51529
51540
51550
51555
51560
51562
51564
51565
51575
51577
51578
51592
51623
51626
51642
51646
51650
51659
51667
51678
51679
51679
51687
51703
51708
51708
51708
51716
51723
51732
51734
51734
51746
51767
51771
51795
51795
51808
51831
51834
51848
51848
51850
51856
51873
51885
51892
51895
51897
51903
51904
51908
51909
51921
51939
51942
51951
51957
51959
51962
51972
51975
51975
51997
52006
52019
52029
52035
52038
52051
52067
52070
52072
52082
52091
52095
52098
52100
52106
52110
52116
52122
52126
52143
52148
52148
52151
52160
52169
52177
52177
52186
52195
52196
52198
52211
52219
52221
52237
52242
52247
52248
52262
52265
52273
52277
52279
52294
52308
52325
52331
52340
52340
52342
52342
52342
52375
52388
52397
52405
52410
52421
52424
52430
52441
52441
52451
52455
52455
52457
52465
52479
52480
52482
52482
52496
52515
52517
52528
52530
52538
52540
52543
52551
52574
52585
52599
52603
52608
52609
52625
52646
52649
52649
52654
52665
52688
52695
52704
52706
52731
52734
52747
52765
52774
52777
52786
52801
52813
52818
52831
52838
52840
52847
52874
52893
52900
52902
52912
52922
52941
52949
52953
52960
52963
52966
52971
52972
52984
52993
52995
53002
53005
53005
53008
53009
53017
53018
53019
53026
53032
53034
53036
53038
53043
53044
53045
53047
53049
53056
53058
53101
53105
53128
53139
53141
53152
53154
53163
53173
53175
53180
53184
53195
53201
53219
53226
53237
53240
53242
53243
53285
53290
53293
53295
53295
53307
53314
53315
53317
53322
53325
53345
53352
53353
53362
53374
53375
53375
53383
53393
53409
53409
53411
53413
53416
53424
53436
53441
53447
53472
53479
53484
53503
53521
53524
53538
53546
53547
53555
53583
53597
53601
53625
53630
53632
53637
53649
53657
53661
53664
53675
53714
53725
53728
53740
53743
53746
53749
53765
53768
53775
53781
53782
53792
53796
53803
53831
53846
53851
53860
53868
53872
53872
53883
53889
53896
53901
53921
53938
53948
53950
53960
53970
53974
53977
53993
54000
54005
54006
54009
54017
54027
54037
54050
54051
54076
54088
54089
54097
54100
54117
54120
54131
54136
54145
54148
54155
54173
54180
54192
54205
54205
54210
54215
54220
54245
54255
54270
54274
54277
54279
54281
54300
54300
54325
54325
54328
54340
54341
54345
54356
54374
54377
54394
54395
54405
54427
54429
54439
54443
54444
54448
54449
54456
54460
54470
54470
54473
54478
54490
54493
54497
54500
54505
54516
54522
54523
54533
54545
54554
54555
54558
54562
54565
54570
54573
54577
54579
54583
54595
54598
54600
54604
54610
54632
54642
54642
54649
54674
54687
54695
54702
54703
54708
54711
54737
54742
54747
54759
54769
54786
54788
54797
54799
54799
54804
54819
54830
54830
54852
54859
54870
54876
54883
54888
54896
54898
54898
54901
54904
54906
54908
54944
54971
54981
54987
54996
55027
55029
55031
55033
55036
55039
55045
55045
55061
55064
55066
55073
55079
55079
55090
55091
55109
55109
55110
55110
55127
55137
55141
55141
55143
55145
55146
55148
55148
55153
55187
55200
55202
55204
55209
55213
55219
55237
55257
55262
55286
55299
55301
55324
55325
55335
55338
55351
55351
55355
55363
55372
55385
55393
55395
55409
55410
55418
55421
55427
55430
55437
55443
55454
55462
55462
55466
55471
55474
55483
55492
55495
55500
55501
55501
55504
55510
55510
55513
55537
55563
55575
55582
55600
55609
55614
55615
55615
55643
55647
55660
55661
55662
55668
55676
55683
55690
55694
55697
55701
55710
55718
55721
55723
55739
55743
55745
55753
55755
55783
55790
55794
55838
55842
55846
55862
55865
55869
55877
55886
55888
55904
55906
55910
55911
55922
55923
55938
55941
55948
55953
55964
55967
55968
55971
55986
55989
55990
55997
55998
56036
56086
56093
56095
56110
56112
56158
56167
56167
56171
56191
56195
56196
56205
56205
56212
56226
56229
56231
56259
56261
56266
56268
56272
56275
56289
56297
56301
56316
56322
56335
56343
56345
56362
56375
56395
56397
56399
56402
56402
56437
56465
56480
56485
56505
56511
56512
56514
56515
56540
56543
56552
56556
56572
56586
56597
56605
56608
56613
56626
56630
56645
56646
56647
56650
56661
56663
56669
56677
56678
56697
56698
56718
56724
56728
56742
56751
56760
56763
56765
56766
56770
56774
56777
56783
56784
56789
56800
56815
56815
56816
56827
56830
56831
56831
56833
56833
56850
56853
56853
56857
56858
56865
56869
56873
56900
56910
56919
56928
56930
56938
56949
56952
56955
56971
56978
56978
57003
57007
57024
57037
57045
57071
57077
57078
57091
57094
57099
57102
57103
57105
57135
57153
57155
57159
57162
57167
57176
57178
57183
57193
57197
57200
57222
57232
57245
57253
57259
57261
57267
57284
57290
57300
57310
57318
57328
57331
57340
57351
57352
57358
57381
57385
57385
57392
57411
57427
57443
57445
57459
57465
57468
57484
57501
57504
57504
57510
57514
57526
57528
57529
57530
57535
57539
57542
57569
57582
57618
57619
57624
57631
57631
57645
57658
57669
57675
57679
57680
57682
57692
57698
57721
57741
57753
57755
57767
57769
57777
57786
57787
57800
57823
57836
57844
57866
57868
57869
57876
57893
57897
57901
57930
57938
57939
57940
57947
57954
57969
57972
57973
58001
58002
58016
58073
58073
58096
58097
58100
58125
58126
58141
58146
58153
58155
58168
58169
58185
58200
58212
58221
58245
58262
58262
58263
58264
58284
58288
58292
58300
58302
58321
58326
58335
58342
58347
58347
58350
58353
58363
58366
58374
58375
58377
58388
58392
58396
58415
58415
58434
58446
58457
58466
58467
58467
58470
58474
58475
58493
58493
58496
58511
58516
58520
58529
58532
58534
58562
58606
58606
58613
58646
58663
58665
58670
58679
58691
58694
58696
58712
58716
58722
58743
58745
58762
58766
58768
58769
58773
58773
58808
58818
58819
58826
58836
58836
58840
58853
58856
58860
58875
58889
58890
58924
58925
58943
58944
58947
58951
58951
58955
58955
58972
59007
59022
59044
59046
59079
59080
59086
59088
59102
59106
59114
59121
59151
59154
59176
59186
59201
59216
59235
59236
59236
59237
59239
59242
59243
59259
59261
59262
59264
59277
59288
59306
59311
59332
59332
59335
59337
59339
59340
59350
59351
59362
59367
59381
59382
59382
59383
59384
59387
59391
59393
59394
59403
59416
59448
59451
59461
59477
59489
59493
59499
59511
59522
59527
59539
59553
59555
59562
59576
59590
59616
59623
59630
59643
59646
59650
59654
59656
59658
59659
59660
59663
59670
59672
59681
59691
59694
59706
59710
59711
59723
59725
59727
59738
59743
59746
59761
59762
59768
59768
59770
59772
59802
59819
59827
59828
59830
59838
59860
59869
59870
59876
59879
59884
59888
59894
59902
59906
59909
59912
59916
59931
59932
59934
59941
59952
59967
59972
59988
59994
60002
60010
60018
60018
60021
60025
60032
60041
60050
60059
60088
60094
60108
60124
60139
60141
60141
60143
60148
60153
60160
60164
60166
60173
60198
60203
60210
60216
60235
60240
60246
60251
60255
60261
60263
60264
60272
60283
60288
60300
60315
60316
60320
60322
60348
60356
60358
60364
60370
60373
60374
60381
60401
60403
60407
60416
60418
60421
60437
60443
60458
60460
60463
60466
60466
60471
60473
60480
60492
60497
60497
60498
60499
60514
60516
60518
60523
60559
60564
60564
60567
60604
60609
60609
60611
60631
60631
60656
60662
60666
60670
60680
60680
60680
60693
60694
60702
60703
60703
60705
60737
60794
60796
60812
60816
60821
60825
60840
60842
60847
60848
60851
60861
60870
60873
60892
60920
60934
60937
60964
60970
60976
60979
60989
60991
61022
61038
61041
61048
61049
61083
61091
61094
61095
61130
61132
61142
61142
61146
61153
61154
61170
61186
61189
61189
61196
61197
61221
61224
61230
61243
61246
61250
61252
61255
61255
61260
61293
61300
61305
61305
61311
61321
61329
61335
61357
61357
61359
61361
61361
61369
61396
61398
61398
61402
61404
61408
61412
61454
61471
61473
61474
61481
61503
61503
61507
61510
61510
61514
61520
61540
61562
61565
61576
61582
61586
61597
61604
61608
61611
61626
61630
61637
61642
61650
61650
61653
61657
61664
61665
61665
61669
61676
61681
61686
61694
61698
61707
61709
61710
61720
61720
61725
61759
61785
61793
61806
61806
61807
61811
61817
61844
61869
61874
61905
61911
61922
61929
61942
61953
61958
61962
61969
61975
61981
61995
61995
61998
62003
62014
62015
62019
62053
62059
62064
62067
62074
62077
62088
62093
62116
62116
62138
62148
62149
62158
62167
62167
62168
62184
62189
62190
62201
62210
62213
62217
62226
62233
62242
62253
62257
62259
62276
62278
62281
62290
62294
62295
62311
62337
62338
62391
62400
62410
62417
62423
62430
62437
62449
62453
62453
62464
62477
62478
62485
62489
62494
62517
62524
62536
62538
62538
62595
62610
62619
62620
62626
62627
62634
62641
62652
62654
62655
62669
62670
62672
62683
62692
62702
62703
62708
62719
62725
62749
62754
62763
62779
62782
62784
62786
62796
62802
62804
62807
62811
62813
62814
62819
62835
62837
62843
62848
62850
62863
62863
62865
62871
62874
62877
62883
62898
62901
62908
62921
62939
62939
62940
62956
62957
62987
62991
62992
63007
63007
63020
63025
63028
63029
63037
63047
63052
63063
63067
63077
63079
63097
63108
63118
63119
63126
63126
63128
63128
63130
63138
63143
63152
63176
63183
63191
63197
63206
63225
63225
63226
63244
63252
63308
63317
63319
63322
63348
63362
63363
63372
63386
63388
63393
63397
63401
63404
63453
63453
63459
63461
63462
63467
63471
63489
63505
63524
63539
63540
63561
63578
63583
63586
63594
63598
63599
63603
63609
63609
63616
63622
63625
63631
63646
63655
63666
63676
63686
63695
63696
63700
63714
63719
63726
63726
63747
63757
63759
63764
63785
63793
63798
63799
63799
63805
63823
63828
63842
63846
63849
63858
63869
63870
63879
63883
63884
63895
63911
63917
63926
63932
63936
63939
63939
63939
63941
63948
63950
63964
63974
63984
64005
64006
64007
64007
64025
64030
64060
64066
64074
64094
64095
64101
64103
64105
64117
64135
64148
64151
64158
64158
64166
64182
64183
64197
64206
64230
64233
64236
64236
64239
64243
64244
64275
64297
64309
64313
64324
64340
64343
64348
64352
64373
64376
64381
64392
64416
64426
64434
64434
64434
64440
64458
64461
64468
64482
64498
64501
64502
64505
64505
64513
64517
64532
64536
64541
64545
64545
64558
64576
64580
64585
64594
64601
64610
64613
64642
64654
64657
64659
64668
64669
64683
64700
64705
64711
64714
64723
64727
64729
64745
64750
64757
64766
64766
64775
64776
64805
64809
64810
64812
64815
64815
64825
64830
64831
64842
64856
64873
64875
64881
64885
64900
64909
64909
64913
64921
64923
64933
64969
64970
64977
64982
64986
64988
64992
64993
64993
64996
65009
65012
65023
65025
65042
65051
65062
65068
65080
65084
65124
65126
65143
65143
65150
65168
65178
65188
65217
65232
65232
65234
65246
65259
65270
65275
65289
65289
65290
65302
65308
65310
65311
65315
65327
65332
65339
65340
65351
65381
65388
65393
65397
65399
65400
65409
65410
65423
65433
65460
65464
65493
65497
65512
65516
65520
65524
65530
65532
65535
65546
65556
65558
65570
65574
65575
65579
65582
65618
65620
65648
65656
65660
65660
65662
65664
65672
65677
65685
65694
65696
65697
65698
65702
65702
65707
65710
65715
65745
65747
65751
65753
65763
65769
65788
65794
65796
65805
65810
65811
65811
65824
65835
65855
65871
65892
65901
65909
65927
65945
65959
65964
65966
65979
65991
66024
66025
66046
66067
66071
66074
66076
66077
66077
66103
66106
66119
66136
66140
66150
66157
66157
66171
66185
66187
66211
66213
66213
66219
66233
66239
66244
66245
66245
66262
66266
66278
66289
66293
66301
66315
66317
66339
66349
66357
66362
66379
66399
66448
66453
66463
66473
66481
66496
66498
66514
66514
66515
66519
66520
66552
66563
66564
66570
66572
66577
66577
66581
66587
66587
66588
66590
66590
66593
66595
66613
66616
66629
66631
66634
66636
66643
66668
66679
66689
66697
66699
66705
66715
66719
66723
66725
66728
66732
66740
66740
66756
66763
66763
66765
66773
66779
66780
66829
66839
66841
66850
66858
66881
66885
66897
66905
66906
66923
66923
66923
66924
66928
66930
66935
66937
66947
66950
66953
66955
66958
67007
67011
67025
67034
67089
67097
67126
67127
67130
67134
67153
67154
67160
67162
67174
67182
67186
67187
67192
67198
67198
67202
67205
67206
67217
67221
67221
67226
67238
67240
67249
67255
67266
67272
67279
67287
67307
67318
67319
67333
67339
67343
67354
67355
67356
67361
67363
67364
67365
67376
67385
67388
67392
67419
67420
67425
67443
67449
67454
67454
67465
67473
67496
67510
67537
67542
67544
67548
67550
67550
67551
67556
67560
67562
67568
67568
67570
67584
67590
67596
67598
67601
67602
67609
67609
67613
67623
67623
67632
67635
67640
67642
67646
67649
67650
67651
67652
67656
67657
67662
67662
67701
67704
67713
67723
67724
67728
67736
67741
67746
67754
67760
67764
67776
67784
67789
67794
67828
67834
67839
67839
67848
67849
67849
67856
67862
67864
67868
67882
67886
67893
67908
67931
67958
67969
67978
67985
67997
67998
68006
68017
68018
68020
68029
68033
68037
68039
68048
68071
68072
68075
68076
68084
68094
68102
68107
68110
68127
68127
68127
68131
68139
68145
68151
68159
68160
68167
68170
68188
68200
68231
68249
68252
68278
68286
68303
68310
68315
68317
68331
68334
68338
68339
68350
68355
68358
68364
68367
68371
68373
68384
68401
68425
68428
68442
68446
68457
68458
68465
68477
68480
68484
68496
68506
68508
68514
68532
68538
68542
68553
68554
68560
68568
68570
68580
68599
68607
68629
68630
68657
68666
68678
68681
68682
68699
68706
68722
68723
68723
68726
68731
68752
68761
68776
68780
68814
68823
68832
68835
68836
68851
68851
68854
68861
68863
68864
68887
68890
68915
68924
68934
68945
68951
68955
68960
68990
68992
68994
69005
69010
69012
69016
69037
69041
69042
69043
69054
69059
69075
69086
69090
69092
69102
69109
69114
69116
69125
69133
69143
69151
69154
69160
69178
69186
69199
69202
69207
69212
69220
69221
69228
69236
69237
69247
69252
69262
69271
69273
69273
69283
69293
69294
69296
69298
69321
69323
69326
69326
69330
69333
69337
69342
69351
69355
69357
69368
69378
69381
69386
69393
69404
69405
69408
69420
69434
69440
69446
69448
69454
69465
69491
69498
69498
69499
69500
69518
69522
69550
69561
69566
69571
69573
69581
69588
69594
69599
69601
69606
69609
69622
69628
69635
69674
69697
69735
69739
