3
25
29
31
40
71
75
91
102
113
128
154
156
191
199
215
228
258
272
273
282
312
322
338
348
373
419
422
428
467
512
552
571
585
615
628
633
643
665
666
668
674
709
717
732
737
761
774
779
784
789
792
851
874
902
920
931
946
948
1023
1036
1039
1053
1056
1066
1077
1081
1096
1111
1118
1123
1175
1179
1181
1192
1201
1203
1208
1217
1224
1274
1279
1299
1350
1362
1380
1382
1390
1410
1412
1457
1482
1495
1502
1506
1549
1558
1563
1569
1580
1585
1624
1632
1654
1658
1662
1667
1668
1681
1693
1699
1704
1710
1717
1719
1728
1745
1751
1765
1780
1792
1805
1808
1816
1829
1859
1860
1862
1912
1928
1954
1977
1991
2009
2019
2043
2073
2091
2136
2137
2146
2159
2161
2171
2173
2214
2214
2252
2253
2263
2281
2287
2299
2299
2301
2318
2319
2324
2341
2347
2371
2385
2390
2397
2398
2409
2420
2453
2461
2468
2483
2493
2495
2560
2560
2560
2565
2598
2600
2608
2618
2623
2646
2655
2657
2658
2659
2662
2689
2693
2725
2748
2749
2751
2770
2819
2824
2826
2837
2859
2894
2900
2904
2932
2961
2977
2980
2983
3016
3052
3052
3069
3072
3080
3095
3148
3160
3198
3207
3224
3249
3254
3268
3270
3275
3288
3292
3294
3297
3298
3328
3377
3379
3381
3382
3406
3429
3454
3524
3531
3565
3600
3601
3601
3623
3645
3705
3749
3754
3763
3778
3792
3805
3816
3829
3835
3836
3837
3878
3913
3918
3927
3949
3979
3988
4064
4097
4135
4161
4167
4175
4198
4209
4209
4216
4248
4263
4301
4302
4302
4361
4367
4372
4391
4412
4423
4430
4443
4443
4446
4469
4524
4537
4540
4550
4556
4575
4608
4611
4612
4619
4621
4627
4643
4646
4652
4657
4657
4668
4719
4745
4748
4750
4769
4775
4800
4804
4819
4831
4844
4848
4849
4852
4862
4864
4870
4911
4937
4946
4952
4960
4963
4982
4986
5028
5043
5060
5077
5087
5102
5112
5130
5148
5152
5152
5154
5164
5185
5185
5186
5188
5193
5195
5201
5207
5208
5228
5230
5234
5288
5301
5335
5339
5348
5363
5378
5443
5463
5483
5503
5518
5526
5529
5562
5592
5598
5602
5634
5662
5670
5675
5677
5684
5687
5739
5751
5761
5780
5798
5799
5828
5859
5863
5887
5896
5898
5947
5959
5972
5980
6006
6059
6063
6077
6084
6099
6120
6139
6141
6143
6157
6165
6213
6225
6232
6245
6254
6260
6263
6272
6295
6305
6316
6343
6353
6357
6372
6397
6397
6401
6402
6406
6419
6420
6445
6455
6461
6465
6467
6486
6491
6538
6550
6561
6565
6571
6574
6577
6581
6595
6596
6603
6621
6628
6633
6645
6674
6700
6709
6710
6741
6743
6746
6746
6777
6784
6802
6811
6811
6824
6825
6849
6855
6866
6882
6911
6917
6942
6950
6985
7004
7030
7037
7072
7087
7098
7102
7103
7106
7146
7175
7209
7215
7241
7248
7250
7257
7259
7260
7284
7291
7303
7351
7355
7356
7361
7390
7393
7437
7446
7457
7464
7472
7472
7487
7510
7516
7528
7531
7542
7545
7561
7571
7572
7581
7603
7608
7617
7629
7664
7705
7738
7767
7789
7863
7892
7895
7896
7903
7922
7931
7961
7978
7985
8017
8061
8063
8094
8118
8161
8162
8171
8186
8195
8216
8230
8250
8262
8272
8280
8295
8307
8318
8334
8341
8396
8407
8413
8435
8437
8449
8466
8510
8579
8600
8604
8628
8630
8651
8669
8671
8691
8698
8705
8715
8731
8732
8756
8808
8816
8825
8844
8850
8865
8866
8868
8883
8896
8951
8964
8965
8976
8988
8998
9018
9019
9038
9046
9091
9157
9173
9186
9201
9204
9204
9230
9249
9254
9262
9275
9338
9371
9375
9378
9382
9387
9415
9419
9424
9444
9463
9464
9469
9475
9479
9501
9501
9532
9532
9543
9556
9567
9568
9575
9583
9591
9594
9625
9628
9712
9726
9764
9772
9800
9810
9814
9823
9834
9835
9869
9874
9876
9886
9900
9900
9903
9931
9946
9967
9969
9971
9985
9988
10014
10022
10041
10043
10045
10063
10065
10071
10081
10088
10128
10136
10149
10183
10191
10219
10223
10248
10299
10309
10319
10331
10342
10373
10401
10421
10421
10427
10454
10454
10488
10528
10543
10553
10565
10610
10613
10624
10631
10638
10639
10640
10657
10671
10682
10700
10759
10763
10776
10797
10801
10805
10819
10833
10849
10858
10924
10933
10933
10957
10981
11008
11041
11050
11054
11061
11061
11086
11122
11125
11138
11147
11162
11181
11242
11259
11280
11294
11297
11348
11381
11406
11418
11469
11469
11472
11479
11487
11497
11503
11507
11514
11530
11535
11554
11561
11600
11602
11620
11622
11634
11656
11664
11681
11735
11776
11777
11777
11781
11782
11787
11787
11797
11799
11802
11820
11838
11842
11862
11866
11871
11872
11893
11903
11908
11915
11927
11982
11985
11992
12032
12033
12052
12054
12064
12077
12108
12123
12158
12195
12244
12247
12254
12256
12275
12303
12331
12339
12343
12346
12349
12354
12356
12360
12366
12370
12373
12383
12393
12408
12441
12450
12452
12456
12494
12504
12506
12514
12520
12566
12578
12591
12601
12649
12677
12680
12706
12712
12729
12735
12771
12774
12776
12787
12816
12821
12841
12878
12882
12897
12915
12965
12981
12991
13003
13004
13009
13029
13032
13081
13115
13118
13123
13126
13128
13136
13137
13172
13186
13221
13223
13236
13243
13275
13276
13287
13288
13311
13335
13337
13351
13355
13362
13383
13400
13495
13506
13520
13528
13538
13565
13572
13578
13580
13591
13599
13644
13651
13655
13660
13669
13671
13683
13696
13710
13719
13722
13736
13767
13786
13796
13796
13800
13801
13804
13830
13835
13849
13857
13859
13886
13914
13914
13936
13949
13950
13955
13962
13974
13979
13994
13994
13994
14000
14006
14012
14013
14021
14030
14048
14054
14067
14079
14083
14101
14130
14155
14221
14229
14231
14257
14285
14306
14326
14341
14355
14383
14402
14403
14414
14421
14425
14433
14442
14479
14480
14516
14548
14553
14554
14568
14576
14580
14584
14585
14605
14608
14609
14634
14653
14672
14679
14680
14687
14708
14710
14712
14726
14749
14763
14776
14797
14821
14861
14880
14881
14907
14932
14945
14956
14968
14983
14987
15049
15051
15055
15061
15078
15087
15116
15117
15127
15153
15157
15180
15187
15211
15222
15227
15232
15289
15299
15309
15311
15325
15340
15351
15353
15363
15406
15413
15417
15428
15452
15459
15493
15499
15501
15531
15548
15548
15556
15597
15612
15613
15617
15619
15633
15643
15645
15654
15655
15701
15723
15724
15744
15746
15747
15749
15761
15777
15790
15806
15823
15826
15830
15843
15846
15855
15867
15871
15874
15884
15898
15900
15909
15914
15917
15926
15936
15941
15943
15970
15971
15992
16021
16038
16052
16087
16089
16116
16144
16151
16184
16221
16271
16307
16350
16365
16384
16387
16396
16396
16404
16410
16410
16415
16477
16482
16484
16518
16535
16560
16562
16579
16605
16647
16655
16665
16676
16680
16685
16704
16711
16715
16722
16735
16783
16818
16833
16849
16854
16855
16892
16914
16919
16921
16926
16934
16953
16970
16979
17001
17024
17040
17040
17060
17062
17064
17096
17106
17117
17120
17161
17169
17179
17195
17210
17211
17221
17225
17230
17249
17261
17281
17285
17288
17289
17307
17311
17312
17343
17345
17356
17358
17386
17395
17397
17422
17429
17445
17447
17462
17523
17592
17613
17626
17628
17671
17683
17686
17698
17711
17749
17767
17828
17872
17875
17903
17914
17923
17924
17931
17941
17953
17964
17986
17993
17995
18028
18032
18036
18037
18056
18058
18059
18076
18095
18125
18134
18153
18173
18202
18215
18217
18253
18253
18268
18329
18338
18340
18340
18347
18353
18358
18391
18403
18409
18413
18421
18424
18445
18480
18504
18518
18525
18530
18556
18558
18567
18572
18585
18645
18646
18659
18663
18664
18680
18727
18734
18746
18765
18787
18792
18798
18806
18806
18814
18816
18822
18841
18858
18892
18895
18908
18914
18925
18941
18948
18951
18962
18971
18998
19015
19040
19045
19067
19072
19119
19132
19141
19144
19164
19180
19215
19218
19222
19230
19243
19259
19268
19269
19280
19289
19299
19313
19323
19346
19388
19413
19424
19453
19457
19458
19476
19484
19488
19497
19507
19548
19550
19551
19565
19581
19603
19612
19683
19706
19723
19730
19741
19754
19768
19826
19840
19842
19870
19901
19912
19916
19917
19979
20034
20038
20040
20047
20071
20089
20112
20155
20168
20190
20240
20243
20247
20275
20282
20292
20304
20326
20329
20405
20424
20458
20459
20462
20485
20489
20492
20524
20538
20540
20550
20570
20596
20599
20608
20636
20649
20652
20661
20666
20685
20686
20688
20689
20758
20766
20811
20826
20840
20853
20863
20872
20875
20880
20887
20891
20893
20926
20932
20948
20969
20986
21044
21052
21062
21068
21077
21125
21133
21149
21152
21158
21168
21171
21238
21243
21271
21276
21285
21292
21324
21328
21351
21355
21366
21385
21394
21397
21398
21402
21412
21429
21430
21450
21452
21454
21477
21480
21491
21495
21517
21556
21566
21578
21600
21601
21602
21609
21617
21632
21664
21673
21700
21704
21749
21776
21817
21820
21839
21847
21849
21875
21880
21891
21922
21955
21970
21972
21977
22005
22036
22055
22085
22086
22101
22113
22120
22124
22163
22183
22185
22190
22233
22239
22243
22250
22252
22270
22275
22335
22387
22392
22394
22410
22414
22414
22421
22425
22427
22444
22455
22517
22541
22546
22563
22569
22569
22585
22620
22623
22630
22645
22653
22690
22699
22700
22732
22733
22744
22759
22775
22809
22845
22850
22855
22857
22862
22865
22869
22878
22884
22895
22907
22907
22936
22936
22940
22961
23025
23051
23056
23056
23058
23114
23124
23126
23142
23148
23151
23155
23157
23160
23170
23181
23198
23202
23217
23221
23223
23225
23234
23254
23264
23269
23293
23323
23327
23329
23343
23378
23386
23389
23404
23407
23424
23472
23497
23501
23525
23554
23559
23585
23588
23603
23638
23652
23661
23665
23687
23706
23706
23728
23737
23753
23762
23798
23804
23822
23855
23864
23906
23906
23927
23933
23943
23947
23978
23997
24011
24034
24047
24073
24077
24082
24085
24085
24090
24095
24115
24134
24144
24149
24154
24156
24167
24229
24236
24237
24255
24275
24293
24313
24318
24344
24356
24381
24390
24405
24406
24411
24415
24426
24427
24448
24466
24502
24505
24509
24558
24560
24579
24592
24611
24617
24651
24674
24680
24689
24691
24709
24713
24729
24733
24743
24758
24764
24770
24772
24778
24787
24794
24796
24798
24871
24878
24880
24885
24901
24915
24936
24952
24962
24994
24999
25006
25006
25012
25024
25027
25099
25101
25139
25146
25155
25162
25169
25182
25187
25201
25208
25212
25214
25237
25272
25279
25325
25333
25340
25345
25352
25360
25366
25408
25421
25433
25441
25459
25500
25500
25511
25512
25541
25590
25627
25642
25643
25647
25717
25727
25752
25766
25771
25781
25790
25799
25801
25802
25805
25822
25841
25858
25869
25887
25897
25934
25949
25962
25993
25995
26013
26044
26050
26053
26111
26115
26144
26145
26165
26214
26243
26251
26268
26271
26316
26317
26346
26357
26395
26399
26414
26433
26481
26485
26486
26491
26498
26502
26532
26535
26538
26546
26594
26624
26634
26676
26681
26686
26690
26703
26704
26705
26717
26754
26764
26783
26816
26817
26834
26835
26840
26860
26860
26921
26954
26956
26961
26971
27008
27016
27025
27032
27049
27068
27086
27100
27106
27139
27154
27170
27183
27189
27216
27225
27255
27261
27266
27286
27287
27289
27299
27315
27333
27343
27350
27462
27464
27488
27531
27537
27538
27554
27555
27555
27562
27581
27603
27606
27620
27681
27685
27686
27694
27699
27746
27747
27760
27780
27809
27813
27817
27861
27943
27949
27955
27956
27960
28020
28021
28105
28152
28157
28166
28169
28182
28194
28218
28247
28278
28284
28322
28330
28334
28340
28346
28347
28361
28367
28380
28395
28405
28409
28452
28462
28468
28477
28478
28488
28504
28506
28510
28525
28556
28567
28572
28578
28581
28584
28590
28597
28613
28621
28626
28633
28683
28686
28699
28710
28715
28716
28718
28762
28784
28790
28802
28829
28844
28844
28849
28863
28865
28868
28938
28944
28964
28996
29017
29017
29018
29025
29038
29057
29069
29070
29084
29129
29165
29169
29185
29216
29216
29219
29229
29230
29258
29260
29263
29287
29296
29297
29314
29323
29342
29401
29404
29409
29435
29463
29465
29472
29479
29487
29500
29507
29507
29514
29528
29563
29568
29571
29573
29574
29585
29586
29586
29596
29599
29603
29605
29616
29629
29634
29651
29669
29676
29724
29728
29785
29833
29856
29857
29870
29896
29901
29901
29908
29952
29972
29976
29984
29991
29995
30001
30018
30040
30044
30046
30047
30047
30049
30049
30088
30143
30160
30164
30184
30226
30228
30279
30295
30297
30304
30326
30347
30362
30368
30381
30415
30425
30443
30452
30477
30484
30495
30503
30522
30535
30536
30548
30552
30554
30556
30595
30606
30612
30619
30671
30690
30690
30703
30715
30734
30799
30822
30843
30858
30859
30872
30885
30885
30888
30896
30897
30936
30955
30964
30990
31023
31051
31053
31056
31080
31089
31110
31112
31140
31147
31162
31165
31168
31186
31191
31233
31250
31264
31287
31301
31316
31330
31349
31353
31364
31424
31438
31459
31490
31512
31518
31560
31589
31592
31600
31609
31614
31621
31625
31648
31665
31684
31697
31716
31743
31764
31794
31811
31815
31837
31838
31863
31868
31878
31888
31903
31916
31927
31944
31956
31957
31988
31990
32013
32068
32075
32085
32094
32095
32106
32143
32153
32164
32171
32173
32179
32193
32198
32215
32228
32237
32257
32294
32304
32325
32340
32357
32382
32390
32395
32399
32412
32428
32443
32468
32470
32471
32478
32480
32510
32523
32588
32588
32617
32626
32643
32647
32654
32681
32704
32706
32706
32722
32752
32755
32769
32800
32814
32817
32831
32850
32856
32858
32875
32926
32946
32959
32968
32985
33032
33041
33057
33067
33079
33084
33089
33136
33150
33171
33221
33239
33252
33254
33277
33310
33319
33327
33343
33359
33364
33375
33424
33431
33432
33477
33491
33506
33510
33513
33553
33571
33574
33583
33607
33614
33637
33639
33649
33663
33676
33703
33707
33730
33743
33766
33771
33813
33818
33838
33840
33843
33858
33866
33896
33922
33934
33946
33951
33955
33972
33985
33998
34019
34027
34050
34068
34073
34087
34093
34130
34131
34141
34157
34182
34187
34216
34235
34238
34272
34296
34311
34343
34358
34419
34430
34430
34460
34467
34472
34490
34499
34535
34543
34559
34561
34566
34569
34584
34594
34594
34615
34627
34627
34629
34635
34635
34679
34696
34701
34734
34758
34761
34793
34803
34818
34822
34892
34894
34902
34913
34934
34972
35004
35005
35037
35039
35046
35049
35066
35086
35088
35102
35169
35184
35225
35234
35263
35270
35302
35318
35344
35370
35382
35419
35422
35447
35455
35480
35505
35513
35518
35524
35524
35567
35570
35571
35596
35614
35630
35660
35714
35718
35747
35757
35773
35807
35820
35821
35851
35855
35877
35905
35951
35953
36004
36006
36013
36040
36052
36062
36065
36065
36072
36073
36080
36082
36086
36093
36095
36121
36152
36157
36171
36176
36180
36201
36241
36246
36255
36260
36297
36299
36299
36341
36350
36351
36353
36356
36382
36405
36406
36406
36429
36446
36450
36459
36463
36545
36551
36563
36575
36576
36597
36624
36675
36681
36683
36701
36701
36756
36758
36821
36833
36842
36852
36875
36877
36904
36925
36931
36932
36933
36938
36942
36943
37010
37020
37030
37036
37049
37088
37116
37125
37136
37139
37143
37164
37165
37193
37201
37221
37226
37231
37238
37240
37251
37267
37277
37293
37299
37311
37328
37335
37342
37349
37381
37399
37419
37426
37433
37448
37486
37490
37498
37501
37502
37517
37518
37528
37543
37545
37546
37565
37567
37574
37579
37592
37593
37606
37618
37648
37655
37675
37751
37796
37807
37823
37825
37857
37913
37916
37951
38008
38012
38022
38023
38029
38084
38098
38104
38105
38120
38135
38138
38146
38151
38164
38203
38214
38237
38242
38292
38316
38341
38345
38351
38357
38424
38430
38440
38452
38516
38525
38554
38563
38564
38569
38613
38616
38628
38677
38683
38686
38704
38718
38753
38754
38758
38764
38773
38795
38806
38809
38818
38826
38836
38838
38857
38896
38899
38905
38908
38944
38951
38955
38973
38983
39013
39022
39079
39113
39122
39126
39130
39156
39187
39190
39192
39197
39227
39246
39251
39263
39273
39275
39281
39311
39317
39326
39334
39350
39357
39364
39428
39435
39483
39490
39502
39508
39512
39515
39528
39553
39572
39583
39607
39610
39610
39626
39635
39654
39677
39708
39736
39767
39780
39789
39809
39816
39879
39883
39891
39956
39989
40004
40007
40021
40056
40064
40116
40123
40131
40150
40161
40168
40187
40211
40214
40216
40230
40240
40254
40294
40307
40322
40323
40349
40352
40384
40392
40414
40427
40428
40431
40439
40463
40485
40492
40513
40542
40557
40569
40581
40582
40615
40626
40654
40656
40661
40662
40664
40672
40694
40704
40711
40718
40721
40731
40766
40771
40778
40815
40835
40860
40869
40871
40874
40908
40913
40939
41017
41017
41040
41044
41079
41092
41136
41144
41146
41165
41169
41174
41176
41182
41195
41212
41223
41251
41283
41322
41338
41373
41407
41407
41408
41412
41444
41492
41495
41527
41541
41552
41571
41573
41605
41632
41640
41648
41651
41663
41681
41703
41706
41760
41768
41776
41781
41796
41796
41800
41802
41802
41807
41813
41853
41857
41878
41888
41891
41939
41949
41987
41991
42007
42015
42017
42103
42115
42158
42159
42190
42216
42230
42236
42245
42248
42257
42264
42292
42302
42318
42318
42318
42326
42345
42401
42412
42441
42444
42466
42483
42502
42505
42507
42509
42513
42521
42570
42570
42585
42598
42618
42660
42666
42679
42695
42700
42723
42731
42731
42737
42765
42795
42796
42798
42830
42852
42873
42880
42881
42896
42904
42911
42919
42930
42930
42945
42964
42996
43030
43063
43081
43098
43118
43125
43129
43150
43199
43239
43241
43246
43259
43263
43291
43302
43315
43317
43330
43342
43388
43449
43469
43470
43479
43496
43497
43520
43527
43544
43554
43577
43602
43607
43632
43644
43648
43663
43683
43685
43702
43760
43761
43797
43800
43805
43814
43827
43858
43880
43888
43907
43927
43936
43957
43978
44011
44020
44042
44054
44102
44117
44121
44144
44152
44167
44176
44204
44238
44261
44292
44293
44296
44306
44311
44322
44338
44351
44355
44356
44377
44412
44443
44457
44460
44484
44492
44550
44558
44559
44564
44570
44588
44607
44628
44640
44656
44674
44683
44687
44692
44700
44701
44708
44709
44728
44729
44771
44783
44784
44789
44797
44810
44820
44843
44853
44857
44868
44907
44910
44927
44929
44941
44953
44959
44972
44990
45020
45032
45045
45046
45054
45101
45124
45127
45131
45150
45154
45155
45170
45201
45204
45214
45237
45238
45241
45243
45253
45294
45303
45319
45322
45339
45346
45351
45371
45399
45410
45423
45474
45476
45507
45521
45524
45532
45582
45612
45613
45650
45660
45680
45685
45688
45696
45699
45712
45713
45738
45742
45747
45753
45761
45762
45785
45789
45809
45815
45845
45874
45884
45904
45907
45912
45921
45941
46027
46039
46061
46065
46071
46108
46112
46129
46135
46143
46145
46154
46157
46160
46171
46178
46208
46216
46218
46225
46233
46264
46267
46269
46270
46282
46302
46305
46341
46364
46418
46425
46431
46446
46459
46470
46502
46509
46520
46522
46527
46528
46540
46543
46553
46564
46598
46598
46619
46630
46644
46660
46667
46703
46715
46723
46741
46760
46762
46763
46783
46800
46819
46823
46829
46855
46880
46893
46896
46914
46935
46942
46952
46964
46998
47005
47021
47021
47032
47033
47035
47044
47077
47091
47099
47101
47104
47113
47117
47129
47171
47177
47237
47272
47281
47299
47359
47369
47377
47404
47406
47427
47430
47431
47452
47461
47461
47480
47535
47545
47565
47567
47582
47594
47610
47685
47686
47686
47695
47724
47725
47730
47735
47744
47749
47765
47775
47793
47809
47830
47833
47845
47862
47885
47895
47916
47928
47929
47992
47993
47998
48021
48024
48053
48056
48058
48075
48093
48117
48129
48134
48157
48170
48220
48226
48244
48256
48293
48294
48304
48319
48352
48358
48359
48363
48382
48382
48389
48389
48448
48455
48456
48465
48472
48483
48493
48506
48507
48538
48543
48545
48550
48555
48556
48565
48567
48594
48606
48642
48663
48686
48688
48695
48749
48749
48750
48751
48769
48796
48796
48803
48821
48835
48858
48867
48886
48888
48920
48934
48973
48985
48988
49005
49011
49011
49059
49065
49072
49103
49104
49188
49225
49231
49239
49250
49268
49278
49279
49293
49312
49330
49354
49424
49452
49454
49533
49535
49540
49545
49548
49552
49571
49586
49587
49607
49609
49629
49653
49689
49695
49703
49712
49785
49786
49807
49836
49856
49856
49883
49884
49905
49921
49947
49956
49976
49979
49990
50015
50018
50029
50034
50038
50042
50051
50053
50055
50061
50075
50081
50082
50100
50123
50157
50165
50198
50198
50220
50231
50239
50247
50247
50266
50279
50300
50314
50323
50333
50360
50370
50389
50401
50442
50444
50500
50537
50544
50550
50553
50566
50589
50596
50615
50667
50678
50700
50702
50702
50728
50735
50738
50741
50748
50766
50772
50773
50777
50810
50832
50866
50893
50907
50934
50935
50953
50953
50983
50993
51008
51060
51067
51068
51071
51080
51099
51101
51116
51128
51129
51134
51139
51142
51155
51183
51199
51207
51222
51235
51236
51241
51245
51267
51281
51290
51295
51350
51367
51379
51393
51406
51416
51424
51452
51453
51463
51473
51477
51485
51493
51497
51505
51552
51561
51561
51575
51582
51602
51606
51608
51645
51660
51678
51686
51689
51691
51695
51807
51816
51835
51882
51888
51923
51930
51933
51943
51953
51964
51965
51975
51995
52015
52020
52023
52050
52099
52099
52110
52134
52142
52151
52164
52168
52175
52203
52205
52253
52259
52266
52290
52298
52311
52315
52333
52340
52343
52347
52350
52356
52369
52379
52415
52475
52483
52502
52521
52526
52530
52540
52540
52563
52578
52620
52655
52655
52689
52695
52711
52716
52718
52745
52754
52763
52772
52784
52798
52828
52831
52837
52864
52911
52923
52934
52935
52942
52959
52967
53014
53018
53023
53051
53051
53061
53084
53129
53132
53133
53150
53155
53184
53205
53214
53218
53227
53241
53270
53327
53389
53393
53393
53411
53422
53474
53479
53512
53513
53521
53569
53578
53593
53595
53603
53612
53624
53635
53639
53645
53654
53659
53665
53666
53718
53745
53772
53786
53796
53812
53820
53836
53836
53838
53851
53891
53906
53923
53931
53935
53950
53975
53998
53998
54010
54020
54022
54065
54068
54078
54082
54095
54138
54177
54198
54215
54228
54235
54245
54247
54289
54289
54319
54330
54338
54342
54345
54350
54366
54390
54422
54442
54453
54512
54531
54542
54566
54589
54591
54596
54615
54619
54619
54644
54660
54666
54683
54690
54707
54714
54758
54766
54771
54789
54792
54794
54800
54830
54841
54877
54881
54899
54909
54911
54941
54943
54955
54971
54975
54975
54984
54986
55009
55022
55023
55046
55053
55053
55056
55079
55106
55134
55152
55165
55175
55189
55214
55245
55251
55272
55279
55300
55300
55304
55309
55312
55321
55322
55334
55336
55347
55383
55405
55422
55424
55448
55452
55459
55468
55472
55483
55502
55540
55558
55590
55605
55613
55616
55629
55633
55635
55652
55665
55668
55669
55680
55706
55726
55747
55748
55749
55761
55802
55817
55835
55840
55856
55880
55898
55908
55939
55946
55953
55989
55999
56000
56031
56032
56043
56045
56049
56065
56080
56090
56091
56105
56113
56113
56129
56147
56148
56175
56176
56216
56238
56239
56251
56253
56255
56257
56278
56291
56292
56292
56316
56335
56376
56381
56392
56403
56420
56429
56435
56441
56452
56460
56479
56503
56513
56514
56515
56533
56538
56539
56555
56581
56583
56599
56606
56625
56650
56664
56691
56697
56707
56712
56723
56765
56772
56822
56848
56866
56871
56873
56877
56941
56986
56996
56997
57016
57057
57065
57074
57087
57106
57144
57174
57185
57209
57213
57230
57252
57255
57261
57271
57281
57282
57313
57314
57339
57376
57378
57436
57446
57448
57488
57489
57496
57497
57516
57526
57527
57569
57623
57626
57658
57661
57674
57681
57698
57727
57756
57774
57775
57792
57793
57795
57838
57861
57871
57925
57927
57934
57965
57974
57979
58004
58023
58027
58049
58058
58074
58074
58082
58087
58098
58105
58189
58194
58208
58272
58298
58314
58347
58363
58365
58391
58407
58417
58434
58445
58486
58528
58538
58550
58578
58580
58582
58608
58610
58646
58647
58657
58661
58666
58668
58675
58678
58707
58725
58732
58744
58747
58775
58796
58821
58824
58830
58832
58838
58845
58858
58872
58884
58906
58964
58969
58988
58989
59009
59024
59027
59031
59043
59073
59096
59108
59120
59123
59126
59135
59178
59190
59217
59231
59232
59241
59245
59245
59260
59262
59278
59286
59291
59311
59319
59334
59337
59340
59364
59411
59421
59450
59485
59511
59544
59549
59566
59571
59584
59593
59654
59654
59656
59678
59688
59692
59727
59729
59735
59739
59760
59766
59771
59779
59857
59870
59882
59891
59932
59943
59953
60004
60032
60038
60041
60042
60050
60053
60061
60066
60071
60072
60073
60096
60099
60114
60145
60147
60169
60179
60206
60231
60233
60236
60240
60241
60251
60268
60310
60311
60313
60334
60357
60374
60484
60530
60570
60614
60623
60629
60635
60647
60662
60662
60669
60679
60720
60729
60758
60770
60780
60788
60797
60803
60814
60866
60867
60875
60894
60896
60898
60912
60922
60932
60953
60953
60991
61022
61037
61049
61056
61072
61076
61077
61085
61086
61095
61116
61131
61134
61137
61162
61205
61218
61252
61263
61287
61313
61334
61342
61363
61367
61370
61374
61377
61432
61442
61447
61448
61463
61467
61474
61501
61504
61527
61528
61538
61555
61561
61571
61587
61589
61609
61623
61663
61693
61718
61752
61779
61787
61810
61829
61861
61862
61862
61864
61950
61953
61994
61999
62009
62013
62027
62034
62045
62046
62046
62055
62073
62079
62081
62096
62115
62117
62139
62143
62170
62204
62217
62218
62219
62224
62233
62237
62257
62262
62272
62276
62297
62300
62301
62309
62317
62331
62338
62344
62348
62349
62361
62387
62400
62401
62405
62423
62431
62443
62443
62456
62459
62477
62479
62480
62497
62513
62526
62564
62565
62586
62605
62620
62624
62657
62670
62674
62695
62713
62726
62727
62756
62776
62790
62828
62835
62836
62840
62867
62887
62892
62905
62921
62935
62949
62954
62965
62990
62991
63011
63016
63019
63020
63033
63035
63050
63059
63069
63118
63123
63124
63138
63153
63246
63252
63293
63294
63325
63335
63337
63346
63347
63365
63458
63494
63515
63522
63538
63552
63565
63572
63604
63618
63644
63681
63734
63737
63762
63857
63861
63868
63886
63896
63916
63933
63941
63978
64011
64018
64029
64038
64113
64156
64166
64169
64201
64212
64213
64226
64234
64267
64276
64297
64299
64299
64327
64329
64356
64368
64402
64408
64411
64427
64434
64438
64452
64457
64461
64476
64477
64489
64498
64501
64523
64573
64578
64590
64594
64602
64609
64613
64625
64657
64665
64736
64744
64753
64765
64832
64852
64854
64857
64864
64876
64889
64898
64928
64944
64951
64957
64964
64965
64971
64972
65032
65041
65044
65045
65120
65129
65140
65161
65164
65170
65196
65222
65222
65237
65246
65258
65291
65300
65301
65331
65332
65344
65354
65356
65373
65395
65423
65426
65452
65497
65513
65519
65531
65536
65543
65558
65570
65594
65624
65674
65718
65722
65743
65759
65782
65818
65823
65853
65921
65978
65999
66036
66089
66098
66141
66178
66215
66255
66280
66282
66296
66303
66319
66334
66386
66410
66421
66424
66427
66452
66460
66465
66476
66487
66499
66522
66526
66537
66587
66590
66604
66613
66659
66660
66662
66670
66683
66685
66715
66716
66719
66757
66775
66794
66809
66820
66823
66831
66833
66873
66886
66900
66902
66912
66943
66945
66950
66956
66961
66974
66975
66983
66997
67002
67004
67010
67018
67025
67048
67058
67059
67063
67083
67089
67108
67112
67152
67159
67163
67168
67173
67186
67252
67295
67299
67313
67319
67322
67335
67337
67370
67370
67384
67394
67414
67415
67416
67418
67461
67488
67510
67541
67544
67549
67555
67576
67584
67591
67603
67619
67642
67651
67699
67728
67774
67796
67843
67851
67876
67884
67933
67953
67954
67955
67967
67970
68008
68052
68064
68072
68074
68097
68097
68122
68126
68166
68178
68180
68198
68203
68203
68208
68227
68237
68249
68275
68313
68316
68320
68327
68347
68360
68380
68390
68403
68405
68437
68453
68458
68468
68474
68485
68489
68495
68495
68503
68506
68517
68529
68529
68530
68554
68564
68572
68577
68591
68595
68606
68609
68621
68663
68664
68677
68688
68709
68749
68751
68764
68786
68812
68817
68819
68822
68843
68846
68868
68884
68888
68890
68892
68906
68918
68919
68929
68945
69025
69041
69042
69043
69055
69059
69073
69079
69082
69084
69108
69121
69130
69168
69217
69223
69275
69276
69314
69321
69328
69338
69340
69344
69360
69406
69431
69479
69489
69497
69501
69507
69512
69520
69527
69530
69536
69537
69542
69561
69583
69584
69593
69610
69612
69633
69660
69661
69667
69672
69679
69692
69694
69700
69740
