38
44
47
48
61
68
78
91
110
111
113
118
119
120
121
133
152
171
172
186
212
212
218
220
222
235
250
251
255
284
301
306
306
321
328
356
357
374
375
381
383
389
420
432
454
457
459
472
474
476
496
501
504
509
531
554
565
596
600
657
659
700
719
728
734
740
744
749
753
765
765
773
775
780
787
790
802
807
808
819
828
834
864
886
893
899
901
922
936
939
941
943
950
950
974
985
991
1003
1007
1007
1007
1007
1011
1025
1044
1047
1052
1063
1079
1093
1101
1109
1118
1151
1156
1171
1185
1186
1190
1193
1204
1206
1211
1219
1242
1245
1247
1250
1276
1283
1319
1326
1326
1334
1347
1351
1352
1362
1364
1364
1378
1380
1385
1397
1398
1405
1410
1421
1423
1423
1428
1435
1445
1447
1451
1455
1486
1502
1506
1510
1519
1531
1554
1556
1559
1560
1571
1572
1589
1622
1636
1636
1637
1642
1643
1650
1667
1668
1674
1691
1701
1702
1715
1717
1717
1726
1736
1745
1765
1767
1780
1795
1850
1851
1855
1863
1867
1872
1872
1879
1913
1915
1933
1952
1954
1955
1957
1966
1975
1976
1988
1995
2001
2007
2020
2024
2036
2049
2059
2060
2066
2075
2078
2080
2083
2095
2107
2107
2111
2113
2125
2126
2128
2130
2132
2135
2140
2146
2149
2171
2175
2184
2185
2198
2233
2239
2245
2258
2258
2275
2286
2288
2340
2356
2362
2366
2372
2382
2387
2388
2394
2399
2408
2449
2476
2495
2500
2500
2505
2517
2532
2544
2577
2578
2585
2595
2630
2632
2643
2645
2648
2655
2656
2664
2690
2701
2709
2714
2719
2725
2748
2751
2758
2775
2775
2776
2782
2782
2784
2793
2797
2803
2804
2811
2820
2827
2841
2842
2851
2855
2870
2872
2878
2885
2890
2891
2903
2905
2907
2912
2912
2914
2914
2919
2921
2937
2952
2962
2964
2984
2984
3012
3021
3027
3029
3035
3051
3054
3055
3067
3073
3082
3088
3097
3113
3114
3146
3169
3173
3190
3194
3196
3206
3217
3246
3249
3255
3270
3277
3287
3289
3298
3318
3327
3336
3342
3344
3345
3427
3429
3464
3467
3477
3478
3480
3485
3488
3495
3504
3515
3519
3534
3550
3577
3579
3581
3606
3619
3633
3642
3650
3653
3677
3687
3695
3714
3715
3722
3727
3733
3734
3735
3741
3765
3767
3772
3777
3783
3788
3802
3815
3818
3844
3871
3877
3877
3882
3888
3890
3898
3898
3902
3908
3912
3914
3915
3917
3918
3937
3942
3954
3960
3966
3968
3977
3977
3985
3987
3990
3997
3999
4011
4014
4023
4034
4042
4084
4115
4137
4141
4143
4148
4172
4184
4194
4194
4194
4196
4198
4201
4202
4205
4208
4210
4236
4270
4271
4300
4305
4325
4325
4328
4328
4334
4359
4365
4380
4381
4402
4402
4403
4420
4429
4436
4445
4446
4449
4450
4454
4463
4468
4472
4480
4491
4498
4498
4524
4544
4553
4558
4561
4563
4564
4584
4586
4610
4611
4613
4616
4617
4619
4627
4637
4641
4658
4667
4677
4684
4720
4721
4731
4740
4744
4758
4790
4804
4808
4823
4834
4847
4876
4877
4889
4902
4903
4912
4915
4917
4929
4966
4968
4976
4983
5008
5013
5058
5058
5061
5061
5065
5078
5085
5085
5093
5097
5103
5109
5124
5127
5128
5133
5148
5161
5162
5167
5176
5177
5187
5188
5188
5191
5191
5244
5251
5252
5252
5283
5300
5300
5300
5321
5323
5359
5363
5387
5404
5419
5420
5434
5442
5448
5455
5463
5466
5473
5482
5483
5484
5493
5495
5499
5513
5515
5523
5530
5542
5546
5557
5564
5568
5584
5597
5608
5612
5614
5621
5629
5630
5650
5655
5656
5670
5697
5711
5716
5733
5757
5763
5794
5803
5810
5814
5824
5836
5839
5852
5854
5856
5871
5911
5915
5920
5925
5926
5945
5951
5959
5959
5990
5997
6000
6003
6004
6007
6012
6013
6027
6033
6050
6060
6078
6080
6127
6133
6137
6156
6167
6174
6177
6182
6189
6203
6204
6212
6220
6222
6222
6230
6248
6260
6280
6288
6310
6313
6334
6337
6344
6353
6354
6354
6362
6366
6373
6374
6388
6394
6395
6398
6407
6409
6427
6458
6460
6474
6484
6488
6491
6493
6495
6530
6564
6574
6579
6593
6596
6608
6613
6622
6627
6646
6653
6657
6683
6683
6706
6733
6743
6748
6749
6749
6752
6755
6758
6762
6773
6777
6787
6800
6806
6816
6818
6822
6824
6833
6833
6834
6835
6840
6845
6874
6895
6899
6900
6902
6903
6933
6944
6946
6953
6956
6956
6990
6991
7003
7012
7064
7074
7077
7090
7132
7133
7160
7171
7182
7185
7196
7216
7217
7218
7239
7259
7307
7314
7318
7319
7320
7334
7338
7342
7344
7361
7371
7373
7378
7380
7393
7396
7414
7415
7423
7425
7440
7442
7461
7466
7510
7512
7516
7534
7537
7537
7538
7541
7562
7568
7574
7585
7586
7587
7594
7600
7600
7621
7626
7629
7634
7634
7637
7641
7648
7652
7656
7657
7671
7671
7673
7682
7685
7690
7706
7770
7773
7778
7787
7793
7796
7797
7813
7816
7822
7835
7840
7846
7847
7864
7864
7880
7883
7894
7909
7916
7927
7932
7946
7953
7980
7984
7991
7994
8001
8001
8004
8012
8041
8047
8049
8049
8056
8058
8068
8068
8098
8108
8109
8116
8122
8123
8134
8137
8137
8138
8140
8155
8166
8183
8187
8189
8195
8196
8215
8217
8240
8244
8246
8247
8262
8267
8277
8278
8301
8315
8318
8333
8334
8357
8376
8404
8404
8414
8428
8428
8432
8439
8440
8464
8493
8496
8512
8522
8525
8544
8561
8564
8566
8568
8570
8574
8598
8599
8600
8607
8615
8619
8629
8635
8667
8668
8676
8696
8715
8715
8716
8720
8729
8737
8750
8752
8755
8757
8761
8771
8784
8788
8792
8808
8809
8814
8816
8821
8824
8826
8833
8836
8851
8853
8862
8864
8865
8876
8892
8901
8905
8905
8907
8913
8914
8920
8921
8926
8946
8952
8966
8968
8994
8999
9002
9014
9015
9024
9025
9033
9052
9057
9061
9085
9085
9088
9103
9108
9122
9155
9158
9168
9186
9194
9202
9204
9234
9256
9259
9260
9271
9278
9288
9295
9300
9316
9325
9344
9344
9361
9374
9385
9409
9421
9431
9432
9437
9441
9451
9452
9456
9467
9473
9474
9475
9485
9506
9518
9536
9540
9570
9581
9605
9616
9621
9623
9627
9643
9649
9656
9665
9669
9678
9713
9726
9735
9740
9742
9745
9749
9750
9751
9763
9778
9784
9785
9787
9787
9805
9811
9819
9819
9836
9844
9849
9868
9868
9876
9910
9913
9925
9934
9934
9937
9937
9954
9959
9968
9978
9998
10009
10010
10030
10060
10089
10099
10104
10106
10119
10128
10129
10139
10140
10152
10157
10171
10172
10175
10176
10176
10220
10227
10234
10248
10295
10299
10304
10314
10318
10325
10331
10338
10339
10340
10342
10376
10379
10379
10382
10386
10389
10399
10412
10425
10438
10493
10495
10499
10522
10523
10534
10548
10552
10561
10568
10572
10576
10582
10588
10605
10613
10629
10647
10681
10692
10702
10706
10710
10711
10723
10729
10753
10755
10766
10767
10769
10795
10804
10811
10817
10825
10835
10837
10837
10844
10847
10850
10872
10886
10910
10915
10918
10930
10941
10965
10968
10986
11007
11007
11023
11024
11028
11045
11052
11056
11064
11078
11080
11086
11088
11135
11140
11153
11167
11168
11172
11193
11200
11201
11208
11227
11229
11235
11237
11238
11243
11254
11255
11266
11270
11326
11331
11337
11338
11354
11363
11372
11373
11387
11393
11394
11398
11406
11409
11417
11431
11450
11454
11470
11472
11479
11481
11493
11494
11495
11516
11517
11518
11532
11532
11537
11552
11555
11556
11573
11579
11587
11605
11627
11637
11642
11645
11657
11663
11666
11667
11685
11692
11694
11696
11734
11744
11750
11780
11783
11786
11793
11802
11807
11815
11826
11839
11855
11862
11865
11867
11875
11879
11895
11933
11939
11961
11984
11987
11987
11994
11999
12020
12023
12046
12056
12058
12067
12076
12078
12096
12110
12117
12126
12135
12156
12163
12164
12166
12167
12181
12182
12183
12219
12226
12242
12252
12252
12253
12262
12262
12268
12279
12286
12294
12297
12309
12326
12341
12347
12350
12357
12371
12375
12376
12396
12399
12408
12412
12416
12417
12421
12431
12436
12442
12444
12450
12464
12467
12469
12489
12489
12490
12500
12510
12544
12548
12554
12573
12574
12575
12578
12593
12611
12637
12642
12662
12664
12670
12686
12696
12701
12710
12720
12727
12729
12743
12764
12765
12785
12785
12786
12787
12787
12789
12793
12795
12801
12802
12803
12806
12806
12810
12818
12826
12840
12842
12855
12857
12865
12873
12886
12900
12900
12912
12914
12914
12945
12966
12972
12978
12988
13027
13031
13044
13045
13054
13055
13068
13068
13090
13093
13095
13104
13113
13116
13117
13120
13127
13129
13140
13160
13162
13167
13173
13185
13189
13199
13208
13209
13215
13216
13228
13234
13255
13260
13276
13285
13290
13292
13292
13295
13328
13334
13349
13393
13398
13409
13412
13443
13446
13448
13455
13455
13462
13478
13478
13479
13480
13489
13491
13500
13501
13511
13527
13532
13546
13559
13581
13586
13592
13602
13617
13619
13625
13626
13644
13649
13652
13675
13688
13690
13705
13712
13721
13722
13728
13730
13731
13734
13737
13738
13744
13754
13761
13762
13767
13776
13778
13780
13781
13784
13788
13793
13806
13823
13830
13833
13838
13846
13858
13859
13879
13879
13880
13884
13888
13917
13918
13920
13927
13940
13958
13962
13974
13977
13978
13993
14000
14010
14017
14019
14025
14032
14034
14063
14071
14075
14076
14085
14086
14095
14105
14108
14112
14120
14121
14127
14144
14159
14160
14165
14167
14173
14180
14200
14205
14215
14218
14245
14258
14271
14274
14276
14277
14282
14289
14307
14312
14324
14328
14352
14358
14361
14371
14374
14387
14390
14392
14414
14435
14446
14466
14478
14489
14498
14503
14506
14506
14506
14519
14531
14536
14550
14552
14555
14558
14561
14575
14576
14590
14608
14625
14627
14628
14630
14633
14636
14700
14701
14706
14708
14711
14711
14747
14758
14759
14761
14767
14784
14794
14794
14799
14801
14810
14815
14819
14828
14830
14831
14844
14869
14888
14906
14907
14918
14929
14957
14968
14973
14994
15000
15000
15011
15016
15027
15047
15057
15058
15065
15069
15072
15078
15081
15081
15090
15130
15130
15146
15146
15151
15162
15165
15168
15173
15178
15185
15196
15205
15206
15210
15226
15234
15260
15262
15270
15277
15284
15294
15297
15305
15309
15324
15325
15334
15338
15343
15351
15355
15367
15381
15388
15389
15423
15423
15428
15446
15476
15478
15500
15508
15514
15536
15542
15560
15562
15565
15572
15575
15588
15591
15610
15612
15624
15633
15638
15649
15653
15657
15690
15708
15709
15719
15720
15728
15748
15749
15758
15772
15794
15795
15802
15806
15824
15827
15828
15836
15842
15859
15868
15869
15869
15882
15890
15905
15920
15924
15965
15969
15974
15990
16002
16008
16012
16013
16016
16018
16031
16042
16049
16066
16069
16075
16081
16086
16088
16095
16098
16113
16120
16131
16135
16151
16158
16158
16167
16188
16190
16197
16209
16223
16223
16251
16261
16266
16269
16285
16305
16308
16324
16334
16344
16376
16382
16409
16423
16435
16437
16440
16450
16467
16467
16479
16484
16503
16505
16507
16512
16524
16535
16540
16590
16604
16608
16610
16611
16621
16628
16639
16644
16646
16653
16655
16664
16685
16693
16703
16704
16710
16711
16722
16725
16754
16759
16777
16780
16780
16787
16796
16820
16826
16827
16830
16832
16842
16843
16850
16858
16872
16878
16887
16901
16910
16912
16913
16918
16918
16938
16942
16956
16974
16977
16977
16981
16994
17003
17013
17033
17035
17041
17042
17046
17055
17061
17065
17069
17075
17079
17090
17091
17102
17120
17126
17135
17156
17165
17173
17177
17180
17183
17187
17188
17197
17202
17209
17223
17225
17229
17232
17232
17236
17240
17244
17246
17266
17266
17272
17284
17303
17324
17332
17341
17346
17347
17356
17366
17373
17386
17388
17394
17415
17417
17424
17430
17430
17431
17432
17444
17445
17449
17479
17493
17497
17509
17516
17519
17519
17535
17539
17543
17564
17567
17589
17602
17602
17611
17629
17640
17655
17673
17686
17686
17715
17717
17725
17760
17773
17786
17787
17788
17796
17806
17817
17819
17820
17822
17825
17841
17852
17860
17860
17864
17870
17880
17882
17904
17905
17905
17913
17943
17944
17960
17962
17966
17989
17995
18008
18019
18021
18031
18043
18074
18075
18077
18078
18101
18104
18106
18107
18121
18124
18137
18144
18146
18161
18161
18173
18190
18199
18199
18202
18202
18215
18216
18245
18245
18264
18265
18273
18275
18292
18295
18301
18306
18322
18338
18373
18394
18407
18411
18423
18428
18461
18476
18480
18482
18519
18519
18523
18531
18533
18548
18548
18551
18562
18585
18591
18601
18608
18612
18622
18623
18624
18632
18645
18645
18646
18650
18654
18660
18670
18677
18679
18681
18691
18709
18733
18739
18752
18752
18755
18762
18765
18790
18805
18860
18863
18881
18882
18889
18895
18898
18899
18905
18912
18923
18935
18938
18943
18963
18972
18980
18994
19002
19012
19014
19016
19045
19059
19061
19067
19073
19075
19085
19099
19119
19127
19140
19165
19170
19175
19196
19201
19225
19245
19246
19271
19273
19279
19310
19344
19348
19349
19357
19362
19381
19436
19442
19449
19454
19465
19471
19473
19482
19516
19518
19527
19531
19537
19538
19550
19556
19557
19564
19626
19631
19651
19654
19654
19659
19663
19669
19671
19671
19673
19676
19683
19693
19698
19704
19705
19708
19721
19727
19744
19754
19755
19767
19796
19816
19821
19826
19834
19850
19887
19900
19908
19914
19930
19935
19937
19938
19939
19939
19949
19950
19959
19985
19988
20025
20029
20039
20070
20076
20085
20094
20099
20130
20138
20142
20142
20153
20162
20169
20174
20182
20183
20194
20197
20199
20239
20239
20243
20247
20251
20270
20273
20278
20306
20325
20338
20367
20377
20379
20410
20415
20427
20427
20431
20434
20441
20459
20474
20475
20492
20514
20516
20533
20533
20551
20551
20551
20563
20578
20581
20602
20604
20606
20607
20607
20607
20612
20615
20627
20627
20636
20643
20650
20650
20662
20672
20691
20714
20718
20724
20737
20743
20750
20751
20752
20761
20767
20774
20784
20788
20791
20799
20807
20811
20846
20846
20875
20911
20916
20919
20920
20921
20931
20934
20939
20947
20954
20957
20959
20965
20970
20970
20973
20977
20986
20987
20995
21000
21002
21004
21007
21022
21037
21048
21077
21079
21085
21088
21090
21104
21121
21162
21172
21173
21174
21181
21183
21185
21195
21204
21206
21207
21218
21250
21251
21268
21279
21297
21318
21356
21366
21371
21375
21387
21391
21403
21417
21426
21432
21435
21437
21441
21442
21445
21447
21452
21456
21479
21479
21482
21490
21493
21495
21499
21519
21522
21551
21569
21578
21621
21625
21643
21653
21653
21660
21665
21668
21671
21671
21679
21680
21681
21689
21690
21703
21707
21715
21721
21738
21758
21772
21781
21782
21821
21824
21826
21828
21831
21855
21855
21872
21879
21883
21898
21908
21912
21913
21917
21920
21945
21950
21968
21976
21979
21993
21999
22008
22013
22020
22022
22027
22028
22029
22047
22104
22114
22120
22140
22147
22158
22166
22167
22179
22184
22192
22192
22194
22195
22202
22212
22220
22225
22230
22259
22263
22263
22273
22281
22292
22336
22351
22369
22370
22372
22373
22390
22405
22414
22425
22428
22436
22437
22439
22442
22453
22457
22462
22463
22469
22488
22492
22500
22500
22507
22520
22521
22526
22532
22604
22645
22646
22650
22658
22663
22664
22682
22682
22689
22692
22720
22742
22745
22749
22767
22772
22773
22775
22793
22805
22806
22814
22825
22827
22849
22863
22881
22882
22891
22892
22903
22908
22920
22933
22934
22936
22940
22960
22965
22966
22969
22998
23001
23011
23032
23035
23041
23043
23058
23069
23069
23082
23085
23094
23095
23114
23139
23168
23191
23206
23206
23211
23214
23219
23223
23236
23240
23251
23268
23276
23283
23289
23292
23294
23299
23316
23322
23326
23335
23336
23344
23353
23357
23357
23374
23382
23393
23395
23404
23414
23427
23430
23481
23484
23497
23499
23507
23515
23518
23523
23525
23525
23527
23542
23569
23582
23588
23589
23595
23601
23602
23602
23605
23608
23638
23641
23657
23659
23687
23688
23693
23704
23704
23727
23772
23788
23804
23817
23828
23831
23841
23854
23865
23872
23876
23877
23883
23902
23913
23924
23948
23951
23955
23970
23985
23992
23994
23994
24007
24020
24030
24036
24043
24047
24052
24057
24064
24068
24074
24079
24080
24092
24100
24102
24105
24107
24121
24131
24137
24140
24145
24152
24188
24195
24198
24203
24209
24211
24223
24228
24240
24241
24242
24246
24259
24280
24337
24344
24376
24377
24382
24388
24388
24392
24396
24405
24406
24418
24424
24434
24437
24437
24440
24452
24477
24485
24485
24494
24495
24509
24519
24551
24553
24557
24576
24578
24583
24583
24599
24603
24614
24635
24654
24662
24675
24684
24689
24744
24745
24747
24750
24756
24759
24765
24783
24786
24790
24799
24799
24800
24802
24811
24861
24886
24893
24897
24910
24917
24917
24942
24953
24969
24973
24974
24985
25021
25036
25040
25050
25087
25088
25093
25104
25105
25106
25106
25111
25113
25139
25145
25150
25154
25157
25157
25161
25165
25168
25178
25181
25191
25199
25227
25235
25240
25242
25257
25261
25269
25276
25296
25308
25308
25315
25317
25320
25332
25340
25346
25346
25366
25367
25374
25380
25406
25410
25421
25430
25436
25440
25442
25465
25477
25489
25499
25509
25512
25523
25529
25539
25562
25574
25578
25589
25612
25614
25618
25627
25629
25632
25634
25641
25648
25659
25660
25683
25708
25721
25721
25729
25739
25742
25749
25759
25760
25774
25790
25795
25818
25826
25837
25839
25845
25851
25863
25876
25892
25894
25900
25901
25904
25904
25915
25956
25960
26020
26033
26053
26071
26090
26092
26096
26103
26116
26132
26137
26200
26200
26202
26205
26228
26237
26247
26255
26255
26257
26261
26268
26294
26326
26327
26330
26332
26337
26337
26337
26355
26356
26400
26411
26432
26438
26438
26446
26448
26471
26481
26488
26495
26502
26502
26512
26516
26517
26519
26520
26525
26534
26535
26536
26537
26539
26540
26544
26545
26559
26562
26564
26590
26593
26609
26615
26621
26626
26636
26637
26653
26657
26661
26665
26674
26685
26686
26702
26711
26715
26719
26737
26744
26744
26754
26756
26761
26781
26789
26789
26796
26796
26813
26815
26824
26834
26875
26889
26889
26913
26932
26963
26963
26971
26971
26979
26997
27001
27020
27027
27078
27091
27099
27111
27116
27129
27142
27152
27152
27166
27169
27178
27215
27236
27236
27244
27247
27253
27254
27257
27260
27263
27265
27283
27304
27316
27324
27335
27344
27344
27347
27351
27352
27391
27394
27407
27414
27419
27442
27455
27478
27491
27491
27498
27498
27510
27520
27531
27531
27536
27547
27552
27556
27558
27559
27568
27582
27589
27594
27596
27602
27612
27613
27613
27620
27623
27629
27646
27662
27664
27665
27670
27679
27683
27689
27690
27694
27700
27705
27707
27708
27735
27751
27751
27762
27762
27765
27781
27784
27789
27804
27818
27843
27858
27872
27884
27897
27903
27917
27933
27935
27944
27953
27959
27959
27993
27996
27998
28011
28013
28015
28022
28024
28030
28034
28045
28053
28055
28077
28085
28087
28095
28099
28101
28103
28114
28114
28119
28152
28186
28208
28208
28257
28258
28262
28270
28299
28300
28306
28349
28350
28351
28357
28360
28369
28386
28387
28424
28425
28427
28427
28430
28431
28442
28460
28467
28468
28469
28484
28486
28490
28496
28500
28508
28519
28527
28534
28551
28554
28567
28572
28587
28592
28596
28598
28598
28600
28607
28627
28643
28656
28671
28684
28697
28703
28704
28709
28719
28753
28757
28757
28763
28773
28782
28789
28789
28790
28800
28801
28809
28814
28822
28833
28835
28838
28843
28849
28855
28869
28875
28893
28904
28921
28956
28957
28961
28970
28974
28985
29001
29010
29021
29039
29064
29071
29072
29072
29078
29085
29096
29101
29130
29131
29133
29164
29168
29173
29173
29187
29191
29207
29222
29234
29254
29259
29263
29263
29305
29311
29321
29326
29328
29332
29336
29338
29351
29357
29362
29368
29373
29374
29393
29403
29406
29406
29416
29434
29454
29458
29459
29460
29469
29470
29490
29532
29542
29551
29562
29562
29563
29572
29580
29585
29595
29599
29611
29618
29619
29620
29628
29633
29641
29655
29670
29675
29687
29697
29702
29722
29722
29737
29737
29738
29765
29774
29775
29776
29784
29786
29811
29816
29847
29882
29884
29888
29892
29898
29898
29899
29902
29908
29911
29913
29920
29951
29963
29976
29994
29995
30000
30022
30037
30039
30052
30058
30060
30075
30118
30134
30151
30167
30181
30184
30193
30198
30200
30205
30206
30210
30211
30214
30216
30225
30226
30260
30265
30268
30269
30270
30288
30288
30298
30302
30318
30331
30346
30355
30358
30368
30373
30389
30393
30395
30402
30404
30407
30414
30446
30450
30467
30470
30471
30481
30497
30506
30514
30517
30520
30532
30534
30581
30589
30598
30609
30616
30628
30652
30654
30661
30673
30674
30675
30676
30690
30711
30724
30729
30751
30762
30772
30774
30796
30799
30818
30832
30834
30834
30862
30872
30895
30903
30912
30921
30945
30960
30966
30973
30987
30995
31004
31008
31010
31013
31022
31024
31039
31057
31060
31095
31101
31127
31132
31171
31177
31180
31182
31188
31188
31212
31242
31243
31263
31263
31278
31282
31291
31301
31315
31320
31324
31324
31327
31327
31328
31336
31339
31347
31352
31355
31362
31371
31372
31373
31405
31410
31415
31417
31434
31435
31456
31469
31481
31483
31493
31499
31509
31509
31513
31519
31526
31527
31543
31543
31548
31550
31557
31561
31568
31576
31589
31592
31597
31604
31607
31622
31627
31639
31653
31654
31703
31715
31736
31738
31740
31741
31758
31760
31782
31784
31807
31818
31822
31824
31825
31825
31834
31837
31851
31855
31889
31897
31908
31909
31912
31916
31941
31944
31947
31955
31955
31962
31963
31972
31991
32010
32024
32025
32064
32070
32079
32079
32082
32086
32094
32107
32111
32113
32150
32158
32200
32206
32206
32232
32234
32245
32272
32282
32288
32290
32304
32307
32320
32332
32373
32392
32407
32412
32415
32416
32432
32446
32449
32450
32453
32457
32475
32481
32482
32494
32523
32531
32544
32545
32551
32565
32586
32600
32602
32611
32614
32619
32638
32640
32641
32644
32663
32667
32677
32684
32686
32694
32704
32705
32717
32718
32735
32737
32744
32747
32771
32772
32781
32789
32789
32798
32807
32810
32816
32816
32844
32856
32856
32857
32857
32873
32875
32880
32884
32909
32912
32915
32916
32927
32949
32958
32962
32965
32988
32994
32999
33004
33012
33017
33021
33032
33035
33038
33058
33082
33092
33099
33117
33129
33147
33150
33150
33154
33162
33174
33176
33182
33186
33204
33217
33219
33220
33233
33235
33239
33282
33291
33295
33318
33318
33324
33332
33345
33347
33354
33358
33362
33374
33376
33377
33391
33398
33399
33412
33413
33419
33434
33442
33462
33478
33478
33480
33482
33487
33495
33510
33532
33532
33546
33555
33577
33592
33606
33617
33624
33635
33638
33641
33658
33666
33676
33682
33688
33694
33729
33730
33742
33766
33767
33773
33782
33789
33791
33811
33816
33829
33830
33839
33847
33853
33857
33866
33866
33867
33875
33879
33889
33894
33900
33908
33914
33932
33934
33943
33948
33963
33964
33965
33970
34003
34007
34020
34030
34036
34042
34043
34049
34052
34058
34086
34094
34132
34142
34152
34158
34162
34185
34203
34210
34226
34250
34261
34264
34264
34288
34296
34297
34312
34320
34322
34324
34325
34327
34335
34347
34347
34354
34356
34365
34365
34374
34374
34374
34375
34376
34378
34381
34385
34386
34420
34437
34448
34450
34454
34463
34470
34475
34483
34488
34493
34499
34525
34547
34555
34575
34577
34608
34616
34617
34619
34630
34636
34640
34642
34642
34652
34656
34662
34662
34675
34682
34683
34701
34703
34709
34714
34723
34731
34735
34743
34767
34773
34782
34799
34807
34811
34826
34829
34831
34848
34848
34850
34854
34857
34865
34869
34871
34872
34894
34916
34927
34974
34975
34979
34981
34982
35003
35004
35008
35011
35018
35020
35026
35044
35056
35070
35078
35079
35086
35087
35092
35092
35097
35111
35113
35118
35131
35138
35142
35163
35169
35170
35180
35185
35199
35201
35215
35222
35226
35228
35234
35244
35246
35254
35264
35265
35278
35291
35294
35296
35298
35306
35320
35324
35330
35331
35337
35376
35380
35396
35413
35414
35425
35426
35433
35445
35446
35464
35466
35467
35473
35475
35482
35487
35491
35492
35495
35496
35527
35529
35542
35544
35555
35557
35559
35587
35590
35612
35618
35618
35625
35637
35654
35666
35674
35675
35696
35715
35722
35738
35750
35751
35763
35768
35809
35813
35824
35827
35827
35830
35842
35847
35853
35858
35904
35921
35928
35958
35966
35967
35971
35984
35987
35988
36003
36025
36033
36033
36035
36036
36041
36044
36072
36076
36076
36099
36106
36108
36120
36133
36155
36156
36160
36166
36172
36173
36175
36179
36193
36197
36200
36206
36212
36214
36220
36225
36229
36231
36232
36236
36242
36274
36282
36286
36311
36322
36383
36430
36440
36448
36456
36461
36508
36509
36516
36525
36535
36537
36538
36539
36540
36551
36563
36570
36614
36617
36625
36628
36647
36655
36658
36662
36667
36668
36672
36674
36676
36697
36705
36745
36756
36771
36777
36784
36790
36802
36807
36822
36825
36836
36846
36849
36870
36892
36894
36895
36905
36923
36926
36935
36940
36963
36969
36991
36999
37017
37019
37039
37043
37054
37061
37061
37077
37088
37089
37094
37100
37120
37128
37135
37145
37146
37150
37153
37161
37162
37177
37181
37184
37196
37197
37226
37240
37248
37250
37250
37266
37269
37282
37290
37290
37299
37313
37321
37323
37330
37335
37364
37366
37376
37387
37405
37418
37430
37454
37457
37458
37472
37474
37489
37494
37499
37502
37507
37507
37517
37517
37518
37524
37542
37554
37556
37572
37586
37591
37599
37608
37649
37690
37693
37715
37715
37717
37738
37761
37781
37782
37782
37789
37804
37806
37807
37817
37834
37835
37838
37843
37854
37855
37855
37856
37856
37856
37858
37862
37866
37866
37876
37881
37882
37884
37885
37899
37903
37948
37948
37948
37950
37951
37960
37965
37966
38008
38025
38028
38035
38054
38059
38064
38074
38074
38075
38087
38097
38100
38101
38103
38132
38140
38149
38149
38151
38162
38165
38165
38165
38176
38177
38185
38190
38198
38198
38200
38212
38222
38242
38249
38253
38258
38282
38292
38327
38360
38372
38378
38379
38386
38388
38425
38436
38442
38445
38453
38453
38459
38461
38464
38481
38491
38492
38495
38496
38503
38515
38530
38545
38554
38563
38566
38569
38571
38574
38585
38597
38606
38607
38611
38615
38617
38629
38633
38653
38673
38687
38694
38696
38699
38701
38726
38731
38731
38742
38743
38753
38778
38809
38814
38821
38839
38842
38851
38857
38857
38862
38868
38869
38872
38875
38876
38887
38905
38914
38917
38924
38929
38932
38945
38950
38953
38959
38961
38964
38971
39012
39036
39040
39044
39046
39070
39091
39092
39095
39102
39105
39106
39131
39143
39144
39145
39148
39151
39154
39166
39170
39181
39202
39204
39204
39208
39219
39220
39220
39227
39242
39259
39269
39277
39286
39289
39295
39298
39301
39312
39313
39316
39316
39335
39366
39387
39396
39414
39428
39436
39437
39446
39455
39461
39470
39484
39495
39497
39509
39526
39557
39567
39570
39571
39572
39575
39599
39600
39604
39612
39614
39621
39634
39637
39647
39659
39664
39678
39682
39683
39696
39696
39719
39727
39729
39731
39732
39758
39774
39780
39787
39788
39793
39812
39824
39841
39855
39863
39864
39899
39906
39908
39918
39940
39942
39943
39970
39971
39975
39981
40014
40027
40030
40033
40044
40056
40061
40063
40084
40089
40095
40103
40116
40117
40122
40130
40136
40142
40161
40175
40179
40183
40189
40201
40202
40214
40216
40216
40221
40227
40244
40247
40260
40265
40272
40274
40275
40277
40291
40297
40315
40320
40325
40329
40336
40346
40402
40420
40422
40431
40436
40451
40452
40459
40499
40525
40525
40529
40542
40544
40551
40564
40565
40566
40566
40580
40599
40615
40615
40650
40653
40655
40663
40725
40733
40734
40744
40748
40749
40750
40765
40770
40783
40808
40811
40823
40826
40834
40847
40847
40850
40854
40857
40859
40865
40883
40890
40891
40892
40896
40908
40910
40922
40930
40934
40935
40936
40940
40965
40966
40971
40971
40984
40997
40998
41000
41011
41025
41035
41035
41042
41050
41060
41065
41094
41096
41097
41105
41111
41112
41128
41130
41131
41132
41138
41140
41142
41150
41151
41165
41166
41171
41176
41180
41183
41198
41207
41209
41216
41217
41225
41228
41239
41240
41248
41280
41287
41302
41304
41313
41317
41330
41331
41341
41382
41390
41391
41410
41410
41433
41450
41452
41459
41473
41500
41503
41505
41507
41507
41521
41530
41532
41552
41554
41556
41565
41567
41577
41582
41595
41607
41609
41615
41622
41627
41630
41644
41654
41659
41668
41674
41679
41679
41688
41696
41704
41717
41717
41728
41728
41730
41741
41751
41765
41778
41793
41799
41801
41806
41821
41825
41825
41826
41826
41837
41846
41854
41857
41875
41910
41912
41938
41953
41956
41959
41978
41981
41982
41984
41990
41991
41992
41994
42001
42009
42029
42031
42033
42044
42052
42059
42083
42087
42099
42105
42130
42130
42146
42151
42163
42172
42179
42191
42201
42210
42213
42216
42234
42238
42241
42260
42268
42271
42274
42287
42296
42302
42322
42322
42333
42334
42335
42337
42339
42343
42350
42379
42382
42384
42387
42390
42395
42404
42408
42410
42411
42432
42432
42435
42443
42472
42480
42486
42492
42492
42497
42546
42547
42557
42570
42577
42582
42597
42598
42607
42616
42624
42626
42637
42646
42649
42677
42690
42695
42709
42723
42723
42754
42766
42785
42807
42811
42819
42826
42842
42848
42850
42854
42864
42866
42870
42878
42879
42895
42914
42919
42947
42954
42965
42980
42983
42992
42994
43001
43002
43005
43015
43017
43036
43037
43043
43062
43064
43071
43072
43081
43081
43100
43119
43127
43129
43137
43161
43163
43186
43199
43223
43250
43257
43257
43260
43264
43268
43287
43294
43303
43313
43319
43328
43338
43351
43367
43368
43372
43373
43380
43405
43407
43438
43443
43445
43461
43487
43492
43530
43549
43558
43566
43587
43596
43603
43604
43641
43647
43653
43663
43674
43676
43679
43688
43694
43696
43705
43711
43717
43717
43719
43736
43738
43742
43753
43777
43801
43813
43827
43836
43844
43852
43857
43868
43872
43878
43880
43883
43894
43903
43929
43936
43972
43972
43980
44018
44045
44056
44064
44068
44087
44092
44099
44102
44109
44112
44120
44145
44190
44198
44216
44218
44229
44234
44264
44271
44287
44295
44299
44306
44313
44331
44333
44335
44343
44344
44384
44392
44393
44402
44404
44407
44422
44426
44437
44444
44458
44460
44490
44492
44496
44498
44507
44512
44536
44536
44538
44538
44544
44557
44568
44568
44570
44614
44629
44645
44658
44667
44680
44685
44689
44697
44711
44720
44722
44723
44725
44731
44736
44739
44751
44764
44787
44824
44833
44849
44850
44868
44869
44876
44880
44888
44888
44893
44894
44950
44952
44961
44977
44982
44988
44996
44996
44997
45018
45046
45047
45048
45079
45080
45112
45118
45121
45123
45130
45134
45143
45162
45164
45165
45167
45168
45173
45185
45190
45200
45202
45210
45213
45242
45244
45254
45258
45286
45307
45311
45343
45354
45354
45360
45370
45376
45392
45394
45398
45402
45408
45408
45412
45418
45434
45444
45461
45464
45467
45497
45509
45520
45528
45574
45577
45592
45597
45600
45615
45638
45661
45684
45688
45699
45709
45711
45716
45740
45747
45750
45753
45769
45789
45802
45803
45804
45805
45812
45839
45845
45846
45852
45854
45865
45867
45871
45876
45888
45890
45891
45915
45929
45930
45931
45939
45971
45991
45994
45998
46002
46056
46084
46106
46122
46127
46135
46137
46152
46158
46165
46174
46186
46196
46197
46210
46221
46231
46235
46272
46274
46289
46290
46291
46298
46308
46308
46318
46322
46324
46328
46330
46331
46334
46339
46341
46343
46347
46349
46358
46370
46372
46373
46374
46380
46383
46385
46390
46406
46413
46419
46434
46442
46443
46453
46458
46463
46476
46514
46537
46539
46539
46544
46544
46554
46559
46568
46568
46571
46574
46576
46584
46603
46605
46626
46629
46631
46631
46631
46640
46644
46654
46659
46666
46671
46677
46681
46688
46704
46705
46708
46722
46736
46745
46745
46751
46752
46753
46765
46767
46769
46772
46778
46782
46788
46795
46813
46826
46847
46855
46856
46859
46864
46879
46882
46883
46888
46895
46896
46913
46934
46951
46954
46976
46977
46991
46996
47003
47012
47012
47017
47019
47035
47043
47044
47066
47077
47089
47106
47112
47115
47122
47131
47133
47138
47145
47147
47148
47162
47167
47170
47172
47181
47192
47195
47198
47210
47219
47220
47223
47228
47228
47234
47234
47249
47250
47264
47267
47269
47269
47275
47284
47286
47322
47323
47326
47351
47359
47394
47397
47406
47420
47437
47438
47438
47449
47456
47483
47491
47500
47507
47512
47512
47523
47537
47587
47591
47598
47605
47624
47631
47634
47659
47664
47684
47687
47725
47737
47737
47741
47746
47754
47760
47777
47786
47796
47803
47817
47822
47826
47848
47887
47889
47899
47902
47904
47906
47915
47915
47917
47918
47922
47926
47928
47973
47988
48011
48014
48032
48045
48052
48058
48062
48090
48093
48115
48127
48131
48138
48138
48146
48180
48198
48206
48208
48208
48244
48271
48271
48295
48306
48311
48313
48345
48353
48353
48364
48367
48372
48376
48377
48380
48383
48408
48421
48454
48459
48461
48463
48489
48513
48518
48520
48528
48545
48576
48579
48583
48584
48591
48609
48613
48660
48661
48662
48667
48679
48684
48698
48713
48720
48722
48736
48751
48770
48770
48773
48779
48789
48793
48793
48807
48808
48818
48850
48850
48850
48854
48866
48887
48894
48916
48917
48920
48921
48925
48925
48927
48937
48939
48954
48976
48992
48998
49020
49024
49042
49052
49064
49066
49067
49088
49089
49090
49102
49106
49111
49115
49120
49123
49125
49130
49132
49135
49139
49149
49151
49160
49161
49192
49192
49200
49201
49207
49209
49227
49228
49236
49240
49247
49251
49262
49271
49305
49312
49313
49317
49322
49336
49340
49341
49343
49363
49369
49374
49375
49386
49403
49405
49408
49411
49418
49421
49424
49426
49429
49447
49468
49472
49473
49477
49479
49486
49495
49505
49535
49540
49541
49547
49554
49557
49565
49580
49581
49606
49632
49651
49668
49704
49709
49712
49712
49720
49734
49743
49748
49757
49771
49771
49786
49796
49801
49809
49818
49827
49835
49839
49844
49848
49849
49851
49857
49860
49860
49878
49951
49963
49991
49993
49994
50000
50002
50032
50057
50061
50062
50071
50076
50087
50100
50102
50108
50118
50119
50130
50132
50134
50140
50143
50155
50173
50174
50176
50177
50185
50189
50221
50238
50245
50265
50273
50287
50294
50306
50312
50341
50354
50377
50403
50406
50423
50431
50431
50446
50450
50451
50461
50466
50469
50486
50487
50496
50496
50498
50506
50527
50540
50550
50550
50560
50563
50578
50595
50598
50607
50609
50619
50624
50625
50626
50635
50639
50647
50664
50670
50720
50723
50735
50747
50750
50788
50801
50810
50830
50833
50856
50858
50859
50861
50866
50881
50883
50894
50905
50907
50918
50919
50935
50939
50945
50949
50977
50993
51039
51044
51058
51062
51071
51075
51091
51093
51097
51115
51131
51136
51141
51152
51156
51157
51171
51172
51185
51190
51190
51193
51201
51204
51207
51215
51237
51238
51241
51245
51245
51261
51271
51296
51311
51312
51313
51323
51327
51329
51332
51350
51352
51355
51357
51359
51368
51403
51406
51413
51414
51427
51429
51430
51432
51439
51444
51448
51451
51455
51457
51476
51477
51490
51493
51493
51509
51523
51525
51550
51552
51564
51569
51569
51578
51590
51592
51597
51599
51610
51610
51618
51621
51631
51644
51672
51678
51687
51697
51710
51714
51726
51737
51739
51783
51784
51790
51792
51801
51803
51808
51808
51817
51821
51840
51860
51866
51870
51871
51878
51880
51884
51887
51901
51910
51919
51919
51926
51928
51947
51951
51958
51961
51966
51972
51991
51993
52003
52011
52013
52033
52046
52050
52057
52066
52074
52077
52146
52146
52156
52164
52166
52168
52173
52175
52176
52180
52181
52186
52188
52188
52189
52207
52220
52234
52246
52246
52247
52263
52264
52264
52272
52293
52328
52344
52372
52373
52384
52391
52407
52409
52416
52419
52443
52445
52452
52462
52465
52465
52480
52489
52491
52497
52499
52500
52507
52521
52525
52539
52568
52577
52586
52592
52596
52600
52600
52601
52611
52612
52627
52637
52637
52641
52673
52681
52706
52710
52731
52746
52767
52777
52779
52782
52787
52793
52795
52796
52800
52804
52807
52823
52826
52842
52854
52855
52885
52906
52912
52920
52931
52944
52949
52959
52970
52983
52990
53036
53042
53050
53058
53080
53085
53088
53101
53115
53121
53124
53148
53168
53175
53183
53184
53194
53200
53211
53222
53222
53234
53246
53253
53255
53258
53263
53270
53283
53291
53307
53309
53324
53343
53346
53349
53379
53391
53396
53406
53424
53432
53436
53442
53446
53449
53460
53466
53470
53485
53528
53530
53538
53542
53543
53546
53559
53563
53573
53573
53580
53581
53631
53638
53645
53647
53649
53655
53656
53660
53674
53674
53681
53692
53702
53708
53726
53735
53737
53755
53764
53773
53776
53788
53796
53796
53805
53818
53821
53827
53833
53841
53845
53861
53882
53904
53907
53910
53924
53927
53951
53978
53979
53980
53986
53987
54011
54016
54018
54037
54057
54061
54067
54086
54087
54104
54113
54117
54125
54128
54131
54139
54144
54149
54149
54153
54179
54218
54230
54231
54258
54263
54265
54273
54274
54294
54299
54301
54307
54311
54315
54320
54320
54328
54338
54349
54359
54361
54365
54378
54389
54404
54407
54423
54428
54433
54455
54463
54472
54487
54496
54505
54508
54527
54538
54544
54548
54551
54555
54556
54558
54560
54576
54576
54582
54584
54587
54595
54607
54620
54621
54623
54629
54658
54688
54702
54703
54720
54720
54722
54727
54736
54746
54759
54782
54785
54787
54796
54798
54801
54807
54810
54817
54820
54823
54832
54837
54838
54839
54854
54862
54864
54884
54897
54901
54904
54911
54913
54916
54916
54924
54941
54952
54974
54975
54976
54985
55020
55024
55028
55036
55068
55081
55100
55114
55120
55124
55130
55133
55152
55157
55158
55171
55179
55181
55186
55188
55192
55203
55221
55225
55234
55237
55240
55242
55260
55266
55270
55274
55283
55286
55294
55298
55308
55319
55319
55339
55388
55411
55415
55416
55424
55425
55440
55448
55464
55483
55494
55500
55503
55509
55529
55534
55542
55561
55572
55582
55587
55611
55613
55617
55622
55633
55648
55652
55659
55661
55661
55669
55672
55701
55726
55731
55732
55736
55739
55746
55747
55749
55764
55784
55792
55800
55811
55819
55832
55836
55838
55847
55851
55867
55878
55881
55884
55914
55921
55922
55922
55924
55934
55940
55956
55957
55969
55981
55989
55993
56011
56016
56019
56022
56023
56028
56032
56035
56037
56052
56065
56078
56095
56099
56105
56108
56119
56125
56127
56135
56138
56143
56152
56155
56170
56200
56202
56206
56217
56226
56233
56242
56258
56261
56265
56267
56269
56290
56296
56301
56332
56344
56350
56350
56356
56360
56379
56383
56384
56387
56389
56398
56402
56428
56440
56442
56457
56476
56499
56500
56514
56519
56521
56525
56539
56594
56618
56624
56626
56639
56653
56677
56685
56697
56723
56726
56735
56735
56752
56762
56774
56775
56783
56790
56793
56793
56795
56805
56813
56813
56820
56844
56856
56918
56920
56921
56941
56951
56955
56970
56972
56981
56984
56986
56992
56994
57011
57022
57025
57036
57037
57039
57074
57081
57091
57123
57127
57127
57139
57162
57177
57188
57205
57210
57223
57226
57240
57241
57242
57248
57273
57283
57309
57319
57326
57339
57347
57347
57353
57374
57397
57407
57408
57422
57427
57430
57441
57444
57461
57467
57472
57472
57475
57496
57510
57518
57539
57543
57545
57567
57577
57587
57594
57600
57602
57605
57620
57624
57650
57668
57669
57673
57694
57699
57717
57736
57741
57758
57759
57763
57776
57790
57800
57800
57809
57817
57819
57844
57859
57868
57897
57917
57937
57937
57944
57945
57946
57955
57960
58004
58010
58010
58020
58024
58024
58039
58048
58059
58096
58103
58116
58134
58137
58140
58146
58153
58167
58177
58179
58191
58201
58204
58205
58216
58218
58241
58274
58275
58278
58280
58280
58286
58300
58312
58325
58341
58348
58359
58360
58375
58376
58386
58390
58392
58416
58435
58442
58445
58447
58452
58453
58480
58489
58493
58508
58536
58541
58543
58548
58556
58558
58561
58568
58585
58585
58588
58588
58591
58594
58608
58615
58616
58625
58629
58631
58650
58652
58704
58707
58710
58725
58730
58757
58770
58793
58795
58795
58797
58800
58813
58816
58818
58825
58854
58854
58858
58894
58903
58910
58915
58938
58949
58952
58953
58960
58963
58964
58984
58985
58996
59015
59035
59048
59058
59058
59064
59066
59068
59071
59075
59089
59092
59110
59114
59117
59117
59122
59127
59132
59149
59155
59155
59166
59182
59184
59209
59213
59236
59241
59252
59252
59255
59261
59274
59293
59299
59299
59301
59308
59330
59336
59341
59346
59350
59371
59420
59421
59425
59426
59445
59453
59454
59458
59466
59467
59481
59483
59483
59483
59486
59504
59521
59523
59528
59533
59543
59556
59559
59611
59617
59635
59637
59661
59667
59679
59681
59683
59685
59707
59709
59710
59717
59739
59741
59752
59752
59756
59770
59839
59843
59844
59866
59884
59900
59913
59929
59930
59934
59951
59952
59962
59971
59982
59997
59998
60005
60023
60038
60042
60051
60072
60093
60103
60113
60118
60120
60122
60126
60143
60148
60149
60168
60172
60175
60194
60207
60208
60215
60223
60227
60229
60234
60260
60264
60275
60280
60293
60294
60300
60323
60332
60348
60354
60354
60355
60358
60379
60386
60388
60391
60398
60422
60423
60424
60428
60433
60436
60436
60441
60449
60458
60461
60462
60474
60484
60489
60502
60504
60507
60517
60523
60543
60544
60545
60561
60606
60626
60635
60643
60666
60677
60682
60685
60685
60691
60694
60709
60724
60724
60730
60736
60736
60742
60748
60751
60753
60760
60761
60768
60774
60777
60783
60806
60812
60824
60844
60847
60856
60858
60892
60904
60938
60951
60952
60982
60994
60999
61000
61012
61023
61028
61061
61074
61090
61095
61095
61096
61103
61104
61109
61150
61152
61169
61187
61192
61197
61207
61220
61223
61225
61229
61231
61237
61251
61270
61271
61281
61282
61285
61299
61312
61317
61321
61324
61342
61346
61356
61360
61364
61364
61372
61379
61388
61391
61394
61402
61407
61415
61439
61468
61488
61491
61498
61519
61522
61537
61541
61547
61562
61579
61580
61580
61582
61591
61603
61634
61639
61651
61657
61668
61673
61679
61682
61698
61698
61699
61700
61703
61709
61721
61722
61724
61728
61731
61739
61744
61753
61779
61792
61807
61807
61817
61819
61821
61822
61827
61829
61830
61845
61848
61868
61879
61904
61913
61940
61944
61947
61954
61959
61968
61976
61977
61998
61999
62009
62017
62022
62033
62051
62075
62078
62098
62125
62126
62129
62136
62154
62163
62193
62196
62199
62201
62211
62223
62259
62260
62265
62301
62304
62306
62306
62311
62317
62327
62336
62342
62343
62362
62362
62390
62390
62396
62401
62437
62456
62459
62465
62472
62475
62488
62499
62527
62540
62544
62545
62550
62557
62560
62580
62581
62590
62593
62599
62602
62616
62622
62633
62638
62647
62648
62692
62697
62704
62708
62710
62714
62720
62726
62727
62756
62774
62781
62787
62794
62811
62817
62823
62845
62859
62865
62869
62898
62926
62938
62938
62941
62941
62941
62948
62952
62953
62957
62961
62962
62964
62965
62968
62989
62993
63000
63002
63015
63036
63037
63045
63047
63057
63061
63061
63062
63063
63069
63074
63077
63086
63098
63102
63117
63135
63135
63135
63136
63140
63145
63150
63168
63171
63180
63184
63192
63216
63224
63252
63255
63263
63267
63274
63283
63290
63294
63300
63301
63306
63312
63327
63333
63366
63368
63376
63383
63385
63386
63386
63391
63394
63401
63410
63413
63415
63416
63420
63424
63424
63443
63463
63466
63482
63483
63484
63491
63506
63524
63528
63530
63532
63532
63535
63550
63557
63563
63573
63579
63585
63606
63615
63626
63632
63650
63658
63671
63689
63690
63698
63699
63731
63732
63747
63750
63756
63760
63766
63775
63777
63780
63781
63791
63794
63800
63808
63812
63829
63836
63859
63882
63909
63912
63920
63922
63936
63941
63947
63958
63960
63976
63990
64001
64006
64025
64026
64037
64043
64043
64049
64057
64064
64076
64077
64083
64099
64103
64109
64120
64121
64122
64124
64135
64152
64155
64162
64178
64180
64181
64197
64199
64203
64206
64206
64210
64212
64214
64238
64267
64270
64274
64278
64300
64312
64338
64343
64361
64364
64392
64401
64403
64413
64420
64424
64428
64428
64448
64449
64450
64458
64483
64484
64487
64502
64514
64516
64526
64545
64552
64561
64565
64589
64599
64599
64615
64616
64619
64620
64630
64663
64673
64675
64676
64681
64691
64696
64717
64719
64724
64727
64747
64774
64779
64781
64782
64784
64792
64793
64794
64805
64810
64817
64819
64841
64862
64874
64909
64950
64954
64955
64964
64970
64991
64994
65025
65027
65027
65031
65033
65039
65051
65056
65058
65095
65096
65101
65113
65120
65120
65123
65135
65138
65151
65152
65168
65184
65193
65197
65210
65211
65218
65225
65231
65245
65271
65305
65308
65313
65320
65327
65346
65350
65351
65355
65372
65377
65381
65391
65394
65395
65399
65413
65415
65417
65424
65444
65451
65473
65479
65495
65497
65501
65503
65509
65509
65515
65517
65517
65528
65531
65537
65543
65548
65551
65553
65559
65571
65573
65627
65628
65644
65652
65655
65665
65666
65676
65682
65683
65687
65691
65720
65725
65746
65748
65790
65802
65811
65814
65815
65828
65829
65833
65838
65843
65848
65853
65874
65876
65896
65902
65908
65909
65918
65923
65927
65935
65947
65958
65964
65974
66000
66001
66008
66020
66024
66026
66035
66039
66043
66049
66066
66073
66075
66077
66095
66102
66122
66145
66147
66151
66157
66160
66161
66164
66175
66177
66193
66200
66201
66205
66219
66222
66226
66236
66246
66254
66255
66259
66263
66281
66283
66283
66289
66292
66323
66339
66357
66360
66361
66362
66368
66381
66390
66404
66413
66418
66420
66427
66432
66450
66457
66472
66473
66485
66499
66517
66518
66519
66529
66529
66533
66539
66541
66545
66546
66548
66550
66553
66555
66561
66565
66573
66576
66597
66601
66621
66624
66626
66641
66642
66646
66670
66674
66675
66687
66690
66694
66712
66741
66744
66750
66761
66762
66766
66789
66795
66796
66813
66815
66825
66827
66831
66834
66848
66850
66890
66895
66918
66929
66937
66940
66947
66956
66958
66963
66963
66966
66972
66982
66996
66997
67001
67001
67003
67006
67007
67012
67022
67029
67030
67047
67063
67074
67097
67099
67115
67116
67119
67134
67139
67140
67144
67149
67154
67162
67170
67176
67177
67182
67186
67193
67211
67230
67280
67308
67315
67353
67394
67403
67406
67412
67417
67432
67453
67472
67480
67483
67486
67488
67499
67507
67515
67517
67526
67546
67563
67564
67574
67584
67599
67601
67619
67620
67637
67647
67650
67652
67655
67662
67674
67678
67682
67688
67700
67701
67702
67739
67746
67754
67756
67758
67771
67779
67786
67790
67800
67807
67811
67820
67822
67827
67844
67860
67861
67867
67877
67887
67887
67893
67898
67903
67907
67917
67922
67923
67933
67941
67942
67966
67968
67972
67977
67979
67982
67997
68008
68010
68012
68028
68046
68054
68082
68102
68110
68118
68119
68124
68134
68151
68160
68182
68202
68206
68222
68240
68253
68254
68258
68264
68268
68268
68281
68297
68301
68330
68331
68332
68362
68365
68367
68380
68383
68399
68403
68426
68429
68464
68472
68475
68476
68476
68487
68494
68497
68507
68511
68540
68551
68557
68572
68589
68594
68600
68601
68633
68673
68680
68689
68692
68708
68714
68716
68720
68726
68740
68764
68772
68772
68779
68781
68784
68800
68811
68812
68823
68823
68836
68861
68863
68882
68883
68884
68888
68916
68920
68924
68924
68937
68959
68995
68995
69006
69019
69019
69021
69033
69036
69036
69038
69043
69060
69074
69077
69079
69092
69127
69138
69139
69139
69144
69144
69157
69158
69166
69172
69179
69196
69207
69209
69209
69227
69228
69236
69243
69246
69249
69250
69253
69257
69269
69283
69285
69290
69311
69326
69327
69330
69331
69336
69339
69341
69346
69359
69366
69381
69388
69390
69393
69411
69416
69421
69421
69435
69445
69447
69463
69466
69468
69476
69478
69486
69499
69508
69510
69513
69515
69520
69540
69556
69564
69585
69598
69606
69607
69607
69607
69621
69626
69646
69664
69664
69674
69678
69680
69684
69684
69703
69704
69712
69731
