1
4
9
15
18
24
28
79
79
101
105
137
141
153
161
184
187
226
228
234
234
239
267
290
296
296
305
324
329
331
332
338
346
351
370
372
372
389
405
439
443
445
477
483
499
509
537
580
580
585
586
593
596
600
605
610
615
622
623
624
660
662
688
691
693
707
720
725
726
732
753
767
772
778
783
783
827
828
829
838
846
851
871
884
895
895
906
929
940
950
956
957
970
971
981
1014
1019
1024
1029
1032
1045
1055
1056
1059
1061
1065
1065
1086
1087
1104
1107
1107
1117
1119
1128
1133
1134
1145
1146
1153
1154
1164
1207
1213
1221
1223
1235
1235
1247
1253
1258
1260
1263
1265
1275
1277
1287
1302
1316
1320
1327
1335
1373
1378
1383
1391
1391
1395
1400
1401
1442
1449
1465
1494
1512
1520
1521
1549
1557
1562
1568
1580
1583
1584
1603
1611
1625
1662
1666
1707
1718
1718
1735
1736
1737
1748
1759
1775
1788
1798
1798
1808
1810
1822
1832
1835
1844
1895
1913
1918
1925
1934
1942
1959
1962
1979
1997
2008
2009
2011
2019
2034
2038
2054
2055
2058
2060
2088
2088
2105
2113
2118
2136
2179
2180
2193
2200
2204
2219
2225
2232
2234
2258
2277
2279
2287
2291
2300
2304
2315
2320
2325
2334
2337
2337
2345
2350
2359
2376
2381
2384
2396
2406
2414
2421
2434
2437
2467
2470
2471
2474
2493
2509
2512
2549
2556
2558
2565
2567
2567
2571
2585
2628
2656
2659
2665
2670
2692
2693
2698
2711
2726
2735
2749
2752
2764
2764
2768
2775
2799
2834
2851
2856
2878
2880
2881
2887
2887
2902
2906
2916
2945
2947
2947
2947
2953
2954
2962
2975
2985
2991
2993
2999
3001
3007
3020
3027
3027
3032
3047
3055
3063
3084
3101
3111
3124
3125
3138
3140
3150
3153
3169
3175
3175
3179
3181
3191
3195
3206
3212
3214
3225
3227
3236
3245
3261
3263
3286
3291
3304
3335
3343
3352
3365
3378
3403
3419
3420
3437
3447
3455
3461
3465
3467
3479
3480
3484
3492
3492
3493
3503
3505
3549
3562
3563
3569
3600
3608
3616
3619
3626
3653
3660
3693
3694
3698
3700
3707
3719
3732
3734
3748
3759
3766
3766
3771
3782
3782
3796
3828
3839
3844
3853
3856
3858
3864
3873
3893
3914
3917
3937
3937
3941
3965
3970
3976
3980
3992
3997
3998
4030
4047
4057
4062
4070
4074
4074
4075
4102
4117
4155
4168
4172
4191
4193
4216
4255
4265
4290
4291
4294
4295
4307
4322
4337
4364
4364
4377
4397
4419
4423
4426
4481
4486
4505
4546
4549
4627
4638
4639
4662
4663
4668
4690
4705
4722
4763
4786
4808
4808
4836
4840
4841
4842
4865
4866
4876
4886
4916
4941
4954
4964
4966
4981
5010
5010
5014
5026
5034
5042
5046
5052
5068
5075
5087
5102
5104
5111
5128
5130
5152
5154
5172
5206
5218
5221
5232
5233
5239
5251
5260
5260
5278
5300
5309
5332
5336
5352
5359
5362
5403
5409
5425
5429
5431
5466
5467
5470
5482
5522
5533
5543
5558
5566
5569
5578
5582
5605
5608
5613
5618
5622
5639
5647
5652
5665
5736
5740
5750
5756
5758
5778
5794
5805
5807
5828
5829
5848
5862
5870
5891
5894
5913
5946
5947
5949
5952
5956
5958
5960
5967
5970
5987
5994
6003
6007
6051
6067
6069
6097
6115
6145
6147
6148
6187
6189
6202
6204
6213
6216
6232
6249
6251
6278
6284
6299
6300
6301
6335
6352
6360
6377
6406
6432
6444
6446
6452
6466
6484
6491
6492
6526
6544
6545
6548
6560
6582
6584
6600
6601
6604
6604
6624
6651
6658
6689
6713
6731
6743
6749
6757
6761
6796
6823
6827
6843
6845
6845
6848
6853
6879
6908
6923
6941
6941
6942
6953
6964
6966
6969
6984
6985
6997
7018
7023
7035
7053
7056
7073
7074
7082
7092
7120
7129
7149
7157
7167
7168
7176
7180
7183
7206
7207
7215
7219
7242
7256
7260
7278
7288
7289
7300
7324
7343
7345
7350
7362
7371
7389
7397
7398
7422
7424
7452
7499
7540
7544
7559
7566
7579
7579
7584
7608
7615
7660
7663
7703
7712
7760
7787
7792
7820
7830
7840
7855
7891
7900
7909
7920
7929
7933
7941
7942
7944
7958
7994
8029
8047
8077
8079
8080
8088
8100
8110
8121
8135
8146
8154
8156
8165
8183
8190
8197
8199
8248
8257
8259
8261
8264
8264
8272
8283
8291
8311
8328
8342
8342
8353
8357
8360
8369
8402
8416
8425
8451
8470
8474
8488
8488
8503
8517
8518
8543
8563
8566
8582
8583
8591
8597
8619
8627
8648
8654
8678
8702
8703
8715
8717
8732
8737
8747
8751
8762
8783
8789
8804
8839
8843
8847
8871
8880
8889
8942
8957
8959
8959
8963
8965
8972
8973
8975
8976
8977
8989
8996
8998
9008
9033
9039
9064
9067
9071
9085
9095
9097
9101
9104
9114
9117
9118
9123
9133
9169
9173
9174
9176
9190
9194
9206
9223
9240
9246
9253
9270
9281
9316
9320
9321
9345
9362
9398
9401
9412
9417
9443
9477
9484
9492
9495
9504
9514
9532
9548
9568
9607
9609
9631
9633
9636
9649
9650
9658
9658
9691
9706
9709
9729
9733
9742
9744
9792
9792
9795
9796
9824
9842
9882
9888
9951
9955
9963
9972
10007
10017
10040
10053
10094
10096
10099
10105
10130
10155
10166
10173
10180
10217
10222
10224
10241
10248
10258
10263
10264
10277
10287
10291
10291
10307
10313
10319
10319
10330
10337
10363
10365
10382
10392
10429
10430
10438
10456
10458
10468
10474
10475
10501
10509
10520
10531
10537
10561
10569
10585
10591
10592
10606
10619
10620
10630
10662
10672
10673
10680
10682
10683
10692
10705
10708
10714
10716
10727
10735
10744
10748
10762
10765
10779
10789
10797
10797
10804
10825
10833
10837
10891
10894
10903
10913
10928
10941
10951
10977
10980
10984
11034
11037
11058
11062
11063
11076
11090
11091
11107
11118
11132
11136
11147
11167
11171
11184
11193
11195
11195
11204
11221
11230
11235
11260
11261
11264
11269
11270
11291
11314
11340
11347
11370
11370
11372
11381
11388
11394
11396
11402
11425
11442
11449
11455
11473
11497
11522
11539
11543
11545
11572
11587
11588
11589
11636
11638
11659
11663
11665
11683
11684
11727
11731
11735
11746
11780
11787
11791
11801
11802
11808
11826
11844
11846
11852
11878
11883
11893
11908
11909
11919
11920
11922
11975
11976
11998
11999
12000
12006
12008
12024
12026
12067
12068
12072
12100
12109
12119
12129
12131
12146
12152
12156
12157
12167
12192
12197
12199
12200
12203
12216
12259
12262
12263
12271
12272
12275
12280
12285
12305
12309
12313
12318
12334
12344
12345
12366
12367
12372
12388
12392
12404
12407
12415
12417
12419
12422
12424
12449
12480
12494
12522
12579
12587
12590
12606
12610
12623
12647
12655
12659
12660
12662
12675
12711
12739
12762
12779
12780
12785
12809
12815
12826
12834
12888
12889
12893
12904
12906
12913
12932
12935
12940
12956
12959
13003
13018
13019
13023
13031
13033
13042
13050
13055
13077
13089
13095
13108
13128
13144
13177
13192
13210
13212
13216
13219
13244
13246
13291
13295
13295
13324
13324
13354
13358
13362
13375
13379
13385
13396
13403
13415
13418
13457
13475
13495
13513
13536
13548
13549
13558
13573
13579
13586
13613
13618
13619
13637
13653
13659
13660
13664
13665
13671
13707
13728
13741
13744
13755
13757
13779
13788
13798
13834
13864
13877
13880
13885
13896
13897
13905
13958
13963
14020
14023
14025
14025
14031
14040
14046
14081
14096
14114
14126
14150
14150
14179
14188
14190
14209
14210
14225
14239
14257
14286
14304
14304
14307
14341
14349
14355
14369
14376
14391
14400
14405
14407
14426
14427
14439
14458
14458
14474
14477
14485
14488
14493
14494
14494
14496
14505
14544
14579
14586
14587
14592
14613
14637
14643
14654
14671
14677
14693
14702
14702
14705
14711
14721
14723
14743
14769
14772
14789
14813
14820
14823
14841
14844
14872
14876
14880
14884
14921
14921
14952
14960
14990
15008
15012
15029
15036
15042
15053
15069
15076
15078
15081
15098
15100
15105
15114
15119
15145
15151
15162
15194
15196
15201
15206
15227
15235
15249
15252
15263
15290
15314
15318
15324
15327
15329
15335
15362
15362
15368
15378
15394
15409
15411
15417
15424
15428
15432
15434
15451
15458
15458
15459
15474
15482
15483
15485
15542
15556
15568
15581
15588
15592
15600
15601
15622
15628
15630
15635
15637
15638
15656
15671
15689
15702
15703
15703
15724
15741
15742
15757
15767
15780
15784
15785
15798
15801
15803
15809
15811
15891
15893
15902
15906
15915
15919
15927
15929
15942
15945
15956
15967
15972
15977
15985
15996
16007
16019
16021
16022
16028
16066
16079
16084
16093
16109
16117
16125
16163
16233
16260
16278
16307
16307
16322
16326
16328
16331
16338
16364
16366
16384
16385
16396
16409
16426
16463
16467
16491
16493
16502
16513
16513
16534
16540
16545
16551
16560
16576
16620
16696
16700
16744
16748
16756
16774
16777
16788
16789
16795
16816
16833
16836
16848
16857
16876
16876
16884
16891
16905
16929
16937
16938
16942
16968
16990
16991
16994
16999
17007
17014
17024
17024
17028
17040
17045
17051
17072
17095
17112
17139
17181
17192
17194
17197
17242
17244
17246
17253
17271
17300
17328
17344
17345
17371
17381
17383
17423
17434
17451
17457
17459
17461
17462
17465
17476
17476
17485
17497
17502
17505
17526
17534
17546
17559
17563
17568
17571
17573
17575
17581
17590
17591
17601
17613
17614
17617
17617
17620
17628
17635
17636
17638
17655
17664
17675
17679
17689
17697
17698
17705
17709
17727
17740
17742
17778
17813
17827
17827
17855
17872
17873
17876
17880
17902
17927
17931
17948
17952
17960
17969
18022
18036
18042
18068
18074
18084
18103
18125
18129
18135
18140
18182
18195
18198
18217
18222
18244
18257
18265
18266
18269
18278
18282
18299
18313
18326
18331
18337
18341
18343
18345
18349
18365
18367
18384
18388
18389
18400
18405
18408
18423
18437
18438
18447
18448
18452
18462
18465
18470
18476
18486
18489
18493
18500
18514
18519
18526
18529
18529
18530
18531
18551
18576
18579
18580
18586
18587
18599
18602
18604
18630
18634
18650
18705
18707
18716
18744
18750
18761
18772
18790
18795
18810
18810
18820
18849
18894
18899
18901
18922
18929
18931
18932
18935
18954
18977
18993
19019
19024
19026
19033
19044
19045
19047
19063
19064
19074
19076
19094
19096
19104
19106
19125
19127
19129
19151
19155
19164
19171
19179
19180
19217
19227
19236
19237
19240
19257
19265
19265
19281
19306
19308
19310
19320
19326
19328
19332
19362
19362
19373
19467
19497
19498
19505
19507
19527
19529
19536
19541
19551
19558
19559
19576
19591
19594
19597
19605
19627
19638
19647
19659
19680
19711
19723
19727
19747
19779
19779
19786
19788
19794
19802
19810
19812
19837
19840
19866
19887
19888
19895
19895
19902
19951
19952
19960
19962
19978
19981
19983
20000
20024
20024
20041
20048
20052
20072
20073
20076
20103
20103
20123
20125
20134
20147
20156
20159
20198
20203
20204
20214
20229
20253
20260
20276
20292
20307
20314
20325
20341
20361
20378
20382
20393
20398
20411
20422
20460
20469
20496
20499
20503
20507
20511
20528
20531
20531
20544
20578
20578
20587
20632
20650
20661
20662
20673
20679
20691
20721
20722
20722
20759
20786
20789
20793
20796
20798
20801
20802
20813
20814
20814
20818
20824
20831
20832
20846
20859
20876
20885
20891
20892
20901
20915
20922
20935
20937
20939
20953
20961
20971
20977
20987
21004
21008
21014
21022
21044
21055
21060
21066
21087
21089
21094
21096
21125
21137
21204
21248
21255
21258
21261
21267
21286
21305
21306
21309
21320
21332
21333
21339
21342
21348
21350
21361
21396
21401
21416
21431
21436
21450
21454
21468
21484
21497
21510
21512
21528
21563
21570
21576
21598
21599
21611
21617
21621
21628
21633
21658
21725
21725
21730
21740
21760
21795
21796
21807
21838
21863
21866
21877
21881
21902
21918
21942
21948
21953
21970
21978
21988
21993
21995
21999
22044
22059
22061
22084
22088
22103
22112
22124
22144
22144
22159
22160
22160
22161
22173
22188
22194
22225
22239
22242
22243
22284
22287
22288
22288
22292
22299
22311
22315
22336
22341
22358
22373
22380
22395
22398
22409
22411
22427
22438
22494
22513
22516
22532
22548
22554
22575
22578
22583
22585
22586
22587
22620
22623
22667
22668
22672
22679
22705
22706
22710
22722
22730
22735
22736
22737
22737
22738
22742
22750
22753
22764
22821
22847
22851
22853
22858
22873
22882
22888
22901
22917
22920
22924
22943
22945
22946
22950
22952
22963
22964
22966
22977
22977
22988
22988
22991
23004
23031
23091
23117
23125
23131
23141
23145
23146
23163
23187
23198
23198
23208
23214
23219
23222
23264
23276
23279
23290
23315
23323
23328
23329
23344
23350
23362
23363
23371
23379
23391
23405
23435
23463
23463
23469
23481
23485
23501
23515
23522
23568
23581
23606
23619
23637
23647
23648
23713
23729
23732
23740
23755
23778
23783
23797
23798
23810
23811
23816
23816
23818
23831
23845
23847
23875
23876
23896
23896
23898
23900
23935
23935
23938
23938
23944
23967
23972
23974
23978
23986
23987
23993
24010
24034
24036
24073
24087
24089
24107
24117
24120
24140
24143
24149
24150
24186
24188
24192
24205
24229
24229
24249
24251
24269
24270
24277
24287
24331
24351
24352
24353
24358
24365
24453
24459
24491
24531
24546
24553
24557
24565
24582
24583
24599
24603
24618
24627
24630
24654
24680
24686
24698
24711
24716
24731
24748
24763
24791
24819
24821
24822
24835
24842
24849
24854
24856
24883
24918
24934
24940
24946
24973
24985
25007
25017
25046
25048
25049
25050
25056
25060
25069
25069
25077
25090
25099
25119
25122
25123
25124
25142
25154
25157
25181
25185
25205
25217
25249
25262
25263
25266
25277
25286
25290
25291
25310
25332
25348
25368
25401
25429
25434
25443
25458
25459
25474
25499
25499
25511
25516
25519
25532
25543
25550
25555
25555
25555
25555
25563
25597
25611
25615
25620
25649
25701
25730
25734
25735
25746
25746
25748
25761
25768
25771
25774
25778
25780
25780
25782
25786
25788
25790
25791
25804
25811
25824
25833
25835
25842
25850
25895
25900
25902
25907
25917
25919
25933
25950
25954
25959
25967
25968
25983
25987
25999
26022
26028
26028
26040
26041
26041
26046
26051
26052
26056
26062
26067
26085
26085
26089
26094
26105
26117
26141
26145
26153
26160
26178
26186
26188
26197
26204
26207
26211
26234
26263
26268
26269
26297
26323
26324
26325
26346
26360
26366
26366
26366
26368
26368
26383
26386
26406
26422
26436
26437
26437
26466
26475
26492
26493
26495
26500
26501
26538
26543
26556
26577
26581
26585
26605
26653
26661
26676
26679
26679
26710
26713
26724
26731
26750
26750
26764
26773
26787
26797
26808
26811
26826
26851
26869
26884
26901
26936
26942
26942
26943
26951
26959
26960
26966
26975
26979
26986
27001
27001
27007
27010
27021
27032
27034
27039
27043
27051
27068
27075
27075
27080
27082
27086
27106
27106
27107
27156
27164
27165
27187
27226
27228
27243
27254
27265
27266
27295
27297
27299
27301
27306
27318
27318
27326
27326
27378
27382
27400
27404
27415
27425
27426
27431
27450
27457
27467
27475
27483
27528
27530
27533
27568
27586
27621
27629
27629
27636
27640
27661
27662
27676
27679
27704
27727
27745
27767
27815
27819
27823
27837
27844
27860
27862
27866
27867
27869
27920
27921
27939
27941
27959
28013
28014
28027
28038
28043
28043
28044
28045
28057
28074
28167
28172
28174
28186
28200
28203
28208
28208
28231
28242
28267
28293
28296
28301
28302
28314
28317
28319
28323
28328
28329
28336
28356
28374
28378
28386
28400
28400
28401
28402
28413
28414
28442
28447
28470
28488
28499
28503
28513
28538
28545
28547
28549
28555
28579
28583
28586
28591
28607
28644
28645
28669
28670
28674
28680
28684
28694
28697
28718
28719
28725
28731
28762
28765
28770
28803
28809
28827
28841
28843
28871
28877
28894
28926
28934
28941
28945
28957
28957
28983
28984
29064
29082
29095
29103
29125
29141
29151
29188
29188
29224
29241
29246
29248
29263
29268
29294
29299
29327
29336
29352
29380
29403
29413
29414
29424
29443
29469
29481
29489
29498
29498
29504
29508
29511
29512
29522
29527
29547
29554
29576
29585
29595
29610
29621
29624
29624
29637
29641
29647
29654
29708
29716
29730
29759
29768
29772
29774
29779
29791
29831
29837
29839
29842
29863
29864
29868
29883
29892
29897
29914
29925
29935
29936
29943
29970
29982
29993
29996
30013
30014
30018
30028
30032
30037
30051
30053
30055
30067
30069
30084
30099
30108
30111
30119
30148
30154
30154
30164
30194
30196
30200
30208
30218
30237
30238
30240
30244
30279
30291
30303
30312
30314
30322
30325
30336
30343
30347
30353
30355
30357
30364
30365
30369
30376
30381
30435
30462
30501
30575
30581
30628
30629
30666
30673
30690
30712
30715
30733
30739
30756
30761
30762
30770
30796
30804
30809
30841
30850
30874
30875
30905
30947
30951
30958
30962
30967
30986
30986
30987
31005
31012
31013
31015
31018
31021
31022
31034
31040
31086
31106
31136
31136
31181
31185
31190
31193
31200
31206
31207
31226
31249
31255
31266
31299
31319
31329
31330
31332
31334
31337
31339
31351
31360
31375
31380
31400
31405
31407
31415
31419
31419
31425
31452
31455
31464
31491
31496
31506
31508
31518
31537
31558
31561
31561
31575
31580
31584
31593
31603
31604
31609
31611
31618
31685
31686
31694
31695
31695
31702
31706
31716
31717
31736
31737
31739
31740
31755
31764
31771
31791
31804
31805
31809
31822
31826
31828
31838
31846
31877
31896
31929
31937
31942
31945
31978
31998
32023
32045
32048
32069
32077
32081
32083
32102
32134
32140
32145
32149
32155
32185
32187
32212
32241
32248
32251
32258
32269
32275
32281
32294
32296
32305
32312
32314
32317
32323
32331
32339
32340
32357
32364
32415
32421
32458
32479
32485
32518
32528
32531
32531
32533
32551
32562
32569
32576
32579
32584
32593
32595
32614
32635
32643
32653
32654
32668
32694
32697
32709
32726
32731
32738
32746
32750
32750
32765
32770
32773
32778
32781
32786
32795
32810
32814
32832
32846
32867
32878
32888
32917
32927
32932
32947
32967
32969
32970
32990
32996
33007
33031
33033
33040
33072
33087
33099
33104
33107
33112
33129
33167
33172
33186
33187
33187
33194
33209
33212
33213
33223
33245
33251
33260
33287
33290
33300
33363
33385
33404
33405
33473
33502
33503
33505
33508
33516
33524
33532
33554
33557
33557
33569
33609
33624
33647
33662
33677
33680
33691
33694
33699
33700
33702
33706
33712
33723
33749
33765
33765
33773
33786
33801
33818
33820
33835
33847
33856
33861
33864
33866
33886
33890
33893
33898
33900
33918
33926
33934
33956
33962
33970
33983
33990
33998
34003
34006
34013
34018
34020
34023
34033
34041
34047
34052
34069
34077
34084
34087
34091
34095
34111
34126
34145
34157
34162
34173
34197
34205
34206
34208
34246
34247
34252
34253
34266
34303
34306
34324
34332
34358
34363
34365
34383
34430
34431
34431
34442
34449
34450
34451
34454
34465
34465
34501
34525
34549
34566
34574
34595
34604
34607
34609
34615
34617
34621
34653
34668
34694
34704
34714
34719
34737
34737
34743
34745
34770
34788
34800
34800
34815
34818
34823
34833
34838
34862
34873
34884
34891
34897
34902
34910
34916
34917
34920
34952
34958
34968
34977
34977
34991
35011
35042
35071
35089
35090
35090
35092
35102
35104
35116
35128
35136
35138
35140
35143
35145
35146
35150
35164
35177
35185
35188
35189
35197
35206
35211
35224
35245
35248
35254
35265
35280
35283
35284
35305
35305
35313
35324
35342
35351
35363
35366
35366
35382
35388
35391
35415
35416
35433
35436
35460
35476
35487
35496
35501
35505
35512
35525
35527
35534
35561
35575
35587
35595
35604
35652
35656
35674
35689
35700
35706
35706
35709
35710
35729
35737
35741
35753
35756
35765
35782
35795
35796
35796
35800
35807
35813
35813
35818
35820
35826
35833
35834
35841
35847
35852
35863
35873
35886
35888
35894
35896
35901
35906
35942
35951
35981
35986
35987
35988
35989
36003
36013
36014
36015
36016
36019
36023
36043
36070
36077
36088
36100
36100
36103
36106
36110
36115
36118
36129
36142
36143
36154
36161
36164
36172
36182
36188
36190
36193
36195
36231
36247
36253
36254
36255
36257
36262
36267
36275
36283
36285
36293
36311
36322
36322
36346
36350
36364
36368
36371
36371
36374
36384
36401
36413
36421
36422
36435
36444
36456
36467
36482
36494
36497
36506
36515
36544
36566
36567
36575
36582
36588
36635
36653
36656
36659
36677
36681
36690
36695
36702
36714
36728
36734
36757
36757
36760
36768
36790
36794
36794
36797
36829
36832
36836
36839
36843
36843
36847
36926
36935
36941
36961
36965
36994
37000
37015
37023
37024
37034
37048
37070
37100
37102
37107
37118
37118
37123
37138
37153
37154
37160
37164
37172
37204
37229
37230
37253
37268
37274
37301
37315
37328
37384
37400
37407
37408
37411
37423
37423
37428
37465
37477
37477
37478
37481
37485
37493
37495
37497
37521
37580
37581
37599
37604
37610
37619
37625
37630
37638
37663
37681
37693
37698
37699
37704
37708
37722
37747
37763
37763
37764
37785
37801
37805
37805
37811
37818
37837
37842
37843
37848
37881
37885
37887
37927
37944
37954
37965
37984
37988
37992
37996
38017
38022
38035
38037
38039
38043
38050
38076
38084
38088
38092
38093
38104
38116
38129
38131
38151
38160
38167
38173
38183
38188
38196
38206
38207
38212
38227
38236
38249
38255
38258
38269
38274
38275
38279
38281
38286
38288
38292
38296
38299
38306
38372
38377
38389
38401
38405
38405
38408
38418
38433
38474
38475
38482
38502
38506
38507
38510
38512
38514
38529
38553
38557
38583
38588
38616
38629
38651
38652
38659
38674
38717
38732
38744
38764
38792
38797
38813
38823
38845
38845
38856
38865
38884
38888
38937
38970
38986
38999
39000
39003
39006
39021
39040
39075
39077
39088
39093
39113
39117
39119
39123
39132
39134
39136
39136
39138
39172
39182
39187
39199
39207
39211
39214
39241
39259
39266
39271
39289
39290
39292
39300
39301
39309
39314
39334
39373
39397
39472
39492
39509
39514
39515
39518
39524
39541
39548
39569
39575
39602
39605
39612
39624
39640
39655
39665
39676
39680
39683
39686
39700
39718
39721
39744
39766
39773
39794
39796
39800
39802
39809
39838
39851
39865
39874
39882
39897
39899
39907
39910
39911
39912
39932
39936
39949
39950
39960
39961
39964
39971
39998
40009
40038
40043
40049
40051
40058
40060
40076
40076
40085
40091
40099
40103
40122
40127
40141
40149
40158
40164
40164
40168
40172
40172
40198
40216
40237
40238
40255
40275
40291
40297
40309
40324
40335
40364
40399
40400
40405
40424
40427
40439
40452
40453
40457
40475
40476
40479
40489
40502
40509
40513
40520
40522
40525
40540
40544
40553
40593
40593
40615
40624
40627
40645
40648
40656
40690
40735
40738
40740
40741
40743
40754
40815
40822
40823
40825
40831
40856
40860
40867
40884
40889
40905
40906
40907
40920
40936
40949
40991
41001
41012
41045
41059
41064
41066
41067
41068
41074
41075
41078
41089
41091
41099
41118
41119
41126
41134
41138
41153
41154
41170
41183
41183
41194
41200
41226
41243
41254
41256
41280
41280
41300
41303
41304
41314
41317
41331
41337
41345
41372
41410
41423
41444
41445
41448
41468
41471
41487
41511
41512
41512
41513
41521
41523
41536
41539
41541
41543
41561
41567
41573
41588
41602
41636
41650
41652
41668
41678
41693
41698
41702
41707
41711
41711
41712
41715
41722
41740
41766
41767
41777
41811
41818
41821
41830
41832
41888
41902
41909
41909
41915
41916
41937
41938
41944
41960
41966
41981
41987
42006
42010
42012
42017
42022
42025
42073
42076
42079
42088
42093
42095
42101
42114
42119
42134
42145
42187
42191
42192
42196
42226
42227
42239
42245
42248
42266
42295
42308
42343
42350
42352
42358
42380
42388
42415
42444
42447
42451
42470
42488
42498
42523
42529
42530
42538
42562
42563
42566
42568
42590
42677
42677
42717
42733
42741
42753
42758
42771
42792
42829
42844
42845
42850
42864
42866
42878
42900
42918
42926
42927
42929
42946
43053
43062
43064
43097
43097
43105
43109
43144
43147
43171
43174
43178
43182
43205
43215
43218
43226
43227
43241
43250
43256
43265
43266
43270
43272
43295
43299
43323
43338
43350
43356
43360
43364
43384
43387
43389
43398
43411
43414
43433
43438
43470
43478
43488
43491
43503
43518
43521
43528
43532
43561
43576
43578
43586
43589
43634
43645
43650
43650
43653
43671
43700
43704
43719
43721
43731
43745
43752
43759
43773
43783
43789
43805
43807
43814
43831
43841
43886
43898
43904
43906
43906
43907
43908
43919
43934
43969
43988
44005
44038
44052
44053
44069
44072
44077
44081
44126
44133
44141
44142
44144
44152
44157
44162
44165
44167
44200
44203
44204
44210
44215
44231
44244
44245
44248
44249
44255
44259
44266
44268
44278
44289
44291
44325
44357
44389
44413
44414
44416
44423
44442
44448
44457
44458
44479
44488
44501
44517
44517
44520
44565
44587
44596
44606
44614
44622
44625
44630
44642
44648
44648
44686
44696
44712
44716
44724
44730
44751
44752
44775
44776
44814
44820
44831
44842
44856
44905
44908
44924
44973
44980
45020
45037
45050
45086
45088
45091
45102
45131
45137
45151
45156
45165
45173
45182
45185
45185
45191
45199
45225
45233
45235
45261
45281
45283
45297
45326
45327
45327
45341
45349
45372
45411
45415
45418
45419
45450
45453
45474
45480
45489
45492
45508
45514
45529
45545
45573
45573
45590
45598
45618
45631
45647
45656
45678
45698
45711
45731
45747
45764
45765
45778
45780
45784
45794
45797
45812
45820
45843
45907
45908
45941
45947
45948
45955
45965
45966
45971
45973
45980
45983
45984
46025
46030
46034
46034
46036
46069
46074
46094
46096
46102
46110
46116
46123
46124
46136
46171
46181
46192
46231
46252
46262
46273
46304
46318
46339
46342
46343
46349
46368
46369
46398
46405
46421
46428
46433
46482
46489
46525
46529
46542
46558
46570
46573
46576
46576
46587
46591
46595
46602
46614
46615
46616
46620
46653
46657
46660
46661
46671
46672
46677
46681
46688
46689
46711
46743
46755
46768
46770
46781
46796
46798
46812
46829
46850
46857
46866
46878
46885
46888
46892
46894
46932
46946
46955
46971
46987
46987
47008
47014
47020
47050
47050
47054
47058
47064
47069
47069
47077
47081
47082
47094
47117
47122
47126
47141
47174
47194
47221
47227
47237
47244
47249
47249
47251
47258
47267
47296
47312
47333
47337
47341
47354
47354
47364
47397
47403
47447
47459
47460
47467
47480
47481
47517
47529
47542
47554
47573
47575
47596
47611
47622
47638
47640
47658
47660
47664
47673
47678
47682
47685
47705
47710
47713
47732
47738
47740
47752
47755
47756
47756
47756
47759
47798
47806
47817
47824
47843
47869
47887
47890
47892
47909
47916
47921
47935
47977
47978
47989
47991
48005
48006
48030
48037
48047
48063
48076
48082
48085
48127
48144
48146
48159
48160
48175
48189
48197
48203
48217
48221
48223
48246
48250
48261
48304
48308
48320
48334
48360
48362
48372
48392
48394
48396
48398
48417
48448
48459
48478
48480
48481
48485
48487
48498
48500
48503
48510
48515
48532
48544
48556
48561
48562
48572
48586
48592
48596
48610
48638
48644
48646
48653
48678
48688
48727
48729
48731
48733
48746
48750
48752
48753
48775
48775
48781
48783
48800
48801
48822
48835
48863
48869
48893
48893
48897
48901
48904
48914
48917
48926
48928
48932
48939
48946
48958
48961
48966
48992
48999
49005
49008
49021
49026
49068
49084
49095
49104
49106
49118
49122
49165
49168
49170
49171
49177
49186
49197
49205
49251
49278
49296
49300
49350
49358
49371
49376
49385
49407
49434
49435
49446
49449
49488
49500
49503
49515
49515
49573
49578
49593
49598
49605
49606
49612
49633
49636
49637
49691
49695
49717
49719
49720
49728
49732
49738
49747
49758
49759
49764
49771
49777
49783
49791
49797
49799
49800
49800
49812
49825
49841
49843
49852
49855
49859
49862
49864
49872
49876
49887
49895
49919
49945
49949
49949
49950
49954
49969
49973
49974
49989
50004
50007
50012
50062
50104
50104
50136
50146
50148
50158
50168
50169
50171
50172
50192
50200
50223
50228
50251
50320
50343
50347
50348
50366
50381
50428
50447
50455
50468
50474
50475
50477
50484
50490
50494
50511
50513
50554
50560
50592
50599
50602
50609
50613
50629
50648
50658
50658
50665
50681
50696
50703
50705
50706
50706
50718
50726
50731
50736
50762
50766
50767
50767
50796
50799
50808
50817
50845
50845
50847
50847
50851
50854
50865
50875
50887
50904
50908
50914
50918
50922
50927
50935
50956
50960
50961
50965
50988
50989
51030
51036
51066
51087
51126
51137
51157
51166
51181
51198
51231
51231
51237
51246
51261
51262
51265
51280
51290
51291
51309
51318
51334
51376
51433
51447
51453
51454
51454
51457
51471
51476
51500
51538
51545
51548
51563
51575
51577
51597
51623
51629
51645
51646
51652
51657
51679
51699
51703
51706
51720
51723
51762
51765
51773
51774
51799
51804
51821
51823
51860
51865
51866
51891
51895
51917
51929
51932
51938
51953
51953
51962
51965
51969
51971
51981
52000
52006
52013
52028
52070
52072
52079
52095
52098
52104
52110
52136
52143
52205
52224
52231
52234
52251
52263
52269
52272
52274
52299
52326
52331
52334
52334
52357
52375
52379
52391
52393
52441
52441
52444
52449
52456
52461
52472
52485
52487
52491
52492
52528
52578
52578
52582
52582
52606
52612
52616
52659
52674
52687
52702
52705
52712
52715
52720
52722
52722
52731
52735
52771
52785
52811
52819
52829
52840
52848
52850
52866
52867
52868
52903
52910
52924
52932
52945
52948
52962
52967
52987
52998
53002
53033
53052
53056
53057
53060
53060
53069
53069
53073
53102
53118
53141
53142
53154
53160
53163
53177
53178
53197
53201
53209
53220
53224
53276
53295
53317
53318
53327
53332
53345
53354
53355
53361
53382
53385
53387
53411
53430
53432
53461
53470
53476
53481
53496
53498
53514
53515
53520
53522
53545
53551
53552
53580
53587
53608
53616
53633
53642
53654
53656
53690
53712
53737
53749
53759
53765
53777
53814
53818
53830
53847
53858
53875
53892
53892
53909
53931
53934
53937
53945
53945
53955
53966
53975
53978
54014
54048
54074
54078
54081
54086
54120
54142
54172
54177
54178
54184
54189
54197
54200
54243
54243
54249
54249
54250
54264
54269
54278
54329
54330
54336
54344
54350
54352
54365
54370
54382
54385
54396
54401
54401
54409
54421
54422
54423
54441
54449
54450
54456
54459
54468
54498
54500
54507
54517
54519
54532
54546
54581
54596
54596
54604
54607
54613
54614
54622
54643
54645
54649
54650
54657
54664
54670
54674
54685
54689
54724
54725
54734
54742
54761
54773
54775
54778
54788
54806
54833
54840
54879
54894
54895
54897
54901
54904
54904
54905
54909
54912
54923
54940
54949
54967
54973
55016
55034
55068
55144
55164
55182
55222
55223
55229
55233
55239
55239
55241
55302
55305
55310
55320
55335
55351
55369
55369
55385
55393
55406
55419
55430
55430
55431
55432
55452
55454
55454
55457
55463
55463
55487
55489
55502
55511
55518
55535
55545
55548
55552
55586
55598
55610
55628
55645
55648
55695
55714
55722
55734
55750
55763
55829
55843
55844
55852
55858
55868
55869
55872
55884
55895
55933
55938
55943
55955
55960
55983
55986
55994
55999
56005
56016
56029
56029
56055
56056
56065
56066
56070
56082
56086
56112
56121
56124
56129
56135
56136
56165
56195
56225
56229
56240
56264
56281
56304
56322
56322
56364
56365
56373
56381
56397
56407
56437
56477
56490
56494
56499
56508
56509
56510
56519
56542
56557
56573
56595
56595
56610
56611
56621
56624
56639
56648
56662
56668
56674
56679
56681
56709
56730
56738
56740
56740
56743
56749
56769
56779
56814
56816
56835
56874
56877
56877
56878
56906
56916
56922
56931
56943
56950
56953
56960
56962
56966
56978
56996
57001
57017
57018
57024
57027
57048
57053
57074
57089
57101
57115
57128
57130
57158
57175
57180
57195
57202
57203
57212
57222
57237
57241
57259
57273
57286
57291
57295
57299
57303
57329
57342
57349
57364
57376
57381
57427
57430
57436
57457
57458
57468
57506
57533
57537
57545
57566
57593
57613
57613
57620
57635
57650
57657
57666
57678
57694
57703
57707
57715
57723
57729
57745
57750
57775
57777
57784
57794
57797
57814
57815
57822
57832
57833
57840
57845
57848
57856
57903
57906
57918
57948
57959
57967
57970
57977
57979
57980
57996
58013
58032
58067
58068
58076
58076
58077
58079
58094
58113
58115
58119
58121
58162
58179
58181
58182
58186
58189
58220
58237
58282
58288
58291
58297
58299
58313
58345
58345
58362
58378
58387
58397
58400
58400
58416
58420
58429
58433
58436
58437
58441
58467
58471
58472
58477
58489
58496
58499
58506
58511
58512
58514
58517
58517
58526
58543
58550
58562
58564
58571
58579
58581
58583
58585
58591
58609
58615
58616
58618
58621
58622
58624
58639
58642
58644
58651
58689
58712
58720
58724
58729
58739
58742
58755
58814
58815
58856
58862
58873
58879
58890
58912
58939
58940
58949
58959
58972
58973
58974
58986
58997
59002
59028
59029
59031
59046
59058
59060
59077
59080
59080
59080
59082
59088
59105
59107
59107
59115
59117
59157
59175
59178
59186
59197
59198
59204
59210
59216
59232
59237
59248
59263
59298
59306
59313
59321
59341
59359
59359
59374
59381
59385
59390
59392
59405
59407
59418
59444
59447
59453
59463
59487
59488
59500
59506
59533
59534
59554
59562
59570
59571
59577
59608
59620
59638
59645
59659
59663
59684
59698
59712
59713
59736
59739
59742
59746
59755
59769
59780
59815
59821
59824
59829
59835
59843
59854
59858
59870
59871
59886
59897
59901
59904
59931
59933
59962
59964
59968
60007
60023
60026
60026
60030
60041
60050
60066
60102
60104
60120
60128
60129
60136
60157
60161
60241
60255
60262
60267
60275
60279
60281
60282
60282
60292
60299
60303
60307
60322
60327
60327
60329
60337
60346
60369
60371
60392
60402
60406
60418
60423
60442
60447
60454
60463
60479
60486
60511
60517
60541
60545
60558
60577
60588
60595
60608
60649
60652
60660
60672
60676
60685
60706
60707
60716
60769
60778
60801
60804
60805
60818
60819
60828
60830
60834
60836
60869
60882
60889
60901
60931
60934
60943
60951
60958
60987
60997
60999
61001
61007
61013
61036
61114
61119
61140
61152
61157
61162
61169
61179
61200
61200
61222
61222
61232
61236
61238
61241
61243
61251
61263
61264
61265
61271
61274
61286
61293
61306
61320
61327
61355
61366
61380
61385
61397
61398
61421
61427
61455
61482
61483
61488
61513
61514
61530
61546
61553
61555
61559
61575
61577
61580
61580
61591
61608
61619
61634
61650
61661
61670
61673
61675
61678
61689
61690
61694
61716
61731
61735
61742
61752
61758
61763
61771
61808
61830
61838
61838
61863
61887
61887
61888
61895
61905
61918
61922
61929
61935
61937
61957
61976
62013
62015
62043
62045
62048
62079
62088
62093
62119
62119
62142
62146
62146
62157
62162
62163
62190
62218
62226
62228
62242
62242
62246
62273
62279
62293
62300
62314
62317
62360
62365
62366
62367
62369
62393
62404
62409
62416
62422
62433
62449
62454
62464
62469
62505
62538
62545
62601
62619
62621
62634
62646
62654
62659
62659
62669
62690
62696
62704
62722
62722
62740
62758
62760
62761
62763
62767
62769
62773
62781
62792
62840
62867
62884
62887
62888
62888
62893
62897
62912
62930
62944
62948
62957
62961
62968
62999
63030
63041
63048
63051
63051
63059
63066
63067
63079
63087
63089
63097
63102
63105
63112
63113
63118
63146
63152
63164
63167
63207
63230
63232
63233
63233
63234
63235
63245
63264
63265
63300
63301
63328
63330
63331
63343
63350
63366
63391
63399
63402
63421
63423
63427
63432
63453
63461
63480
63482
63484
63492
63500
63501
63517
63525
63574
63578
63587
63594
63611
63623
63645
63661
63680
63683
63703
63766
63796
63800
63803
63820
63827
63850
63863
63867
63868
63887
63911
63914
63918
63950
64020
64023
64030
64036
64038
64046
64051
64073
64074
64102
64107
64113
64115
64129
64134
64142
64158
64175
64185
64186
64239
64252
64253
64264
64264
64267
64288
64308
64313
64330
64349
64355
64359
64360
64370
64375
64398
64414
64429
64464
64465
64485
64501
64505
64506
64520
64521
64546
64550
64557
64591
64642
64657
64664
64677
64677
64679
64711
64735
64742
64746
64753
64766
64768
64774
64802
64810
64818
64835
64847
64858
64860
64871
64878
64879
64886
64909
64913
64992
65006
65025
65033
65045
65049
65052
65052
65054
65073
65104
65115
65115
65127
65157
65190
65196
65203
65205
65226
65236
65266
65274
65275
65276
65295
65331
65346
65346
65349
65351
65357
65381
65384
65388
65390
65403
65415
65417
65455
65460
65483
65486
65491
65496
65501
65506
65508
65516
65537
65568
65571
65573
65593
65604
65639
65639
65666
65669
65670
65673
65674
65683
65683
65692
65694
65710
65723
65724
65729
65750
65782
65783
65785
65815
65823
65846
65857
65875
65916
65921
65923
65933
65936
65937
65965
65975
65981
65988
65994
66005
66016
66026
66037
66048
66057
66058
66062
66089
66092
66098
66100
66117
66125
66176
66180
66181
66187
66190
66199
66218
66226
66228
66231
66260
66262
66265
66266
66266
66269
66276
66281
66281
66299
66307
66317
66323
66332
66338
66344
66368
66382
66384
66386
66400
66403
66411
66412
66414
66421
66427
66431
66436
66438
66446
66446
66465
66474
66504
66518
66528
66534
66550
66556
66560
66562
66564
66571
66592
66621
66628
66636
66642
66645
66647
66656
66668
66682
66685
66701
66702
66706
66707
66738
66744
66746
66748
66777
66778
66821
66827
66829
66834
66837
66838
66853
66866
66883
66894
66902
66905
66922
66924
66930
66937
66937
66945
66954
66954
66967
66982
67028
67036
67041
67041
67045
67066
67101
67116
67118
67127
67137
67142
67173
67177
67179
67204
67212
67263
67275
67278
67285
67323
67346
67353
67369
67373
67394
67395
67407
67436
67441
67442
67447
67450
67471
67475
67482
67523
67545
67546
67549
67553
67577
67579
67580
67584
67587
67589
67592
67612
67619
67676
67677
67686
67709
67727
67739
67741
67759
67770
67779
67782
67784
67788
67791
67816
67819
67838
67841
67849
67878
67885
67897
67916
67929
67935
67943
67972
67980
67992
68000
68011
68019
68022
68024
68042
68052
68081
68085
68088
68112
68112
68112
68130
68146
68148
68155
68155
68157
68174
68182
68182
68217
68227
68255
68259
68269
68274
68293
68300
68303
68312
68339
68369
68389
68399
68409
68409
68412
68417
68436
68441
68454
68462
68463
68502
68510
68512
68513
68549
68561
68575
68581
68584
68589
68597
68601
68607
68612
68613
68618
68627
68635
68651
68672
68681
68681
68690
68702
68703
68719
68726
68734
68748
68751
68756
68764
68775
68775
68787
68795
68801
68804
68817
68837
68849
68849
68864
68865
68884
68897
68905
68931
68934
68951
68976
68980
68987
68991
69001
69007
69012
69030
69071
69079
69094
69097
69100
69109
69110
69115
69129
69130
69130
69131
69155
69175
69192
69230
69232
69252
69261
69279
69286
69305
69311
69341
69347
69349
69350
69355
69364
69380
69390
69409
69418
69419
69425
69457
69474
69505
69505
69517
69547
69567
69570
69584
69589
69603
69608
69609
69620
69635
69637
69647
69653
69653
69661
69672
69690
69698
69713
69719
69730
69739
