21
61
77
109
129
130
145
154
204
269
294
393
402
430
556
587
607
611
613
614
644
651
687
713
719
731
741
743
769
771
787
793
809
879
915
925
959
960
964
976
990
999
1013
1017
1020
1085
1116
1131
1154
1157
1157
1178
1180
1229
1268
1310
1318
1319
1324
1346
1358
1366
1437
1443
1478
1487
1502
1529
1557
1572
1577
1598
1623
1639
1649
1650
1652
1656
1672
1709
1720
1721
1721
1724
1724
1729
1773
1798
1801
1826
1837
1844
1845
1850
1853
1858
1869
1887
1913
1927
1945
1954
1988
1989
2043
2052
2059
2083
2087
2114
2119
2154
2172
2184
2195
2267
2269
2284
2287
2299
2313
2417
2429
2445
2476
2477
2483
2508
2596
2615
2624
2648
2657
2660
2674
2687
2731
2739
2794
2824
2827
2831
2839
2889
2974
3002
3012
3032
3034
3060
3067
3072
3075
3082
3090
3108
3118
3127
3151
3167
3174
3207
3233
3252
3288
3291
3296
3302
3303
3313
3366
3385
3398
3404
3422
3437
3438
3456
3469
3475
3478
3512
3541
3557
3573
3610
3619
3626
3631
3635
3745
3753
3760
3805
3840
3872
3911
3924
3938
3959
3986
3989
4022
4028
4060
4080
4117
4117
4128
4134
4159
4251
4274
4308
4338
4347
4363
4387
4408
4431
4432
4439
4478
4484
4493
4507
4565
4567
4568
4610
4668
4731
4840
4849
4883
4890
4910
4912
4925
4937
4969
4989
5008
5031
5039
5052
5059
5074
5113
5125
5131
5133
5143
5204
5205
5215
5217
5228
5228
5229
5298
5299
5324
5348
5350
5361
5367
5387
5392
5399
5503
5527
5536
5559
5561
5573
5577
5584
5587
5587
5594
5597
5602
5650
5675
5694
5702
5716
5735
5740
5781
5788
5797
5875
5879
5886
5919
5977
6012
6046
6049
6050
6116
6130
6135
6146
6155
6157
6179
6189
6190
6316
6354
6408
6425
6436
6438
6458
6480
6491
6518
6528
6528
6539
6549
6570
6574
6578
6600
6609
6611
6620
6663
6670
6673
6675
6679
6682
6696
6697
6749
6781
6797
6814
6823
6943
6945
6957
6978
7044
7051
7052
7086
7111
7129
7144
7173
7182
7183
7211
7235
7246
7255
7261
7329
7401
7433
7435
7442
7469
7517
7530
7542
7586
7598
7610
7641
7678
7687
7700
7741
7743
7798
7855
7871
7887
7899
7907
7926
7927
7941
7952
7954
7988
8066
8067
8105
8105
8127
8160
8169
8182
8210
8227
8236
8239
8251
8267
8270
8299
8312
8335
8340
8340
8356
8362
8382
8398
8409
8415
8463
8468
8494
8547
8565
8610
8629
8660
8706
8714
8728
8735
8754
8757
8757
8795
8798
8809
8814
8821
8893
8895
8897
8949
8959
8962
8973
9009
9035
9054
9090
9112
9116
9139
9142
9147
9170
9225
9231
9231
9237
9237
9257
9258
9281
9288
9313
9319
9338
9343
9378
9388
9388
9398
9414
9422
9444
9452
9496
9496
9499
9547
9570
9573
9587
9599
9621
9622
9628
9630
9634
9637
9641
9648
9658
9688
9692
9693
9695
9715
9722
9729
9739
9795
9830
9837
9839
9867
9868
9878
9889
9914
9922
9929
10007
10009
10017
10040
10053
10072
10080
10081
10082
10095
10124
10127
10135
10136
10169
10174
10207
10222
10240
10243
10251
10287
10362
10365
10374
10379
10397
10407
10422
10426
10460
10478
10504
10525
10649
10741
10771
10776
10783
10816
10821
10860
10865
10872
10886
10888
10923
10928
10934
10936
10942
10945
10991
11027
11037
11069
11080
11110
11112
11115
11141
11160
11186
11197
11201
11238
11248
11256
11272
11287
11325
11333
11363
11371
11385
11401
11401
11410
11426
11434
11434
11439
11456
11495
11495
11509
11514
11531
11570
11668
11700
11707
11722
11834
11846
11878
11901
11935
11963
11968
11972
11973
11997
12000
12012
12015
12019
12022
12026
12051
12074
12074
12103
12154
12154
12212
12237
12248
12266
12274
12282
12285
12287
12292
12307
12309
12345
12355
12365
12390
12407
12411
12412
12424
12430
12469
12503
12517
12521
12550
12570
12579
12598
12609
12620
12626
12636
12701
12736
12758
12767
12774
12811
12812
12822
12837
12839
12852
12883
12890
12898
12904
12912
12914
12926
12935
12945
12958
12975
12996
13029
13071
13077
13080
13107
13110
13130
13168
13169
13181
13184
13243
13243
13280
13283
13306
13320
13322
13327
13343
13344
13385
13399
13418
13440
13443
13453
13490
13510
13541
13548
13553
13564
13567
13582
13607
13609
13623
13631
13654
13690
13692
13716
13720
13728
13737
13750
13786
13796
13826
13828
13835
13860
13906
13940
13947
13971
13981
14005
14008
14044
14058
14067
14091
14095
14126
14161
14164
14184
14197
14244
14244
14247
14271
14343
14362
14374
14376
14389
14411
14435
14466
14501
14519
14524
14552
14553
14554
14557
14562
14572
14580
14632
14648
14716
14716
14743
14751
14766
14773
14804
14825
14844
14861
14892
14906
14917
14919
14941
14946
14955
14969
14974
14974
15006
15020
15069
15076
15079
15119
15150
15151
15179
15181
15196
15199
15215
15224
15229
15252
15277
15282
15283
15286
15293
15305
15310
15313
15321
15347
15370
15372
15403
15412
15418
15419
15482
15516
15519
15532
15571
15588
15606
15613
15623
15628
15641
15657
15693
15700
15762
15769
15795
15803
15813
15852
15855
15879
15902
15942
15959
15965
15974
15981
15982
15986
15988
16057
16060
16063
16066
16083
16092
16140
16142
16144
16190
16213
16248
16265
16291
16293
16295
16400
16415
16443
16450
16455
16475
16490
16513
16521
16525
16532
16580
16586
16589
16592
16608
16617
16626
16628
16637
16645
16686
16700
16700
16751
16763
16765
16791
16803
16820
16850
16888
16894
16953
16956
16961
16973
16990
17010
17017
17053
17088
17126
17140
17145
17151
17160
17179
17183
17187
17190
17193
17230
17248
17286
17315
17331
17410
17421
17452
17456
17462
17479
17493
17508
17547
17562
17590
17597
17623
17631
17693
17716
17733
17739
17748
17749
17783
17838
17853
17854
17856
17863
17892
17906
17918
17933
17939
17945
17947
17974
17989
17997
18006
18007
18007
18019
18022
18035
18038
18040
18054
18056
18063
18080
18084
18103
18106
18123
18148
18238
18258
18305
18310
18311
18315
18344
18348
18369
18374
18377
18397
18438
18439
18470
18481
18497
18499
18504
18543
18552
18555
18586
18594
18597
18610
18629
18632
18646
18657
18661
18662
18669
18675
18679
18684
18690
18714
18721
18763
18801
18819
18842
18852
18854
18880
18889
18896
18920
18922
18958
18966
18981
18984
18984
18998
19014
19017
19070
19085
19092
19102
19146
19178
19194
19230
19247
19277
19287
19294
19302
19341
19378
19403
19417
19420
19455
19476
19483
19515
19520
19534
19543
19553
19555
19590
19595
19596
19597
19652
19656
19663
19666
19674
19703
19720
19727
19729
19735
19761
19772
19779
19798
19807
19827
19853
19860
19908
19913
19916
19945
19947
19960
19984
20022
20123
20146
20148
20203
20220
20227
20251
20276
20281
20288
20291
20295
20295
20299
20318
20333
20334
20346
20364
20387
20387
20397
20437
20445
20447
20459
20461
20498
20516
20566
20587
20603
20604
20639
20642
20669
20671
20683
20744
20815
20838
20852
20875
20925
20930
20942
20956
20986
20997
21024
21040
21052
21054
21055
21079
21100
21103
21110
21120
21165
21183
21203
21237
21259
21266
21270
21272
21274
21298
21300
21301
21332
21338
21339
21362
21410
21433
21447
21457
21458
21504
21513
21535
21555
21557
21585
21628
21636
21638
21649
21656
21673
21682
21723
21750
21752
21760
21764
21767
21768
21786
21790
21806
21819
21831
21850
21881
21882
21924
21943
21946
21947
21971
21994
22013
22029
22050
22067
22078
22083
22086
22107
22110
22118
22118
22125
22137
22142
22147
22148
22174
22192
22205
22231
22236
22248
22267
22283
22292
22305
22306
22326
22351
22379
22384
22401
22409
22429
22457
22461
22477
22503
22516
22520
22540
22544
22572
22589
22591
22594
22614
22637
22641
22679
22681
22687
22701
22728
22736
22750
22751
22787
22790
22794
22799
22809
22822
22833
22883
22902
22924
22967
22982
22994
23009
23034
23037
23046
23046
23072
23089
23112
23129
23160
23170
23199
23209
23243
23274
23320
23351
23351
23358
23362
23395
23410
23432
23457
23468
23470
23480
23508
23532
23532
23533
23543
23586
23627
23630
23642
23661
23665
23667
23677
23691
23712
23725
23726
23729
23734
23762
23773
23834
23834
23843
23849
23872
23917
23922
23940
23970
23980
23994
24002
24004
24030
24047
24073
24092
24129
24141
24154
24229
24231
24264
24281
24294
24298
24301
24357
24381
24402
24417
24445
24452
24454
24477
24479
24498
24510
24521
24525
24595
24633
24633
24658
24678
24685
24695
24696
24732
24742
24763
24777
24811
24839
24862
24926
24950
24953
24957
24957
24960
24977
24984
24989
25021
25029
25056
25079
25102
25114
25156
25161
25165
25197
25204
25208
25209
25237
25246
25251
25265
25281
25296
25305
25315
25331
25351
25363
25364
25382
25384
25395
25401
25409
25421
25436
25470
25509
25515
25517
25523
25544
25569
25577
25581
25619
25625
25639
25641
25642
25649
25652
25670
25679
25687
25708
25722
25746
25750
25765
25803
25816
25817
25825
25830
25831
25881
25896
25897
25907
25913
25918
25920
25938
25963
25975
25997
26005
26025
26037
26048
26062
26090
26099
26105
26157
26162
26169
26180
26184
26191
26196
26220
26266
26303
26304
26305
26308
26338
26362
26363
26400
26400
26415
26420
26435
26440
26468
26470
26494
26499
26530
26537
26553
26584
26605
26621
26685
26746
26754
26761
26765
26776
26810
26814
26820
26823
26832
26835
26855
26908
26937
26943
26969
27023
27024
27040
27046
27089
27103
27131
27174
27184
27208
27209
27213
27236
27287
27303
27320
27324
27328
27342
27404
27425
27432
27437
27455
27478
27495
27524
27545
27554
27555
27609
27612
27615
27637
27639
27661
27663
27669
27677
27684
27757
27770
27779
27779
27792
27824
27836
27843
27863
27879
27913
27931
27957
27972
27976
27992
27995
28014
28018
28033
28042
28070
28071
28102
28106
28117
28127
28151
28171
28172
28176
28177
28193
28215
28235
28251
28254
28261
28282
28283
28286
28291
28317
28333
28334
28352
28357
28369
28371
28385
28399
28419
28435
28480
28505
28507
28518
28544
28548
28558
28561
28567
28578
28605
28667
28723
28730
28738
28758
28766
28778
28779
28789
28793
28831
28834
28838
28843
28849
28854
28866
28869
28875
28876
28902
28928
28941
28973
28995
29019
29035
29054
29054
29074
29086
29168
29177
29180
29188
29191
29200
29211
29222
29226
29243
29247
29273
29299
29340
29350
29376
29429
29438
29452
29452
29473
29475
29492
29521
29522
29528
29536
29539
29543
29555
29580
29589
29605
29608
29642
29643
29664
29674
29699
29707
29708
29722
29736
29743
29761
29835
29853
29863
29869
29896
29922
29963
29982
29988
29996
30027
30035
30056
30082
30207
30235
30250
30253
30266
30276
30281
30300
30329
30331
30352
30372
30372
30378
30396
30407
30444
30445
30451
30456
30462
30469
30477
30498
30506
30523
30526
30544
30549
30559
30569
30574
30594
30595
30597
30618
30625
30626
30670
30672
30699
30701
30705
30766
30770
30783
30788
30818
30828
30834
30849
30866
30885
30902
30934
30935
30944
30950
31011
31041
31044
31046
31083
31098
31101
31103
31127
31150
31198
31206
31208
31257
31261
31299
31346
31362
31376
31377
31378
31397
31427
31444
31453
31461
31464
31477
31507
31510
31584
31590
31620
31628
31632
31654
31660
31704
31737
31741
31750
31796
31820
31824
31831
31855
31870
31887
31899
31914
31921
31946
31948
31961
31971
32024
32032
32034
32037
32044
32047
32054
32065
32095
32112
32125
32132
32167
32181
32206
32209
32270
32271
32275
32367
32375
32380
32392
32410
32415
32419
32431
32441
32460
32513
32517
32520
32538
32547
32566
32577
32595
32625
32655
32667
32787
32789
32807
32807
32835
32848
32858
32863
32931
32962
32966
32967
32970
32972
32983
33024
33026
33047
33052
33082
33088
33091
33116
33134
33134
33144
33149
33160
33172
33176
33202
33217
33221
33232
33238
33259
33270
33277
33361
33388
33392
33396
33415
33416
33425
33485
33525
33572
33600
33620
33626
33630
33653
33692
33712
33739
33785
33810
33810
33832
33839
33854
33883
33921
33942
33967
34000
34011
34018
34034
34058
34087
34104
34138
34153
34160
34185
34189
34192
34208
34215
34234
34256
34325
34330
34381
34386
34389
34390
34403
34431
34441
34465
34503
34561
34569
34587
34624
34665
34672
34695
34705
34741
34756
34795
34806
34824
34876
34880
34932
34933
34945
34948
34963
34970
34974
34975
34982
34992
34997
35021
35023
35052
35053
35055
35065
35072
35081
35096
35110
35112
35117
35118
35142
35152
35159
35177
35208
35214
35218
35219
35221
35226
35242
35247
35261
35293
35296
35322
35341
35414
35424
35446
35464
35485
35496
35513
35519
35525
35568
35591
35615
35616
35658
35660
35672
35678
35691
35738
35757
35802
35824
35834
35851
35902
35910
35921
35923
35933
35939
35967
35981
35999
36006
36024
36040
36049
36056
36073
36074
36084
36090
36111
36115
36118
36131
36137
36141
36145
36163
36179
36193
36201
36219
36247
36252
36262
36263
36280
36288
36339
36351
36370
36385
36421
36427
36440
36464
36474
36479
36479
36497
36500
36565
36565
36575
36578
36584
36594
36644
36679
36685
36704
36710
36724
36731
36743
36749
36750
36752
36783
36806
36819
36834
36837
36843
36843
36874
36883
36897
36902
36903
36912
36922
36926
36926
36934
36945
36967
36988
36993
36999
37013
37021
37045
37107
37118
37207
37217
37218
37221
37221
37222
37237
37268
37272
37320
37323
37326
37352
37363
37363
37389
37391
37397
37434
37470
37504
37523
37532
37544
37590
37594
37622
37624
37629
37631
37655
37667
37668
37684
37699
37707
37719
37740
37769
37772
37776
37779
37780
37792
37804
37807
37884
37917
37919
37930
37935
37936
37953
37960
37968
37994
38003
38041
38053
38059
38113
38114
38120
38121
38134
38155
38155
38173
38205
38205
38225
38234
38261
38263
38266
38289
38304
38328
38329
38333
38336
38361
38362
38391
38395
38417
38426
38430
38480
38489
38517
38524
38527
38536
38547
38571
38573
38583
38600
38619
38670
38698
38700
38702
38725
38727
38752
38773
38774
38778
38799
38801
38813
38822
38826
38831
38849
38867
38882
38894
38908
38908
38913
38959
38962
38981
39006
39013
39023
39036
39037
39056
39076
39088
39091
39131
39146
39177
39193
39201
39251
39268
39278
39283
39290
39304
39306
39346
39357
39358
39359
39366
39370
39381
39431
39433
39503
39543
39551
39554
39555
39568
39573
39573
39599
39621
39622
39630
39690
39698
39699
39711
39747
39758
39786
39845
39849
39880
39881
39923
39938
39981
39982
39989
39993
40011
40015
40035
40056
40080
40083
40087
40131
40145
40162
40202
40215
40235
40241
40242
40242
40247
40254
40257
40258
40268
40279
40280
40285
40288
40319
40327
40388
40402
40405
40450
40464
40483
40486
40507
40546
40612
40619
40644
40673
40697
40715
40730
40754
40787
40813
40815
40832
40893
40918
40949
40986
40987
40988
40993
40999
41037
41053
41054
41055
41075
41096
41114
41114
41122
41131
41142
41156
41161
41176
41179
41216
41221
41235
41246
41258
41264
41312
41322
41344
41358
41363
41365
41366
41384
41395
41404
41428
41507
41541
41560
41562
41595
41602
41609
41624
41639
41641
41662
41723
41724
41757
41781
41813
41876
41876
41889
41891
41920
41923
41925
41941
41974
41977
41988
41994
42000
42041
42091
42094
42124
42124
42126
42140
42141
42172
42176
42213
42215
42233
42259
42261
42264
42313
42313
42320
42323
42327
42328
42336
42378
42396
42396
42421
42423
42430
42430
42432
42442
42448
42463
42484
42494
42527
42531
42556
42613
42643
42652
42703
42739
42742
42763
42812
42826
42873
42873
42878
42896
42904
42923
42943
42945
42963
42977
42980
43003
43009
43024
43034
43040
43060
43061
43080
43095
43128
43132
43140
43150
43151
43164
43177
43181
43187
43192
43211
43233
43249
43305
43325
43339
43345
43382
43408
43433
43451
43518
43530
43568
43608
43615
43625
43631
43637
43638
43644
43644
43650
43658
43668
43684
43686
43703
43705
43714
43715
43718
43751
43760
43769
43786
43858
43876
43886
43908
43916
43963
43972
43982
44004
44024
44025
44117
44168
44197
44219
44239
44311
44323
44330
44338
44343
44350
44355
44360
44367
44369
44376
44400
44403
44404
44431
44441
44460
44487
44561
44601
44607
44608
44609
44649
44664
44706
44706
44711
44731
44744
44745
44749
44764
44773
44786
44866
44891
44920
44929
44930
44955
44964
45003
45010
45035
45112
45115
45122
45166
45248
45254
45255
45265
45268
45272
45332
45389
45400
45404
45426
45434
45434
45446
45452
45454
45464
45480
45487
45489
45496
45517
45541
45557
45557
45571
45575
45597
45629
45675
45680
45685
45692
45692
45700
45701
45708
45758
45766
45802
45805
45828
45831
45832
45834
45836
45839
45842
45904
45961
45961
45964
45965
45972
46008
46041
46062
46076
46105
46128
46137
46146
46159
46164
46173
46206
46213
46245
46268
46269
46272
46284
46309
46316
46318
46320
46329
46377
46388
46422
46465
46474
46476
46487
46497
46518
46543
46571
46599
46608
46683
46709
46761
46775
46780
46783
46784
46807
46830
46905
46911
46926
46927
46935
46937
46947
46948
46986
47004
47016
47019
47034
47069
47130
47158
47186
47213
47219
47252
47272
47289
47290
47298
47322
47322
47328
47332
47343
47347
47361
47369
47396
47398
47425
47434
47466
47472
47483
47539
47547
47552
47567
47603
47681
47684
47692
47701
47747
47759
47768
47789
47794
47801
47808
47836
47857
47864
47871
47881
47884
47885
47885
47920
47948
47964
47968
47982
47983
47983
47983
48028
48043
48056
48077
48102
48113
48131
48144
48154
48161
48175
48177
48192
48214
48222
48228
48248
48289
48293
48303
48307
48318
48320
48325
48328
48358
48363
48410
48434
48476
48496
48513
48542
48572
48594
48672
48683
48705
48736
48738
48739
48758
48785
48809
48840
48861
48878
48899
48932
48939
48958
48980
48980
48981
48988
48989
48998
48999
49007
49037
49057
49057
49070
49078
49129
49147
49157
49158
49163
49171
49194
49207
49239
49242
49256
49264
49278
49318
49329
49370
49379
49431
49456
49466
49471
49473
49543
49550
49553
49562
49566
49590
49596
49601
49610
49632
49693
49699
49702
49745
49763
49777
49778
49794
49807
49808
49814
49816
49895
49903
49906
49941
49970
49974
49974
49987
50038
50078
50107
50191
50195
50198
50201
50202
50204
50207
50313
50330
50339
50339
50349
50353
50355
50358
50368
50403
50419
50463
50473
50501
50538
50556
50571
50600
50605
50623
50651
50655
50655
50663
50674
50688
50710
50719
50744
50785
50789
50792
50820
50842
50876
50895
50906
50929
50952
50981
50999
51008
51025
51048
51078
51080
51100
51103
51107
51166
51190
51215
51255
51263
51285
51299
51313
51314
51329
51353
51392
51406
51415
51418
51466
51474
51475
51499
51500
51511
51524
51556
51559
51605
51657
51680
51688
51763
51783
51796
51838
51846
51903
51914
51931
51944
51960
51970
51972
51981
51986
51991
52009
52011
52052
52087
52095
52099
52151
52160
52165
52212
52224
52231
52242
52260
52262
52270
52271
52307
52338
52357
52366
52393
52396
52408
52410
52461
52478
52480
52489
52489
52550
52566
52576
52590
52621
52653
52662
52671
52674
52675
52694
52694
52708
52750
52751
52764
52787
52792
52794
52799
52801
52807
52828
52851
52907
52907
52921
52963
52964
52986
52996
52999
53004
53012
53047
53068
53068
53103
53106
53127
53153
53159
53171
53183
53208
53215
53264
53284
53293
53316
53319
53371
53374
53391
53422
53458
53477
53487
53492
53492
53494
53573
53574
53579
53593
53652
53669
53677
53688
53693
53740
53742
53744
53745
53751
53769
53779
53783
53792
53820
53831
53851
53855
53857
53893
53909
53947
53963
54012
54018
54028
54033
54034
54042
54073
54077
54078
54083
54086
54102
54124
54125
54126
54164
54174
54193
54206
54209
54213
54241
54276
54321
54333
54334
54354
54362
54373
54398
54440
54456
54481
54487
54491
54508
54518
54532
54535
54539
54545
54562
54591
54624
54627
54642
54652
54659
54661
54675
54717
54739
54754
54762
54764
54767
54783
54791
54810
54840
54847
54891
54901
54929
54929
54945
54948
54997
55019
55027
55097
55145
55149
55163
55164
55222
55233
55277
55279
55334
55339
55346
55348
55353
55364
55381
55441
55448
55465
55469
55472
55503
55511
55523
55528
55537
55544
55550
55579
55635
55643
55671
55672
55689
55709
55715
55717
55740
55765
55807
55814
55835
55886
55891
55891
55908
55926
55938
55972
55983
55991
56041
56041
56046
56053
56078
56095
56104
56143
56177
56186
56198
56209
56265
56297
56298
56329
56337
56339
56371
56372
56389
56395
56401
56423
56423
56426
56427
56441
56447
56471
56473
56511
56520
56536
56543
56552
56569
56602
56610
56612
56632
56661
56686
56711
56762
56772
56794
56810
56810
56814
56814
56815
56843
56846
56874
56902
56941
56970
56989
56993
57013
57023
57026
57042
57060
57063
57064
57074
57105
57105
57120
57165
57176
57191
57197
57202
57217
57224
57269
57273
57302
57306
57320
57343
57349
57381
57383
57390
57397
57454
57467
57467
57471
57487
57488
57493
57519
57522
57523
57547
57560
57569
57583
57583
57585
57590
57622
57668
57685
57688
57698
57699
57719
57728
57746
57754
57770
57775
57800
57818
57828
57835
57854
57869
57920
57930
57998
58009
58010
58019
58058
58079
58104
58104
58116
58119
58139
58185
58189
58195
58201
58219
58220
58234
58270
58286
58296
58321
58351
58360
58379
58400
58412
58414
58449
58452
58485
58500
58502
58505
58550
58562
58563
58593
58594
58595
58666
58684
58685
58704
58712
58726
58743
58747
58765
58777
58779
58793
58807
58853
58891
58904
58917
58924
58939
58943
58972
58995
59003
59027
59030
59036
59044
59048
59049
59053
59063
59067
59072
59074
59152
59174
59204
59223
59223
59260
59297
59321
59392
59393
59421
59428
59451
59475
59486
59520
59521
59534
59534
59545
59571
59575
59587
59600
59615
59632
59633
59644
59681
59690
59698
59715
59750
59792
59795
59819
59820
59823
59875
59877
59877
59917
59987
59999
60020
60055
60081
60090
60094
60110
60117
60153
60160
60162
60183
60187
60253
60283
60333
60340
60347
60351
60365
60383
60387
60389
60403
60406
60434
60445
60469
60502
60504
60518
60528
60589
60592
60607
60614
60622
60626
60633
60651
60667
60679
60687
60693
60715
60717
60722
60786
60846
60867
60881
60888
60891
60899
60934
60935
60974
60985
61036
61043
61099
61106
61161
61163
61173
61190
61196
61232
61279
61285
61288
61314
61315
61317
61347
61358
61392
61394
61418
61473
61491
61505
61553
61582
61605
61642
61702
61730
61731
61750
61770
61782
61788
61801
61864
61901
61940
61953
61955
61963
61977
61991
62025
62032
62052
62080
62087
62106
62126
62190
62207
62222
62259
62286
62287
62308
62358
62383
62387
62403
62415
62453
62459
62462
62495
62497
62506
62512
62515
62551
62594
62597
62618
62621
62630
62636
62652
62657
62666
62670
62747
62806
62807
62830
62837
62870
62887
62893
62904
62934
62937
62954
62958
62979
63103
63106
63108
63117
63118
63119
63126
63132
63155
63175
63184
63187
63193
63233
63237
63288
63307
63321
63325
63331
63331
63336
63347
63349
63370
63386
63399
63400
63410
63430
63447
63477
63520
63527
63550
63580
63592
63627
63636
63668
63677
63677
63707
63709
63715
63717
63723
63767
63769
63775
63805
63821
63836
63837
63859
63895
63900
63928
63933
63935
63941
63962
63983
63988
64015
64017
64031
64035
64052
64072
64075
64089
64089
64091
64106
64123
64127
64148
64159
64171
64178
64193
64207
64227
64250
64260
64285
64299
64299
64340
64356
64381
64382
64407
64411
64411
64417
64496
64502
64510
64551
64589
64607
64612
64633
64641
64658
64704
64711
64717
64723
64725
64725
64735
64758
64772
64785
64805
64823
64837
64872
64945
64948
64969
64982
65017
65020
65072
65079
65083
65094
65097
65099
65100
65109
65139
65141
65191
65204
65233
65287
65329
65338
65338
65340
65416
65419
65437
65450
65460
65499
65536
65545
65557
65602
65637
65667
65680
65681
65683
65717
65722
65759
65780
65783
65784
65784
65786
65794
65811
65851
65855
65862
65893
65897
65919
65948
65955
65957
65977
65982
65988
65998
66006
66022
66079
66098
66121
66145
66164
66212
66212
66224
66228
66253
66293
66295
66320
66339
66347
66407
66433
66459
66464
66466
66503
66520
66562
66578
66588
66610
66625
66648
66669
66686
66689
66704
66724
66725
66746
66750
66782
66800
66800
66806
66810
66831
66848
66861
66862
66868
66888
66894
66903
66903
66909
66931
66944
66946
66968
66976
66980
67011
67026
67057
67068
67088
67113
67131
67132
67173
67193
67200
67207
67217
67231
67321
67337
67375
67376
67389
67402
67424
67431
67502
67512
67514
67527
67531
67539
67604
67605
67645
67662
67678
67722
67728
67746
67755
67759
67772
67774
67775
67785
67795
67796
67845
67848
67871
67906
67908
67931
67957
67970
68025
68025
68058
68071
68075
68095
68127
68167
68178
68194
68195
68213
68215
68228
68258
68271
68276
68290
68313
68320
68371
68373
68375
68375
68376
68404
68421
68428
68437
68466
68475
68481
68491
68500
68506
68530
68531
68535
68555
68557
68559
68570
68575
68644
68676
68678
68683
68698
68723
68735
68739
68746
68755
68813
68816
68822
68838
68846
68868
68895
68923
68941
68953
68956
68987
69022
69034
69060
69061
69077
69079
69087
69092
69139
69159
69160
69164
69178
69181
69202
69217
69258
69276
69279
69324
69369
69389
69401
69427
69451
69476
69487
69508
69543
69604
69605
69616
69621
69623
69624
69625
69635
69651
69658
69675
69707
69738
69741
