3
4
6
7
26
30
51
52
55
68
68
70
82
85
94
108
110
110
113
115
117
121
130
130
130
131
143
154
170
170
173
181
188
192
200
206
207
225
233
242
248
273
279
283
293
295
310
326
332
339
345
359
378
391
409
419
422
424
435
440
446
463
470
470
474
478
481
483
483
496
498
510
510
512
515
535
538
541
547
550
569
575
576
577
580
583
601
606
612
612
618
622
626
637
642
647
651
673
678
700
703
712
720
722
735
738
742
754
757
761
773
776
776
780
784
784
790
799
806
827
827
829
842
844
847
850
857
877
880
884
890
898
912
929
944
947
968
969
984
986
988
991
992
997
1000
1021
1021
1021
1022
1024
1025
1054
1070
1074
1080
1080
1082
1090
1092
1097
1098
1107
1109
1116
1126
1128
1143
1144
1151
1161
1168
1169
1174
1180
1182
1185
1194
1196
1197
1200
1209
1211
1217
1229
1243
1251
1262
1274
1283
1284
1291
1314
1319
1330
1335
1344
1363
1368
1374
1375
1376
1382
1390
1410
1421
1434
1450
1452
1466
1467
1468
1469
1472
1475
1475
1478
1479
1479
1484
1489
1499
1502
1504
1505
1508
1509
1515
1524
1532
1541
1544
1544
1549
1556
1564
1569
1571
1572
1573
1574
1576
1578
1585
1594
1597
1601
1608
1608
1613
1617
1624
1641
1645
1651
1654
1657
1658
1672
1686
1694
1703
1708
1710
1715
1722
1722
1726
1732
1736
1739
1743
1747
1747
1760
1778
1785
1793
1810
1813
1816
1822
1831
1838
1845
1849
1851
1875
1878
1879
1883
1886
1890
1898
1913
1922
1929
1932
1932
1941
1947
1953
1954
1959
1962
1964
1969
1970
1973
1976
1979
1982
1985
1997
2002
2003
2010
2021
2045
2049
2061
2063
2070
2092
2093
2102
2112
2118
2129
2130
2131
2144
2148
2150
2165
2186
2199
2201
2209
2233
2240
2245
2245
2266
2279
2281
2284
2287
2288
2289
2293
2299
2300
2303
2316
2318
2323
2339
2348
2356
2358
2372
2384
2392
2392
2422
2424
2428
2439
2451
2456
2457
2464
2488
2506
2517
2517
2528
2536
2550
2552
2578
2600
2601
2612
2618
2622
2629
2647
2664
2670
2670
2678
2689
2696
2697
2699
2701
2710
2717
2737
2745
2748
2752
2769
2771
2786
2786
2792
2793
2796
2797
2798
2799
2806
2813
2835
2842
2853
2878
2883
2894
2900
2902
2906
2920
2941
2955
2981
2983
2984
2987
2997
3005
3011
3018
3019
3023
3024
3035
3043
3060
3075
3095
3102
3105
3112
3116
3130
3132
3134
3136
3141
3146
3151
3154
3173
3174
3191
3191
3191
3197
3210
3216
3217
3232
3240
3244
3251
3253
3257
3259
3260
3262
3264
3275
3278
3285
3291
3292
3296
3297
3299
3302
3318
3321
3353
3355
3372
3386
3393
3395
3411
3412
3414
3426
3432
3435
3447
3449
3450
3453
3479
3490
3500
3504
3505
3523
3535
3550
3557
3567
3569
3577
3586
3627
3631
3637
3662
3662
3668
3671
3673
3675
3679
3679
3684
3686
3687
3688
3690
3693
3699
3701
3720
3724
3732
3737
3750
3764
3765
3766
3786
3803
3808
3813
3823
3830
3832
3832
3846
3858
3862
3867
3869
3877
3880
3898
3904
3913
3948
3956
3957
3959
3963
3978
3982
4000
4002
4017
4031
4046
4050
4057
4085
4092
4093
4104
4112
4132
4140
4146
4148
4169
4172
4174
4176
4186
4193
4198
4215
4224
4228
4237
4238
4240
4248
4252
4255
4263
4268
4268
4270
4271
4276
4278
4278
4278
4288
4290
4300
4321
4321
4324
4329
4340
4368
4372
4373
4374
4376
4379
4384
4391
4405
4415
4424
4426
4460
4467
4468
4473
4475
4485
4488
4491
4502
4508
4520
4520
4531
4536
4536
4539
4541
4554
4557
4562
4565
4618
4622
4627
4634
4634
4639
4642
4645
4655
4665
4671
4676
4679
4682
4688
4707
4707
4715
4718
4731
4733
4738
4760
4766
4778
4801
4802
4802
4805
4808
4818
4831
4848
4853
4853
4873
4879
4882
4882
4890
4891
4894
4899
4905
4907
4914
4920
4922
4938
4944
4949
4953
4967
4998
5000
5003
5008
5010
5015
5021
5023
5026
5047
5058
5074
5085
5090
5091
5092
5110
5111
5119
5120
5125
5143
5149
5158
5170
5205
5207
5211
5245
5246
5247
5254
5264
5268
5271
5284
5284
5298
5301
5303
5303
5305
5325
5326
5327
5334
5335
5337
5344
5350
5351
5352
5370
5372
5396
5406
5427
5430
5444
5458
5470
5479
5491
5492
5493
5494
5495
5502
5508
5523
5533
5541
5545
5561
5561
5564
5565
5579
5591
5600
5602
5604
5630
5630
5640
5649
5658
5665
5665
5674
5684
5693
5705
5707
5707
5714
5717
5719
5727
5737
5739
5746
5761
5766
5768
5775
5785
5788
5805
5815
5823
5825
5829
5836
5852
5858
5860
5873
5889
5897
5909
5915
5925
5928
5929
5937
5944
5947
5949
5964
5966
5977
5985
6002
6003
6013
6029
6045
6055
6065
6071
6072
6073
6077
6084
6089
6091
6093
6097
6116
6123
6146
6149
6159
6162
6164
6170
6173
6175
6176
6190
6204
6207
6210
6224
6226
6246
6247
6256
6256
6260
6283
6290
6292
6294
6297
6300
6301
6303
6303
6321
6333
6339
6348
6357
6371
6374
6374
6377
6379
6395
6406
6415
6420
6428
6447
6450
6459
6459
6469
6476
6479
6487
6494
6494
6497
6521
6522
6522
6527
6536
6536
6549
6553
6557
6560
6565
6584
6586
6590
6595
6596
6599
6612
6623
6634
6634
6638
6642
6648
6649
6661
6669
6677
6685
6698
6699
6709
6718
6722
6731
6745
6747
6764
6768
6771
6816
6832
6833
6837
6859
6861
6861
6869
6870
6871
6882
6883
6887
6899
6907
6917
6919
6925
6925
6928
6931
6949
6966
6976
7007
7018
7023
7027
7029
7034
7036
7037
7041
7044
7050
7054
7068
7075
7082
7096
7103
7124
7140
7147
7147
7155
7156
7166
7172
7181
7198
7205
7217
7236
7252
7261
7262
7276
7277
7299
7301
7303
7307
7316
7318
7329
7329
7339
7344
7345
7350
7354
7355
7360
7360
7372
7375
7377
7385
7394
7396
7396
7402
7416
7430
7431
7431
7438
7444
7447
7464
7464
7469
7474
7484
7487
7497
7508
7511
7516
7519
7519
7539
7582
7589
7601
7605
7637
7650
7655
7662
7667
7668
7669
7678
7689
7693
7695
7697
7698
7707
7708
7710
7716
7719
7727
7731
7733
7735
7747
7749
7752
7758
7766
7768
7771
7777
7783
7789
7804
7816
7845
7845
7846
7854
7860
7886
7889
7902
7934
7934
7947
7948
7971
7973
7979
7980
7983
7984
7988
7997
8001
8005
8010
8029
8036
8048
8064
8074
8083
8084
8111
8113
8132
8133
8139
8139
8144
8154
8154
8166
8167
8173
8173
8174
8178
8181
8210
8221
8222
8223
8225
8238
8241
8242
8243
8243
8247
8249
8271
8299
8310
8312
8322
8323
8337
8338
8339
8341
8362
8362
8370
8381
8384
8386
8391
8410
8413
8433
8437
8438
8438
8440
8452
8456
8466
8468
8474
8482
8482
8490
8491
8504
8509
8511
8525
8528
8538
8541
8549
8560
8593
8604
8607
8615
8634
8635
8651
8654
8659
8663
8664
8670
8671
8674
8679
8679
8689
8690
8690
8692
8699
8700
8701
8731
8743
8746
8759
8759
8772
8777
8779
8781
8804
8815
8815
8818
8819
8843
8846
8853
8856
8863
8870
8872
8874
8877
8902
8904
8918
8940
8943
8951
8956
8962
8988
8994
8998
8999
9001
9008
9011
9022
9027
9034
9058
9059
9068
9076
9087
9132
9137
9137
9139
9139
9142
9144
9148
9149
9156
9160
9161
9166
9171
9181
9184
9188
9188
9189
9195
9209
9211
9212
9214
9225
9230
9230
9234
9240
9248
9250
9260
9292
9297
9308
9311
9324
9334
9345
9347
9359
9361
9383
9401
9403
9423
9425
9433
9465
9481
9493
9505
9518
9525
9530
9540
9543
9547
9548
9568
9571
9571
9574
9588
9599
9615
9635
9649
9651
9653
9655
9662
9665
9666
9669
9678
9680
9693
9698
9701
9708
9714
9716
9717
9717
9717
9722
9728
9728
9746
9749
9751
9751
9758
9759
9779
9782
9788
9805
9815
9825
9826
9834
9838
9841
9848
9858
9861
9886
9895
9900
9903
9912
9912
9914
9916
9940
9950
9951
9961
9979
9982
9983
9985
9994
9997
10013
10013
10022
10030
10036
10047
10054
10072
10072
10083
10085
10116
10117
10122
10128
10129
10131
10135
10150
10159
10166
10167
10186
10193
10197
10199
10220
10242
10274
10287
10288
10296
10296
10300
10325
10326
10327
10338
10357
10362
10363
10400
10413
10416
10419
10423
10454
10460
10462
10465
10477
10493
10494
10496
10501
10503
10504
10516
10521
10532
10537
10540
10545
10551
10556
10557
10573
10597
10598
10612
10616
10645
10669
10686
10687
10690
10702
10702
10702
10709
10710
10729
10735
10738
10749
10760
10763
10764
10764
10796
10796
10804
10813
10814
10814
10824
10826
10826
10830
10837
10848
10854
10857
10870
10872
10873
10874
10875
10881
10888
10906
10907
10926
10948
10949
10970
10971
10972
10980
10985
10987
10992
10994
10998
10999
11006
11020
11022
11041
11060
11063
11064
11067
11073
11087
11102
11109
11111
11117
11125
11126
11136
11139
11140
11145
11150
11150
11156
11163
11179
11179
11183
11185
11189
11190
11192
11203
11211
11211
11215
11253
11261
11265
11265
11273
11287
11289
11308
11308
11317
11319
11320
11320
11338
11341
11346
11359
11362
11373
11375
11383
11387
11401
11401
11406
11407
11422
11425
11427
11429
11436
11440
11444
11448
11448
11464
11464
11470
11493
11494
11516
11523
11525
11526
11531
11534
11554
11559
11562
11573
11589
11591
11592
11597
11600
11602
11608
11619
11622
11632
11634
11640
11644
11647
11661
11662
11662
11688
11695
11714
11715
11723
11726
11731
11735
11760
11761
11761
11762
11768
11786
11786
11802
11805
11826
11836
11848
11874
11883
11885
11891
11891
11892
11893
11898
11903
11907
11909
11916
11924
11934
11957
11964
11969
11995
12007
12017
12037
12041
12045
12059
12061
12072
12073
12078
12086
12093
12106
12116
12123
12126
12130
12136
12136
12138
12139
12143
12157
12159
12166
12174
12175
12189
12199
12219
12223
12225
12243
12243
12245
12247
12258
12278
12278
12285
12291
12293
12296
12298
12299
12302
12312
12316
12327
12334
12343
12344
12346
12353
12369
12370
12377
12400
12403
12409
12412
12414
12416
12421
12431
12434
12439
12447
12449
12460
12460
12462
12463
12465
12487
12491
12491
12496
12552
12554
12556
12564
12575
12585
12600
12610
12612
12619
12623
12630
12637
12638
12642
12656
12657
12668
12679
12687
12691
12693
12701
12725
12731
12740
12750
12757
12758
12759
12772
12776
12781
12807
12807
12809
12814
12833
12833
12836
12838
12841
12845
12848
12848
12852
12854
12859
12870
12876
12889
12891
12900
12922
12929
12934
12945
12961
12970
12970
12978
12983
12998
13019
13030
13040
13042
13055
13064
13064
13064
13065
13065
13087
13090
13094
13103
13125
13131
13151
13156
13157
13166
13189
13189
13193
13201
13210
13211
13212
13216
13221
13244
13259
13260
13263
13272
13279
13282
13285
13287
13291
13293
13298
13310
13325
13336
13353
13357
13361
13361
13373
13381
13408
13420
13428
13442
13442
13448
13458
13472
13483
13483
13499
13500
13518
13541
13544
13545
13546
13556
13556
13557
13575
13582
13598
13598
13599
13607
13610
13614
13617
13623
13624
13632
13636
13643
13658
13664
13675
13675
13676
13694
13700
13700
13701
13719
13729
13730
13731
13756
13759
13765
13777
13780
13784
13785
13797
13807
13807
13813
13813
13816
13823
13829
13835
13838
13841
13842
13849
13854
13873
13882
13895
13898
13911
13912
13913
13915
13928
13931
13932
13939
13944
13944
13955
13962
13962
13966
13966
13977
13980
13983
13986
14001
14059
14062
14068
14082
14087
14092
14120
14122
14134
14140
14149
14154
14155
14179
14180
14184
14200
14201
14202
14210
14215
14222
14225
14227
14237
14243
14252
14252
14254
14261
14265
14274
14281
14281
14306
14307
14310
14315
14317
14341
14358
14365
14373
14385
14396
14407
14416
14421
14433
14462
14466
14473
14488
14500
14500
14502
14504
14505
14507
14512
14535
14540
14542
14548
14553
14554
14573
14584
14584
14591
14593
14594
14595
14608
14621
14621
14629
14629
14631
14634
14637
14645
14648
14650
14654
14654
14655
14663
14673
14689
14691
14706
14711
14714
14715
14724
14726
14743
14756
14768
14774
14776
14783
14784
14795
14800
14816
14816
14821
14831
14832
14840
14847
14850
14853
14871
14872
14893
14900
14911
14920
14925
14939
14946
14949
14954
14955
14977
14979
14979
14979
14983
14984
14990
15004
15014
15019
15026
15027
15027
15043
15048
15054
15063
15066
15094
15097
15105
15111
15118
15131
15133
15133
15143
15171
15197
15214
15231
15244
15246
15275
15281
15281
15284
15286
15289
15301
15307
15307
15317
15318
15327
15329
15330
15333
15333
15335
15342
15350
15363
15373
15382
15396
15406
15421
15424
15427
15431
15434
15435
15437
15465
15469
15470
15470
15471
15486
15494
15501
15514
15519
15537
15539
15546
15546
15549
15550
15558
15561
15568
15581
15596
15601
15608
15626
15628
15662
15663
15665
15668
15673
15683
15690
15692
15713
15715
15729
15731
15738
15740
15747
15770
15775
15796
15810
15811
15818
15826
15826
15839
15840
15851
15852
15854
15855
15866
15870
15875
15893
15907
15917
15929
15935
15949
15955
15972
15972
15980
16000
16012
16013
16015
16020
16024
16029
16037
16040
16044
16044
16050
16051
16069
16075
16081
16081
16094
16097
16115
16124
16131
16132
16140
16157
16158
16163
16167
16171
16183
16185
16187
16203
16207
16214
16220
16226
16241
16250
16250
16261
16267
16268
16269
16269
16272
16287
16309
16315
16324
16328
16331
16332
16332
16347
16360
16381
16382
16387
16389
16392
16395
16402
16402
16402
16403
16407
16408
16429
16468
16473
16476
16478
16487
16489
16501
16501
16511
16513
16515
16518
16519
16524
16527
16529
16544
16548
16549
16554
16556
16564
16570
16578
16578
16587
16602
16622
16640
16643
16645
16648
16649
16650
16657
16683
16695
16704
16713
16721
16725
16731
16732
16736
16738
16742
16744
16745
16759
16759
16778
16799
16801
16802
16805
16810
16816
16822
16824
16831
16834
16837
16850
16850
16869
16873
16874
16891
16892
16897
16910
16913
16928
16930
16939
16953
16967
16969
16977
16982
16988
17007
17022
17045
17045
17047
17048
17053
17056
17080
17080
17084
17087
17100
17108
17115
17121
17123
17124
17126
17129
17129
17134
17154
17157
17164
17175
17182
17200
17209
17224
17225
17240
17249
17278
17281
17305
17316
17317
17318
17333
17338
17344
17353
17356
17359
17360
17364
17378
17388
17410
17422
17428
17430
17436
17437
17441
17447
17456
17459
17467
17470
17472
17485
17497
17498
17498
17504
17506
17507
17515
17518
17526
17544
17546
17552
17559
17564
17565
17566
17569
17572
17578
17579
17589
17593
17610
17617
17623
17631
17637
17639
17640
17641
17657
17659
17666
17671
17673
17694
17703
17706
17716
17726
17740
17741
17758
17768
17771
17775
17778
17782
17787
17789
17790
17794
17798
17799
17801
17811
17815
17822
17825
17827
17827
17829
17842
17845
17846
17851
17853
17865
17869
17917
17931
17932
17933
17940
17948
17950
17967
17972
17982
17989
17991
18008
18014
18045
18060
18061
18085
18091
18100
18103
18107
18107
18109
18109
18109
18113
18113
18113
18114
18116
18120
18120
18127
18131
18132
18139
18148
18151
18163
18168
18177
18179
18189
18204
18208
18209
18215
18223
18229
18245
18250
18251
18257
18260
18260
18265
18303
18313
18314
18329
18348
18350
18366
18373
18377
18379
18386
18389
18391
18401
18404
18404
18407
18407
18424
18449
18469
18472
18478
18479
18486
18489
18491
18492
18493
18520
18522
18526
18527
18529
18535
18540
18542
18557
18561
18570
18571
18573
18585
18593
18601
18614
18621
18621
18623
18629
18633
18640
18676
18679
18680
18698
18722
18724
18735
18737
18742
18743
18746
18750
18755
18765
18770
18771
18774
18778
18786
18787
18789
18794
18804
18805
18808
18810
18811
18812
18822
18824
18824
18839
18847
18855
18860
18866
18888
18904
18908
18912
18913
18917
18921
18929
18933
18933
18935
18937
18953
18958
18959
18959
18960
18964
18981
18987
18993
18995
19002
19004
19017
19017
19026
19052
19053
19063
19071
19073
19098
19099
19116
19138
19149
19153
19164
19164
19164
19176
19179
19179
19188
19189
19198
19199
19209
19215
19223
19228
19228
19236
19243
19263
19267
19272
19273
19281
19288
19296
19296
19307
19311
19311
19317
19319
19323
19326
19330
19335
19336
19347
19354
19368
19382
19382
19386
19400
19412
19415
19420
19422
19423
19433
19439
19446
19457
19459
19467
19468
19473
19475
19483
19484
19494
19496
19498
19499
19504
19508
19519
19529
19531
19535
19536
19546
19556
19569
19575
19588
19590
19592
19604
19619
19623
19628
19636
19652
19654
19666
19672
19673
19678
19679
19688
19689
19696
19697
19707
19718
19742
19742
19746
19749
19750
19751
19783
19786
19793
19820
19824
19831
19832
19837
19840
19841
19858
19864
19864
19879
19894
19896
19910
19916
19918
19922
19929
19937
19940
19955
19967
19968
19969
19975
19975
19987
19998
20001
20003
20014
20020
20021
20021
20024
20044
20051
20065
20070
20089
20089
20114
20119
20121
20122
20129
20138
20139
20143
20152
20162
20200
20202
20204
20215
20224
20236
20259
20262
20269
20270
20283
20287
20288
20301
20331
20336
20338
20340
20354
20355
20359
20366
20388
20388
20391
20402
20421
20427
20428
20445
20448
20459
20464
20464
20475
20477
20481
20481
20486
20495
20498
20502
20503
20505
20507
20513
20530
20546
20548
20549
20560
20562
20564
20567
20579
20584
20586
20594
20602
20614
20627
20627
20633
20637
20638
20642
20655
20656
20662
20670
20676
20684
20686
20690
20700
20741
20759
20762
20794
20798
20816
20817
20836
20837
20839
20849
20849
20858
20864
20866
20867
20869
20885
20888
20892
20898
20908
20909
20914
20916
20921
20927
20936
20939
20942
20944
20951
20952
20955
20955
20962
20967
20992
20995
20998
21012
21018
21020
21026
21055
21066
21070
21072
21078
21097
21106
21107
21112
21112
21117
21122
21122
21125
21137
21150
21158
21177
21177
21186
21187
21208
21209
21218
21222
21232
21239
21251
21276
21278
21305
21305
21350
21350
21374
21377
21380
21382
21383
21397
21401
21410
21421
21422
21429
21446
21453
21454
21461
21462
21467
21468
21469
21470
21474
21474
21475
21488
21495
21508
21514
21517
21527
21537
21542
21549
21554
21568
21581
21583
21586
21606
21616
21619
21622
21625
21629
21638
21640
21653
21656
21674
21683
21683
21687
21703
21705
21712
21716
21716
21717
21724
21740
21762
21772
21794
21794
21794
21797
21798
21801
21813
21839
21844
21859
21862
21867
21873
21882
21882
21898
21898
21899
21909
21925
21926
21942
21942
21945
21960
21971
21978
21979
21983
21985
21986
21994
21994
21995
21999
22003
22003
22004
22018
22024
22046
22050
22058
22060
22073
22074
22085
22093
22095
22097
22102
22114
22115
22122
22129
22143
22147
22152
22169
22173
22181
22186
22205
22218
22222
22223
22227
22264
22279
22290
22300
22306
22307
22307
22312
22327
22329
22330
22332
22340
22350
22364
22367
22374
22375
22378
22391
22413
22425
22440
22446
22448
22451
22453
22458
22462
22473
22488
22493
22512
22532
22534
22540
22550
22557
22588
22613
22624
22640
22656
22660
22661
22670
22672
22684
22696
22716
22721
22735
22744
22745
22747
22749
22762
22763
22772
22776
22776
22791
22794
22796
22800
22812
22814
22823
22824
22826
22837
22845
22846
22856
22858
22861
22879
22879
22882
22908
22910
22914
22916
22921
22927
22933
22945
22951
22952
22975
22976
22982
22983
22984
23005
23009
23010
23014
23020
23021
23025
23025
23036
23049
23051
23060
23060
23066
23067
23075
23079
23086
23094
23104
23108
23109
23117
23126
23126
23130
23131
23146
23157
23157
23168
23172
23176
23184
23192
23196
23199
23202
23208
23211
23217
23221
23224
23245
23257
23261
23269
23281
23301
23302
23305
23323
23336
23344
23344
23345
23346
23384
23391
23435
23449
23451
23452
23452
23457
23462
23462
23474
23481
23492
23496
23498
23498
23499
23499
23503
23528
23529
23529
23541
23542
23545
23557
23567
23570
23574
23578
23579
23580
23592
23599
23612
23618
23622
23624
23627
23640
23657
23660
23662
23662
23677
23682
23698
23703
23709
23711
23713
23718
23722
23725
23740
23745
23746
23748
23751
23753
23757
23777
23788
23792
23804
23806
23810
23816
23817
23818
23827
23829
23829
23840
23860
23862
23862
23862
23864
23868
23876
23881
23884
23886
23893
23894
23894
23909
23916
23916
23922
23929
23957
23960
23963
23963
23971
23973
23974
23982
23988
23994
23996
24004
24005
24007
24026
24027
24027
24033
24048
24054
24061
24076
24107
24120
24125
24127
24139
24152
24159
24161
24167
24171
24196
24199
24207
24224
24226
24244
24246
24246
24247
24262
24273
24290
24304
24307
24312
24317
24320
24322
24323
24335
24343
24350
24351
24384
24385
24385
24438
24442
24444
24455
24457
24464
24492
24508
24515
24529
24530
24536
24542
24545
24550
24553
24554
24557
24584
24606
24614
24615
24619
24643
24647
24665
24667
24667
24673
24674
24677
24679
24686
24688
24710
24711
24750
24783
24785
24792
24798
24800
24801
24805
24816
24835
24854
24858
24871
24877
24881
24887
24900
24903
24904
24927
24929
24932
24933
24954
24955
24956
24962
24964
24967
24975
24976
24979
24990
24992
25019
25020
25020
25022
25024
25043
25050
25054
25054
25073
25124
25126
25130
25133
25135
25138
25144
25169
25172
25174
25183
25192
25203
25208
25216
25220
25228
25248
25269
25284
25301
25302
25302
25314
25340
25344
25345
25346
25364
25368
25369
25378
25386
25387
25393
25413
25415
25420
25424
25435
25439
25439
25440
25442
25445
25447
25448
25452
25455
25457
25458
25468
25468
25476
25477
25488
25495
25499
25518
25526
25530
25533
25533
25533
25555
25558
25568
25571
25571
25601
25604
25617
25627
25627
25632
25638
25639
25647
25651
25658
25665
25679
25680
25683
25690
25691
25705
25710
25714
25716
25722
25726
25733
25738
25740
25744
25752
25758
25759
25765
25776
25802
25805
25808
25810
25814
25819
25820
25820
25829
25832
25841
25854
25861
25865
25865
25887
25905
25934
25942
25947
25952
25957
25958
25963
25966
25976
25987
26003
26009
26011
26013
26013
26017
26021
26042
26047
26048
26049
26055
26068
26069
26070
26074
26076
26087
26098
26107
26111
26116
26119
26131
26133
26135
26145
26155
26158
26159
26161
26170
26172
26174
26182
26184
26188
26192
26215
26219
26221
26243
26246
26247
26257
26269
26274
26278
26279
26288
26293
26300
26302
26306
26311
26312
26313
26314
26318
26321
26325
26335
26359
26360
26365
26366
26368
26393
26401
26404
26438
26444
26455
26455
26461
26463
26466
26469
26480
26488
26492
26495
26509
26509
26510
26519
26528
26530
26539
26539
26557
26562
26569
26602
26602
26612
26623
26624
26632
26657
26664
26684
26691
26705
26712
26720
26728
26729
26735
26737
26737
26742
26750
26753
26755
26755
26756
26761
26773
26778
26781
26791
26793
26801
26803
26806
26814
26823
26827
26858
26864
26866
26882
26883
26884
26898
26903
26912
26917
26920
26923
26934
26942
26947
26948
26971
26991
26998
27004
27006
27019
27028
27040
27047
27048
27058
27061
27062
27062
27066
27074
27076
27086
27087
27089
27090
27103
27110
27124
27150
27160
27161
27163
27163
27171
27172
27174
27184
27184
27187
27192
27202
27205
27209
27216
27220
27222
27231
27233
27235
27247
27282
27288
27295
27307
27310
27322
27324
27343
27347
27353
27358
27361
27364
27366
27374
27379
27382
27395
27402
27404
27417
27448
27454
27464
27468
27478
27497
27497
27502
27508
27513
27513
27529
27530
27532
27533
27536
27541
27554
27557
27558
27577
27583
27584
27587
27622
27626
27626
27653
27662
27677
27684
27685
27712
27713
27722
27723
27730
27730
27733
27741
27755
27756
27761
27771
27771
27773
27803
27807
27811
27816
27818
27836
27841
27844
27878
27886
27904
27913
27935
27940
27942
27942
27960
27965
27975
27985
28002
28005
28012
28014
28034
28036
28046
28047
28050
28057
28067
28071
28083
28089
28094
28099
28103
28116
28122
28129
28135
28138
28145
28147
28162
28170
28189
28190
28194
28196
28203
28210
28235
28237
28254
28256
28257
28273
28278
28279
28301
28304
28309
28313
28317
28317
28319
28323
28334
28337
28352
28361
28363
28378
28389
28393
28396
28406
28409
28426
28432
28433
28440
28468
28496
28498
28505
28521
28559
28561
28573
28576
28578
28582
28582
28586
28590
28592
28597
28600
28615
28622
28629
28635
28638
28640
28644
28677
28684
28691
28692
28693
28699
28709
28713
28720
28723
28726
28768
28776
28790
28792
28797
28798
28799
28807
28819
28828
28835
28838
28848
28883
28900
28905
28906
28911
28926
28931
28954
28956
28973
28976
28978
28987
29008
29009
29014
29031
29037
29043
29052
29055
29063
29066
29075
29077
29086
29096
29105
29110
29114
29114
29114
29119
29120
29123
29132
29133
29148
29153
29183
29195
29225
29239
29240
29242
29243
29243
29246
29249
29250
29259
29264
29272
29279
29285
29288
29296
29297
29299
29309
29310
29315
29324
29326
29334
29341
29356
29361
29409
29412
29414
29416
29426
29428
29444
29463
29465
29467
29479
29493
29501
29505
29516
29527
29535
29547
29550
29554
29561
29561
29565
29572
29574
29575
29585
29592
29598
29606
29612
29615
29619
29623
29630
29630
29637
29641
29645
29651
29666
29667
29682
29698
29701
29702
29713
29714
29719
29721
29721
29722
29726
29730
29737
29776
29781
29790
29809
29814
29821
29824
29825
29845
29855
29865
29866
29872
29882
29904
29907
29907
29915
29919
29921
29922
29931
29932
29943
29954
29963
29975
29983
29991
29996
30001
30008
30018
30018
30024
30024
30026
30040
30043
30052
30061
30063
30064
30069
30080
30091
30091
30096
30103
30105
30109
30112
30121
30124
30136
30142
30151
30155
30157
30161
30165
30172
30174
30178
30189
30189
30190
30207
30222
30229
30237
30251
30256
30260
30270
30280
30296
30299
30300
30301
30302
30311
30319
30324
30326
30331
30336
30339
30357
30357
30394
30400
30409
30413
30414
30434
30435
30439
30448
30455
30459
30461
30462
30467
30468
30477
30481
30482
30496
30506
30506
30513
30518
30527
30537
30541
30549
30555
30565
30565
30571
30574
30589
30590
30594
30597
30607
30609
30610
30618
30639
30643
30655
30659
30668
30669
30680
30694
30708
30714
30714
30720
30732
30737
30758
30765
30771
30778
30788
30789
30792
30807
30820
30824
30825
30827
30827
30840
30859
30864
30869
30872
30878
30880
30886
30903
30911
30912
30920
30927
30939
30941
30945
30949
30949
30961
30974
30976
30984
30994
31007
31015
31031
31042
31044
31045
31046
31048
31048
31058
31064
31066
31077
31082
31086
31092
31093
31094
31094
31102
31104
31112
31113
31131
31133
31140
31141
31142
31148
31158
31168
31182
31195
31209
31224
31231
31242
31258
31259
31260
31269
31274
31275
31279
31282
31287
31298
31302
31328
31332
31337
31337
31340
31346
31346
31349
31351
31355
31362
31364
31380
31412
31428
31440
31441
31451
31456
31458
31467
31475
31483
31483
31483
31494
31495
31498
31501
31509
31538
31541
31545
31551
31572
31577
31585
31587
31610
31626
31627
31634
31638
31645
31656
31669
31670
31672
31683
31689
31690
31694
31699
31699
31711
31714
31718
31724
31738
31739
31762
31768
31772
31773
31783
31792
31795
31797
31801
31804
31808
31813
31814
31816
31817
31817
31820
31822
31831
31834
31837
31841
31842
31852
31853
31855
31855
31863
31864
31866
31887
31888
31890
31896
31900
31900
31902
31904
31913
31913
31917
31923
31935
31942
31943
31945
31951
31960
31979
31989
31989
31991
31994
32015
32016
32017
32044
32051
32053
32057
32061
32073
32089
32101
32107
32116
32121
32133
32138
32139
32150
32152
32160
32163
32176
32178
32181
32202
32205
32209
32211
32212
32212
32219
32220
32220
32220
32239
32242
32271
32271
32274
32278
32281
32284
32284
32287
32288
32292
32306
32316
32321
32324
32326
32353
32360
32363
32371
32399
32413
32418
32424
32425
32427
32428
32436
32450
32451
32456
32460
32461
32465
32468
32473
32474
32475
32479
32484
32500
32516
32520
32573
32573
32593
32604
32605
32612
32613
32633
32645
32648
32655
32655
32663
32667
32671
32671
32672
32679
32680
32689
32692
32694
32696
32696
32708
32710
32717
32722
32724
32728
32728
32731
32742
32753
32763
32768
32772
32779
32800
32821
32831
32833
32844
32860
32880
32889
32903
32904
32910
32912
32915
32931
32937
32940
32965
32972
32982
32984
32988
32988
33001
33005
33007
33008
33008
33040
33042
33047
33051
33056
33065
33082
33089
33100
33117
33118
33123
33125
33127
33162
33170
33171
33177
33180
33180
33187
33192
33200
33202
33206
33207
33210
33213
33214
33217
33237
33250
33250
33272
33274
33283
33290
33294
33303
33306
33307
33308
33311
33323
33353
33354
33357
33359
33372
33382
33398
33399
33400
33415
33422
33429
33429
33431
33442
33443
33447
33448
33456
33463
33464
33483
33484
33484
33503
33507
33509
33514
33529
33538
33549
33569
33571
33594
33601
33603
33624
33636
33639
33641
33658
33659
33660
33661
33662
33663
33673
33675
33681
33690
33693
33703
33703
33706
33718
33748
33753
33775
33776
33776
33781
33789
33791
33808
33812
33813
33817
33821
33827
33833
33850
33854
33862
33863
33869
33875
33887
33890
33901
33910
33913
33919
33935
33947
33962
33975
33976
33976
33986
34023
34029
34030
34031
34039
34062
34064
34066
34067
34067
34075
34079
34089
34093
34118
34129
34142
34153
34159
34163
34167
34174
34201
34204
34231
34237
34239
34243
34249
34252
34255
34259
34261
34267
34281
34292
34311
34315
34316
34319
34322
34327
34327
34337
34338
34348
34350
34353
34356
34357
34358
34364
34384
34399
34410
34419
34423
34423
34430
34442
34443
34447
34448
34459
34481
34484
34496
34498
34501
34515
34517
34527
34546
34547
34548
34572
34587
34604
34611
34615
34623
34633
34640
34645
34651
34652
34665
34671
34687
34700
34714
34720
34745
34750
34773
34774
34785
34785
34786
34786
34806
34818
34826
34832
34837
34854
34855
34856
34857
34858
34869
34880
34888
34895
34896
34900
34902
34902
34903
34927
34934
34941
34950
34959
34977
34979
35000
35002
35021
35021
35029
35059
35061
35067
35092
35101
35102
35103
35109
35130
35145
35146
35148
35155
35160
35164
35165
35173
35173
35181
35193
35196
35206
35212
35217
35223
35227
35230
35230
35233
35254
35277
35287
35295
35299
35302
35304
35305
35306
35307
35310
35331
35341
35346
35360
35360
35365
35373
35375
35381
35391
35420
35427
35437
35439
35442
35451
35462
35476
35476
35480
35490
35501
35506
35512
35519
35535
35539
35539
35569
35576
35586
35595
35597
35598
35600
35609
35618
35638
35647
35649
35667
35677
35691
35692
35694
35696
35713
35724
35729
35730
35745
35749
35762
35764
35764
35772
35775
35779
35786
35790
35797
35801
35802
35817
35821
35824
35847
35852
35861
35864
35870
35883
35884
35889
35898
35901
35901
35911
35920
35923
35946
35954
35962
35963
35978
35979
35980
35995
35998
36014
36031
36038
36043
36051
36052
36055
36059
36063
36065
36070
36070
36070
36072
36079
36083
36089
36094
36095
36100
36109
36109
36110
36120
36123
36136
36138
36139
36148
36172
36172
36176
36183
36195
36203
36204
36221
36227
36230
36239
36241
36252
36253
36254
36267
36271
36275
36275
36279
36280
36281
36285
36306
36316
36325
36336
36349
36405
36415
36419
36423
36425
36442
36445
36451
36462
36467
36469
36472
36478
36480
36482
36482
36487
36491
36496
36498
36504
36505
36506
36512
36513
36527
36548
36559
36577
36585
36587
36606
36606
36613
36620
36621
36625
36631
36635
36637
36652
36655
36658
36659
36661
36662
36666
36667
36687
36689
36689
36700
36700
36714
36714
36715
36720
36730
36730
36739
36743
36761
36767
36767
36769
36778
36783
36796
36800
36809
36821
36826
36827
36830
36846
36850
36863
36869
36882
36902
36919
36926
36934
36934
36935
36955
36961
36972
36973
36979
36979
36985
36995
36999
37000
37004
37013
37021
37027
37038
37052
37053
37064
37070
37100
37100
37102
37121
37125
37156
37170
37172
37197
37204
37209
37252
37263
37266
37270
37273
37278
37282
37286
37304
37311
37333
37361
37362
37368
37370
37381
37385
37388
37394
37396
37401
37401
37413
37416
37431
37439
37443
37444
37444
37445
37448
37460
37465
37466
37469
37470
37477
37478
37479
37484
37497
37500
37524
37525
37525
37547
37557
37564
37564
37566
37567
37575
37587
37594
37597
37614
37616
37625
37628
37635
37637
37638
37641
37652
37656
37660
37664
37667
37671
37676
37685
37685
37701
37703
37708
37731
37737
37738
37738
37746
37748
37769
37780
37784
37795
37799
37811
37811
37814
37817
37817
37822
37826
37839
37851
37855
37870
37880
37885
37887
37888
37889
37890
37891
37892
37894
37910
37917
37925
37939
37940
37940
37974
37993
37995
37996
38016
38033
38061
38072
38085
38085
38100
38103
38106
38113
38121
38122
38123
38125
38132
38134
38142
38147
38151
38152
38153
38154
38157
38160
38169
38172
38178
38189
38201
38201
38217
38225
38236
38243
38245
38251
38251
38256
38299
38309
38317
38317
38332
38342
38367
38370
38376
38379
38380
38381
38386
38389
38413
38428
38431
38437
38468
38470
38471
38474
38488
38494
38501
38509
38515
38518
38519
38519
38523
38526
38526
38530
38531
38538
38544
38548
38549
38574
38586
38589
38609
38626
38634
38642
38648
38655
38658
38683
38684
38692
38692
38696
38699
38705
38718
38731
38734
38740
38746
38756
38783
38788
38797
38801
38826
38829
38837
38838
38847
38853
38854
38879
38891
38907
38908
38916
38919
38935
38939
38957
38960
38960
38966
38971
38976
38979
38981
39001
39002
39011
39013
39023
39030
39040
39052
39057
39058
39071
39075
39088
39088
39089
39092
39099
39103
39107
39113
39116
39117
39132
39136
39148
39151
39153
39154
39171
39176
39182
39194
39195
39209
39211
39228
39234
39235
39239
39241
39252
39254
39261
39271
39275
39276
39279
39289
39294
39298
39301
39304
39308
39309
39309
39318
39329
39335
39339
39352
39356
39359
39363
39370
39371
39375
39376
39381
39387
39390
39391
39393
39393
39399
39406
39419
39419
39425
39426
39437
39449
39453
39456
39462
39470
39473
39475
39498
39499
39501
39503
39507
39516
39524
39528
39574
39583
39595
39597
39598
39599
39611
39625
39626
39626
39650
39657
39708
39710
39714
39719
39733
39740
39767
39777
39777
39788
39798
39817
39820
39820
39837
39842
39842
39843
39847
39848
39849
39866
39878
39887
39893
39895
39899
39904
39909
39912
39932
39937
39942
39945
39957
39957
39964
39966
39967
39973
39981
39985
39994
39999
40002
40003
40004
40013
40014
40019
40036
40043
40047
40053
40066
40073
40094
40094
40099
40100
40103
40104
40119
40125
40136
40145
40146
40153
40162
40183
40216
40224
40236
40242
40263
40266
40274
40280
40282
40288
40293
40301
40312
40320
40324
40340
40346
40347
40359
40359
40362
40378
40382
40387
40393
40394
40424
40433
40438
40443
40446
40452
40454
40469
40471
40481
40483
40491
40506
40506
40507
40508
40533
40534
40546
40547
40549
40554
40556
40561
40571
40605
40611
40612
40627
40657
40664
40674
40676
40683
40708
40708
40713
40723
40734
40750
40753
40755
40762
40772
40781
40783
40783
40784
40808
40819
40838
40842
40844
40863
40868
40882
40886
40889
40895
40900
40901
40906
40915
40917
40918
40919
40923
40931
40941
40942
40952
40953
40966
40989
40990
40994
40996
40996
40997
41005
41009
41010
41026
41066
41078
41080
41086
41095
41108
41113
41128
41137
41146
41165
41166
41176
41177
41179
41198
41206
41207
41216
41218
41223
41226
41240
41248
41252
41271
41273
41291
41324
41325
41338
41338
41339
41339
41348
41362
41369
41379
41380
41384
41387
41394
41404
41406
41445
41452
41452
41460
41466
41467
41475
41479
41483
41493
41515
41525
41530
41537
41537
41541
41545
41548
41552
41557
41561
41569
41573
41574
41577
41597
41604
41618
41645
41646
41646
41648
41651
41653
41661
41661
41685
41687
41696
41701
41702
41713
41713
41717
41724
41724
41725
41730
41744
41755
41767
41771
41774
41777
41778
41779
41788
41792
41800
41801
41827
41829
41837
41839
41849
41860
41863
41864
41867
41873
41879
41886
41889
41898
41911
41913
41914
41930
41930
41933
41936
41941
41953
41972
41985
41992
41996
41998
41999
41999
42010
42018
42022
42025
42029
42039
42043
42045
42045
42046
42049
42054
42057
42067
42073
42095
42105
42113
42114
42115
42116
42116
42122
42124
42126
42132
42133
42135
42139
42147
42148
42154
42156
42157
42167
42168
42178
42178
42181
42181
42195
42205
42206
42218
42223
42248
42253
42257
42260
42265
42283
42287
42292
42303
42304
42304
42306
42310
42319
42321
42327
42330
42340
42346
42355
42365
42371
42375
42380
42411
42416
42449
42464
42464
42473
42476
42497
42501
42507
42516
42533
42537
42543
42554
42557
42558
42561
42563
42566
42568
42572
42579
42581
42584
42594
42599
42607
42609
42617
42626
42654
42665
42671
42676
42684
42698
42716
42717
42718
42729
42729
42734
42742
42756
42757
42781
42786
42794
42795
42797
42820
42832
42841
42851
42854
42865
42878
42886
42889
42897
42902
42924
42930
42931
42935
42953
42960
42961
42964
42965
42970
43011
43021
43024
43028
43037
43039
43040
43056
43059
43070
43076
43087
43088
43098
43101
43113
43127
43135
43151
43159
43163
43167
43170
43171
43172
43174
43204
43211
43215
43217
43219
43231
43235
43254
43278
43279
43291
43291
43292
43294
43297
43301
43305
43311
43316
43318
43345
43354
43359
43359
43373
43380
43383
43385
43386
43391
43411
43417
43436
43438
43438
43443
43451
43476
43489
43493
43494
43519
43531
43544
43549
43556
43560
43569
43578
43579
43591
43592
43594
43601
43610
43610
43614
43628
43633
43656
43660
43673
43675
43677
43680
43683
43686
43692
43696
43718
43728
43729
43736
43740
43741
43753
43754
43754
43761
43764
43774
43792
43794
43799
43800
43815
43816
43817
43818
43830
43836
43844
43851
43858
43872
43874
43889
43901
43917
43928
43954
43965
43987
43988
43992
43995
44000
44010
44018
44021
44034
44037
44042
44045
44051
44051
44058
44065
44067
44070
44072
44082
44085
44087
44096
44100
44122
44143
44145
44154
44156
44160
44164
44177
44178
44187
44237
44242
44261
44264
44275
44292
44315
44317
44321
44328
44339
44349
44356
44358
44359
44364
44367
44376
44377
44390
44405
44408
44426
44427
44435
44458
44459
44459
44470
44481
44509
44511
44515
44517
44522
44550
44558
44571
44573
44580
44581
44585
44591
44592
44599
44599
44608
44615
44616
44623
44624
44630
44631
44634
44634
44635
44637
44638
44643
44650
44656
44668
44683
44706
44721
44722
44739
44750
44751
44758
44764
44768
44781
44783
44789
44792
44808
44809
44813
44821
44825
44825
44827
44829
44838
44848
44850
44858
44860
44860
44861
44863
44864
44875
44875
44880
44892
44897
44898
44902
44913
44916
44917
44917
44922
44930
44933
44946
44949
44951
44952
44965
44983
44985
44985
44988
45000
45009
45009
45020
45027
45030
45031
45032
45039
45049
45066
45072
45077
45085
45097
45120
45123
45144
45149
45149
45157
45158
45158
45178
45181
45188
45201
45231
45245
45247
45258
45270
45272
45272
45283
45291
45294
45320
45321
45324
45325
45331
45332
45339
45339
45352
45365
45376
45378
45380
45389
45393
45401
45408
45410
45419
45434
45437
45440
45443
45447
45477
45491
45500
45500
45502
45503
45503
45511
45514
45528
45534
45538
45539
45557
45566
45579
45583
45591
45598
45602
45603
45616
45620
45623
45640
45651
45664
45670
45675
45675
45692
45697
45725
45732
45740
45758
45762
45766
45776
45778
45787
45790
45792
45808
45808
45819
45821
45831
45834
45842
45852
45859
45865
45874
45881
45891
45924
45952
45956
45970
45974
45980
45993
45996
46000
46002
46003
46020
46024
46028
46031
46032
46034
46035
46040
46041
46054
46058
46060
46065
46091
46122
46126
46128
46147
46153
46153
46158
46169
46176
46190
46191
46206
46207
46208
46211
46214
46225
46242
46249
46251
46262
46281
46284
46287
46289
46296
46296
46322
46323
46336
46343
46345
46351
46357
46357
46361
46378
46386
46386
46390
46399
46399
46402
46409
46414
46421
46437
46438
46447
46454
46457
46459
46473
46480
46481
46485
46487
46493
46495
46497
46505
46516
46517
46519
46527
46540
46540
46542
46542
46547
46588
46593
46621
46622
46625
46625
46628
46658
46658
46662
46662
46663
46673
46675
46688
46700
46710
46722
46737
46748
46766
46772
46779
46789
46795
46798
46800
46801
46817
46823
46823
46824
46834
46840
46843
46848
46857
46867
46871
46893
46894
46895
46902
46911
46914
46917
46921
46922
46931
46936
46943
46972
46975
46982
46985
46992
46997
47001
47006
47007
47010
47010
47019
47023
47028
47055
47057
47059
47062
47068
47098
47108
47113
47121
47142
47154
47157
47174
47189
47191
47200
47204
47204
47209
47210
47210
47229
47234
47244
47248
47258
47266
47271
47276
47281
47286
47301
47304
47304
47307
47308
47311
47318
47322
47324
47327
47339
47347
47355
47359
47363
47367
47378
47382
47385
47387
47395
47400
47403
47409
47421
47425
47440
47441
47448
47460
47463
47467
47468
47501
47501
47501
47501
47524
47526
47526
47528
47539
47550
47560
47561
47577
47579
47580
47590
47617
47621
47627
47628
47631
47643
47648
47648
47649
47656
47660
47674
47679
47684
47689
47702
47704
47711
47721
47729
47744
47745
47748
47749
47761
47765
47774
47778
47786
47788
47790
47798
47798
47807
47811
47839
47840
47841
47849
47858
47876
47880
47892
47895
47899
47914
47914
47918
47918
47924
47937
47957
47959
47963
47964
47979
47988
47992
47993
48001
48021
48027
48030
48051
48052
48073
48076
48079
48083
48092
48097
48104
48106
48109
48113
48141
48161
48180
48194
48196
48197
48212
48220
48222
48232
48246
48256
48261
48282
48288
48294
48306
48325
48327
48332
48340
48344
48347
48354
48365
48366
48374
48384
48393
48402
48412
48412
48440
48442
48443
48446
48454
48459
48460
48461
48476
48480
48481
48482
48499
48504
48508
48512
48535
48538
48539
48546
48546
48571
48573
48585
48597
48599
48608
48624
48627
48646
48656
48662
48670
48679
48679
48684
48714
48720
48725
48726
48726
48727
48736
48750
48756
48761
48768
48774
48779
48783
48787
48790
48791
48793
48797
48802
48808
48809
48812
48831
48832
48843
48843
48846
48857
48861
48868
48880
48891
48904
48908
48916
48916
48931
48943
48956
48973
48976
48980
48980
48982
48984
48984
48988
48994
49002
49045
49048
49070
49070
49081
49087
49095
49097
49097
49106
49116
49120
49128
49129
49133
49144
49145
49146
49159
49193
49194
49200
49214
49224
49230
49237
49243
49248
49249
49255
49255
49257
49258
49258
49277
49282
49295
49298
49316
49317
49318
49322
49323
49324
49334
49338
49343
49359
49365
49369
49382
49387
49391
49393
49393
49428
49431
49433
49442
49445
49458
49464
49466
49469
49470
49480
49487
49489
49495
49508
49510
49515
49518
49524
49528
49551
49555
49558
49559
49563
49573
49573
49583
49584
49586
49596
49609
49614
49624
49625
49629
49629
49641
49649
49656
49663
49674
49679
49692
49701
49711
49716
49718
49718
49730
49730
49736
49739
49741
49743
49752
49768
49788
49807
49818
49823
49833
49833
49837
49848
49863
49866
49870
49871
49877
49880
49882
49883
49889
49891
49895
49915
49915
49919
49935
49937
49974
49981
49982
49989
49993
50000
50017
50029
50031
50045
50047
50065
50075
50085
50089
50128
50133
50141
50156
50168
50170
50171
50177
50188
50194
50195
50200
50202
50207
50212
50213
50214
50222
50232
50241
50248
50255
50257
50264
50278
50292
50293
50297
50301
50314
50316
50320
50322
50324
50334
50338
50339
50351
50355
50365
50374
50389
50390
50393
50412
50418
50422
50437
50443
50462
50465
50491
50492
50515
50519
50526
50531
50534
50547
50553
50556
50564
50567
50588
50591
50601
50616
50623
50624
50629
50637
50642
50642
50643
50647
50648
50650
50656
50659
50664
50666
50666
50687
50692
50697
50700
50700
50706
50707
50709
50713
50714
50714
50731
50735
50750
50757
50760
50774
50779
50782
50788
50802
50819
50821
50823
50823
50829
50843
50874
50877
50878
50879
50892
50909
50914
50919
50926
50931
50932
50948
50949
50952
50962
50978
50990
51007
51013
51025
51027
51037
51048
51049
51070
51097
51103
51109
51113
51122
51129
51146
51148
51183
51195
51198
51200
51224
51235
51248
51251
51273
51277
51284
51287
51287
51302
51317
51320
51335
51351
51366
51370
51376
51378
51385
51395
51408
51412
51414
51416
51416
51423
51427
51436
51437
51444
51456
51461
51465
51468
51477
51486
51488
51491
51505
51517
51517
51541
51544
51546
51550
51551
51554
51567
51574
51579
51580
51586
51593
51595
51598
51606
51607
51620
51632
51648
51649
51650
51652
51652
51654
51654
51655
51662
51664
51688
51707
51720
51724
51741
51745
51765
51770
51784
51787
51787
51795
51803
51810
51813
51816
51819
51831
51832
51832
51833
51835
51841
51845
51847
51857
51860
51883
51895
51903
51905
51912
51916
51918
51921
51925
51930
51942
51949
51950
51956
51957
51957
51980
51983
51997
52009
52011
52012
52014
52017
52024
52025
52037
52042
52052
52060
52062
52071
52082
52091
52092
52093
52104
52107
52117
52118
52122
52124
52125
52127
52130
52135
52137
52140
52140
52141
52158
52166
52167
52169
52174
52178
52188
52193
52195
52199
52200
52202
52205
52205
52213
52215
52219
52223
52229
52229
52235
52239
52239
52250
52255
52259
52271
52274
52280
52285
52291
52292
52297
52302
52307
52308
52313
52321
52323
52327
52334
52341
52359
52360
52366
52368
52369
52376
52390
52393
52400
52402
52409
52412
52413
52413
52426
52427
52430
52432
52434
52442
52451
52463
52465
52466
52466
52467
52479
52481
52499
52504
52504
52513
52513
52532
52545
52554
52566
52581
52593
52595
52597
52601
52627
52627
52634
52637
52642
52648
52651
52654
52663
52677
52683
52694
52703
52707
52709
52716
52719
52723
52730
52742
52743
52743
52746
52760
52769
52772
52774
52775
52777
52781
52784
52792
52793
52805
52805
52819
52829
52829
52836
52843
52847
52857
52864
52867
52867
52871
52879
52898
52915
52917
52923
52926
52935
52935
52946
52948
52950
52963
52967
52970
52974
52981
52991
52992
52994
53020
53022
53033
53034
53047
53050
53052
53057
53069
53072
53087
53088
53088
53089
53090
53096
53098
53104
53119
53126
53139
53143
53146
53167
53170
53186
53192
53196
53202
53214
53215
53224
53230
53233
53236
53245
53248
53250
53275
53287
53295
53296
53298
53298
53301
53321
53326
53327
53327
53329
53341
53353
53391
53396
53403
53407
53410
53412
53426
53435
53449
53450
53456
53459
53460
53463
53465
53471
53472
53475
53481
53493
53498
53514
53514
53522
53528
53551
53557
53561
53587
53593
53593
53611
53616
53628
53635
53636
53640
53640
53645
53647
53657
53657
53664
53666
53668
53669
53677
53680
53684
53696
53708
53712
53712
53719
53720
53724
53739
53740
53743
53752
53754
53767
53774
53775
53776
53787
53789
53796
53803
53810
53813
53822
53826
53828
53828
53830
53831
53859
53863
53879
53895
53895
53897
53901
53904
53906
53914
53921
53925
53925
53925
53935
53943
53943
53947
53956
53958
53965
53967
53970
53987
53989
53990
54001
54007
54013
54013
54014
54027
54046
54052
54054
54054
54054
54061
54063
54069
54070
54074
54086
54087
54095
54111
54112
54125
54128
54130
54133
54135
54136
54137
54141
54187
54190
54194
54195
54200
54217
54228
54234
54235
54244
54247
54248
54253
54260
54267
54272
54275
54276
54280
54282
54285
54287
54300
54301
54303
54309
54314
54316
54323
54323
54324
54325
54330
54346
54349
54357
54373
54376
54387
54396
54396
54397
54401
54420
54422
54433
54440
54450
54461
54465
54468
54490
54498
54504
54506
54508
54518
54524
54524
54529
54532
54536
54539
54543
54555
54556
54560
54565
54570
54571
54576
54576
54584
54603
54616
54617
54626
54632
54633
54648
54649
54671
54673
54677
54678
54678
54681
54682
54685
54694
54705
54727
54738
54751
54770
54771
54776
54786
54795
54804
54807
54818
54819
54820
54826
54829
54845
54876
54879
54905
54914
54922
54933
54943
54958
54968
54971
54971
54972
54978
54989
55004
55027
55027
55060
55064
55072
55081
55081
55083
55089
55098
55107
55108
55118
55126
55130
55134
55137
55150
55158
55169
55182
55191
55193
55194
55200
55204
55208
55209
55209
55211
55224
55234
55234
55237
55242
55248
55252
55252
55257
55260
55265
55271
55274
55280
55288
55295
55295
55301
55312
55327
55334
55337
55340
55342
55346
55355
55359
55396
55396
55398
55400
55418
55436
55457
55473
55486
55497
55505
55511
55515
55518
55520
55533
55541
55558
55561
55578
55580
55604
55613
55616
55620
55625
55625
55638
55648
55648
55652
55661
55673
55676
55687
55706
55706
55711
55715
55715
55720
55723
55724
55734
55738
55754
55757
55757
55759
55769
55783
55802
55802
55817
55824
55828
55831
55838
55847
55856
55871
55872
55876
55879
55897
55912
55914
55916
55931
55934
55948
55967
55969
55970
55971
55975
55979
55986
55997
56015
56025
56030
56041
56047
56053
56062
56064
56084
56093
56122
56125
56126
56132
56142
56154
56154
56155
56155
56160
56162
56165
56165
56173
56186
56187
56198
56202
56205
56218
56218
56234
56263
56269
56270
56273
56275
56275
56276
56294
56295
56296
56297
56302
56306
56306
56316
56317
56319
56324
56332
56349
56351
56359
56361
56380
56380
56382
56383
56385
56391
56396
56399
56401
56411
56412
56420
56421
56424
56434
56446
56453
56471
56488
56489
56493
56502
56505
56508
56514
56517
56522
56522
56531
56536
56536
56544
56550
56555
56560
56565
56599
56611
56621
56623
56634
56649
56650
56653
56655
56657
56658
56661
56678
56678
56679
56679
56693
56713
56717
56718
56731
56733
56742
56742
56751
56753
56758
56774
56774
56785
56786
56788
56791
56792
56794
56821
56823
56826
56848
56856
56862
56862
56865
56865
56875
56884
56898
56915
56923
56936
56943
56944
56948
56959
56967
56971
56977
57001
57024
57035
57035
57036
57038
57043
57046
57049
57055
57080
57086
57087
57089
57093
57107
57108
57111
57120
57133
57172
57185
57188
57197
57214
57220
57230
57235
57238
57251
57259
57262
57269
57276
57283
57284
57289
57295
57302
57316
57317
57318
57318
57341
57353
57364
57368
57376
57377
57379
57384
57391
57396
57397
57406
57406
57407
57415
57416
57418
57429
57434
57437
57443
57444
57455
57457
57463
57466
57481
57503
57512
57518
57518
57520
57528
57542
57547
57567
57574
57614
57616
57617
57617
57623
57624
57628
57631
57633
57646
57661
57664
57693
57706
57711
57713
57717
57718
57720
57736
57743
57755
57755
57756
57765
57770
57775
57776
57780
57788
57791
57797
57803
57809
57819
57836
57836
57838
57842
57863
57867
57872
57886
57891
57893
57895
57912
57915
57915
57923
57926
57935
57944
57953
57961
57965
57973
57977
57993
58005
58009
58029
58035
58040
58041
58041
58054
58075
58100
58108
58120
58125
58154
58165
58180
58182
58190
58195
58196
58198
58199
58204
58209
58214
58222
58228
58230
58231
58245
58252
58267
58269
58274
58275
58288
58290
58294
58299
58301
58306
58308
58311
58314
58315
58323
58336
58355
58360
58361
58366
58372
58398
58413
58450
58466
58472
58474
58476
58482
58486
58488
58488
58493
58494
58501
58509
58531
58557
58559
58563
58568
58586
58592
58594
58595
58601
58627
58631
58640
58643
58644
58657
58663
58681
58690
58701
58714
58787
58789
58790
58799
58837
58839
58842
58859
58862
58882
58888
58895
58909
58917
58918
58924
58929
58937
58947
58962
58969
58972
58974
58980
58999
59005
59008
59013
59019
59027
59033
59042
59044
59044
59046
59047
59055
59055
59060
59060
59068
59068
59068
59082
59088
59094
59096
59098
59103
59152
59158
59159
59160
59167
59168
59176
59185
59194
59195
59197
59198
59202
59206
59216
59219
59226
59233
59257
59264
59265
59269
59272
59285
59288
59296
59301
59303
59308
59316
59317
59318
59332
59337
59340
59349
59353
59357
59358
59367
59379
59399
59403
59408
59421
59431
59433
59444
59446
59453
59456
59463
59470
59475
59478
59480
59480
59489
59504
59504
59510
59512
59515
59520
59541
59579
59592
59593
59595
59601
59640
59642
59655
59670
59683
59684
59694
59707
59708
59711
59712
59742
59742
59747
59750
59761
59763
59764
59767
59776
59788
59789
59819
59820
59822
59829
59838
59841
59861
59862
59863
59869
59872
59877
59877
59893
59898
59901
59904
59915
59916
59920
59923
59931
59933
59933
59933
59934
59939
59945
59965
59967
59972
59974
59976
59978
59996
60004
60005
60013
60013
60025
60030
60034
60036
60040
60054
60070
60073
60076
60080
60081
60089
60091
60103
60107
60120
60141
60142
60145
60147
60154
60155
60162
60165
60169
60169
60176
60178
60202
60219
60220
60220
60223
60232
60233
60235
60235
60267
60269
60293
60299
60300
60301
60306
60309
60327
60328
60334
60339
60340
60346
60350
60355
60360
60363
60364
60372
60374
60377
60379
60388
60393
60400
60401
60401
60406
60406
60408
60412
60432
60435
60437
60438
60439
60465
60466
60472
60472
60484
60495
60509
60523
60523
60532
60536
60537
60552
60555
60556
60567
60576
60579
60580
60585
60586
60587
60590
60601
60602
60657
60668
60675
60679
60686
60700
60700
60725
60726
60735
60738
60743
60744
60760
60768
60781
60791
60794
60795
60806
60806
60809
60815
60819
60823
60829
60830
60834
60844
60852
60862
60863
60874
60875
60877
60877
60878
60884
60889
60892
60908
60922
60938
60945
60950
60960
60961
60969
60970
60971
60972
60976
60980
60989
60990
60993
60993
61004
61010
61016
61022
61031
61039
61042
61054
61061
61062
61078
61078
61088
61102
61108
61114
61117
61140
61146
61149
61158
61160
61164
61167
61172
61183
61183
61191
61193
61193
61196
61203
61217
61218
61230
61242
61243
61271
61275
61307
61308
61317
61320
61323
61333
61366
61368
61368
61401
61405
61407
61409
61416
61417
61423
61426
61432
61436
61453
61459
61459
61470
61471
61472
61481
61482
61484
61484
61494
61494
61502
61507
61512
61513
61516
61523
61533
61543
61551
61566
61580
61590
61592
61594
61599
61609
61609
61617
61621
61650
61650
61663
61664
61671
61672
61685
61706
61708
61722
61735
61762
61764
61777
61779
61797
61816
61828
61852
61857
61858
61872
61876
61878
61881
61882
61886
61887
61896
61898
61908
61911
61915
61928
61938
61942
61942
61947
61953
61955
61968
62000
62003
62005
62007
62020
62023
62025
62027
62027
62038
62043
62051
62053
62054
62056
62065
62076
62081
62083
62086
62087
62097
62103
62103
62104
62128
62132
62139
62147
62148
62151
62162
62163
62165
62169
62179
62210
62223
62227
62228
62229
62242
62254
62257
62268
62269
62273
62290
62294
62298
62313
62317
62320
62341
62361
62363
62364
62369
62372
62374
62376
62378
62379
62381
62389
62389
62391
62395
62399
62408
62424
62428
62433
62441
62446
62454
62457
62469
62471
62481
62486
62486
62505
62511
62516
62520
62521
62524
62530
62551
62561
62567
62575
62579
62585
62602
62611
62624
62627
62628
62635
62636
62648
62648
62653
62662
62662
62676
62680
62700
62705
62713
62721
62739
62743
62745
62752
62758
62758
62758
62759
62765
62784
62786
62788
62788
62791
62802
62809
62818
62821
62832
62833
62844
62845
62854
62855
62856
62879
62884
62899
62900
62908
62909
62915
62920
62928
62935
62939
62944
62957
62979
62980
62987
62991
63003
63015
63019
63021
63021
63026
63027
63040
63049
63063
63080
63081
63082
63110
63113
63118
63121
63138
63138
63144
63148
63167
63168
63171
63174
63182
63182
63184
63199
63202
63204
63221
63237
63252
63265
63280
63283
63294
63321
63324
63336
63341
63343
63346
63367
63380
63381
63387
63390
63396
63421
63424
63424
63426
63436
63445
63451
63462
63462
63467
63470
63471
63487
63489
63494
63499
63515
63516
63518
63529
63533
63540
63540
63555
63557
63565
63580
63585
63595
63598
63598
63604
63613
63620
63620
63622
63656
63662
63664
63667
63668
63673
63678
63694
63698
63707
63707
63709
63711
63722
63742
63747
63753
63753
63764
63771
63799
63806
63807
63809
63810
63810
63822
63842
63857
63860
63864
63867
63869
63874
63899
63913
63928
63935
63937
63943
63947
63969
63985
63991
63993
63998
64003
64006
64011
64021
64025
64026
64027
64040
64046
64050
64052
64065
64078
64079
64082
64093
64094
64108
64111
64115
64129
64133
64135
64145
64173
64176
64179
64190
64194
64197
64200
64209
64216
64220
64229
64242
64242
64244
64253
64262
64263
64266
64277
64284
64288
64290
64300
64305
64309
64310
64311
64313
64318
64330
64334
64343
64359
64359
64370
64371
64383
64395
64397
64427
64435
64436
64437
64439
64450
64461
64468
64493
64503
64508
64509
64522
64524
64527
64528
64547
64552
64554
64556
64557
64566
64590
64596
64600
64600
64602
64605
64606
64622
64635
64649
64654
64670
64683
64687
64693
64693
64700
64706
64709
64713
64716
64719
64726
64729
64735
64735
64738
64740
64756
64780
64786
64787
64791
64804
64805
64809
64813
64820
64821
64824
64836
64839
64844
64848
64853
64865
64878
64883
64885
64900
64917
64923
64924
64926
64938
64947
64951
64969
64973
64987
64988
64997
64998
65005
65005
65008
65013
65015
65031
65032
65044
65049
65050
65055
65065
65070
65083
65122
65132
65133
65140
65144
65155
65155
65165
65165
65169
65169
65171
65175
65176
65180
65185
65208
65260
65269
65269
65288
65313
65327
65327
65332
65338
65341
65362
65367
65367
65383
65389
65394
65402
65408
65413
65415
65442
65452
65491
65498
65498
65507
65524
65526
65539
65544
65553
65559
65562
65562
65579
65598
65618
65624
65626
65626
65634
65643
65645
65648
65670
65672
65680
65686
65699
65701
65705
65719
65724
65733
65735
65739
65739
65746
65747
65748
65749
65751
65755
65756
65780
65786
65787
65795
65798
65802
65837
65842
65849
65857
65859
65861
65871
65876
65877
65880
65881
65884
65898
65900
65915
65934
65934
65939
65941
65943
65944
65945
65954
65972
65972
65973
65976
65981
65982
65982
65984
65986
65993
66004
66008
66011
66013
66020
66033
66047
66051
66052
66053
66055
66057
66067
66097
66105
66125
66128
66130
66148
66162
66164
66170
66187
66210
66210
66219
66232
66244
66265
66272
66276
66287
66290
66293
66310
66321
66324
66328
66331
66334
66338
66350
66355
66357
66367
66369
66376
66417
66421
66429
66433
66436
66437
66444
66453
66456
66474
66476
66487
66489
66500
66502
66520
66523
66534
66551
66556
66568
66569
66573
66574
66577
66579
66581
66582
66583
66583
66584
66585
66602
66609
66616
66620
66627
66631
66638
66651
66667
66671
66690
66691
66693
66702
66708
66711
66728
66735
66739
66746
66746
66755
66776
66804
66813
66815
66820
66821
66832
66839
66841
66842
66844
66856
66858
66859
66861
66869
66872
66883
66890
66904
66908
66910
66911
66920
66920
66921
66929
66933
66936
66938
66943
66957
66960
66960
66962
66972
66979
67004
67015
67018
67025
67031
67032
67053
67061
67075
67088
67090
67096
67104
67131
67136
67141
67146
67150
67155
67161
67166
67172
67174
67179
67188
67189
67198
67202
67204
67205
67221
67235
67237
67250
67250
67254
67255
67261
67268
67270
67278
67286
67287
67288
67305
67308
67319
67338
67366
67379
67383
67386
67390
67394
67396
67410
67413
67418
67424
67425
67431
67433
67435
67439
67441
67447
67466
67475
67500
67501
67502
67522
67525
67527
67543
67569
67579
67599
67605
67612
67612
67614
67626
67638
67638
67640
67641
67655
67677
67699
67708
67709
67721
67742
67751
67754
67759
67763
67771
67789
67793
67801
67822
67823
67839
67850
67864
67876
67885
67888
67900
67916
67918
67935
67940
67940
67941
67943
67950
67962
67965
67975
67982
67984
68004
68010
68011
68022
68022
68022
68022
68026
68053
68061
68066
68073
68077
68079
68080
68093
68098
68099
68104
68108
68127
68128
68138
68140
68162
68163
68165
68170
68172
68184
68184
68184
68188
68190
68197
68226
68240
68243
68251
68252
68264
68272
68272
68278
68280
68292
68316
68317
68320
68324
68325
68328
68330
68338
68349
68354
68356
68374
68376
68381
68384
68390
68393
68395
68399
68399
68400
68401
68414
68415
68417
68419
68432
68452
68455
68459
68477
68481
68490
68495
68514
68522
68522
68538
68540
68549
68557
68559
68565
68579
68588
68610
68611
68615
68616
68617
68619
68623
68626
68634
68637
68638
68645
68647
68648
68649
68663
68689
68696
68711
68715
68717
68721
68725
68737
68738
68750
68763
68763
68779
68795
68802
68803
68810
68821
68822
68823
68834
68835
68840
68844
68849
68862
68867
68867
68875
68875
68897
68900
68901
68903
68907
68912
68926
68927
68937
68938
68944
68966
68970
68975
68977
68977
68983
68986
68993
68997
69011
69016
69019
69022
69040
69054
69068
69077
69078
69090
69094
69099
69104
69116
69116
69154
69159
69159
69160
69190
69191
69191
69193
69210
69245
69248
69252
69258
69262
69282
69286
69287
69295
69302
69316
69325
69326
69347
69354
69355
69375
69378
69384
69385
69393
69400
69400
69413
69429
69432
69444
69456
69456
69459
69463
69465
69469
69470
69480
69493
69495
69505
69508
69509
69510
69534
69537
69537
69544
69553
69572
69592
69592
69595
69596
69637
69645
69653
69654
69656
69658
69667
69683
69697
69699
69702
69715
69724
