0
16
35
36
36
41
44
45
67
83
92
92
110
114
140
142
170
171
186
186
195
199
202
205
262
267
294
299
316
324
326
344
393
400
401
417
418
429
449
449
499
562
584
645
658
658
659
681
705
713
721
728
732
744
746
763
802
812
815
817
834
844
855
856
870
875
888
892
907
954
975
998
1013
1018
1022
1026
1027
1087
1104
1116
1130
1151
1151
1193
1206
1232
1237
1239
1261
1274
1293
1294
1294
1323
1338
1361
1378
1401
1421
1445
1464
1479
1481
1489
1498
1504
1505
1505
1607
1609
1623
1640
1671
1700
1704
1711
1779
1799
1810
1836
1843
1875
1881
1914
1920
1934
1948
1976
1991
2034
2051
2086
2091
2107
2122
2153
2169
2170
2178
2190
2201
2218
2226
2233
2238
2252
2280
2283
2327
2346
2374
2391
2423
2444
2444
2471
2493
2522
2547
2567
2571
2590
2599
2599
2605
2606
2618
2620
2641
2646
2674
2688
2721
2723
2728
2767
2783
2811
2829
2833
2863
2864
2883
2894
2899
2950
2975
3023
3030
3030
3041
3042
3050
3052
3056
3063
3066
3067
3090
3091
3103
3109
3125
3132
3136
3140
3152
3153
3153
3161
3180
3200
3213
3234
3242
3247
3262
3296
3297
3300
3313
3336
3338
3358
3383
3403
3417
3420
3486
3496
3501
3505
3507
3512
3538
3549
3552
3567
3571
3576
3677
3682
3686
3718
3718
3728
3730
3737
3745
3749
3756
3760
3774
3779
3780
3781
3784
3803
3813
3826
3828
3853
3863
3880
3898
3900
3912
3922
3930
3951
3953
3958
3995
4023
4046
4050
4099
4106
4134
4158
4220
4221
4249
4330
4333
4335
4344
4360
4366
4390
4401
4411
4412
4447
4454
4463
4472
4487
4496
4504
4507
4565
4582
4596
4604
4608
4652
4665
4698
4699
4700
4701
4705
4705
4723
4735
4746
4769
4794
4796
4796
4797
4808
4815
4823
4824
4829
4831
4840
4854
4889
4894
4906
4928
4930
4935
4935
4943
4947
4949
4961
4971
4972
4973
4981
4983
4997
5006
5020
5035
5058
5063
5065
5066
5108
5109
5149
5155
5158
5190
5213
5244
5279
5328
5337
5351
5384
5391
5391
5395
5401
5431
5431
5436
5469
5487
5510
5547
5552
5552
5569
5594
5608
5609
5618
5636
5667
5696
5704
5713
5717
5750
5771
5773
5775
5796
5808
5818
5825
5828
5841
5863
5872
5910
5918
5933
5951
5956
5966
6001
6007
6011
6026
6061
6085
6128
6136
6140
6143
6146
6149
6159
6181
6182
6208
6212
6243
6258
6275
6277
6282
6293
6293
6293
6301
6314
6334
6344
6345
6406
6408
6449
6483
6511
6525
6546
6549
6561
6568
6573
6573
6573
6600
6612
6668
6672
6674
6694
6739
6741
6772
6777
6790
6790
6821
6824
6841
6846
6987
7024
7039
7046
7051
7062
7068
7100
7112
7129
7134
7136
7168
7170
7189
7191
7220
7248
7270
7283
7289
7293
7295
7367
7377
7388
7399
7405
7436
7443
7481
7483
7500
7525
7546
7561
7561
7604
7607
7620
7621
7648
7658
7716
7740
7764
7765
7770
7778
7784
7789
7843
7862
7882
7883
7884
7891
7914
7921
7924
7960
7982
7990
7993
7997
8017
8028
8041
8043
8072
8078
8081
8100
8116
8117
8123
8134
8138
8187
8236
8236
8245
8257
8263
8284
8322
8325
8362
8371
8382
8399
8454
8464
8466
8482
8496
8506
8510
8526
8541
8586
8601
8603
8620
8638
8643
8654
8660
8682
8693
8728
8752
8765
8765
8765
8778
8795
8818
8823
8824
8833
8835
8836
8860
8861
8894
8896
8938
8975
8976
8986
8988
8995
9002
9003
9006
9008
9009
9014
9021
9038
9058
9094
9107
9146
9163
9170
9170
9201
9212
9223
9231
9247
9249
9261
9272
9279
9295
9304
9308
9335
9394
9398
9406
9419
9433
9435
9436
9476
9496
9527
9582
9595
9596
9609
9624
9625
9630
9632
9643
9653
9657
9659
9663
9667
9671
9676
9699
9701
9711
9715
9734
9745
9756
9792
9795
9805
9840
9840
9855
9888
9896
9916
9922
9940
9981
9990
10037
10049
10061
10071
10083
10104
10130
10154
10155
10171
10210
10232
10255
10255
10264
10286
10289
10305
10318
10324
10337
10340
10356
10370
10388
10405
10412
10422
10437
10445
10503
10515
10521
10522
10525
10540
10551
10558
10570
10585
10606
10609
10615
10632
10638
10669
10676
10677
10678
10707
10707
10710
10711
10711
10715
10719
10721
10722
10726
10728
10748
10769
10781
10782
10802
10814
10817
10850
10862
10865
10894
10910
10914
10933
10946
10952
10956
10961
10974
11003
11006
11012
11027
11039
11043
11050
11076
11089
11101
11136
11153
11171
11171
11181
11199
11201
11203
11208
11220
11228
11248
11276
11296
11307
11308
11333
11336
11354
11362
11379
11380
11383
11406
11413
11414
11423
11462
11471
11479
11498
11499
11538
11558
11569
11575
11629
11672
11675
11692
11697
11736
11755
11756
11759
11768
11786
11812
11829
11849
11854
11919
11925
11935
11941
11955
11964
11967
11969
11977
11982
11988
11990
11990
11997
12014
12017
12058
12083
12117
12194
12201
12207
12218
12228
12248
12259
12263
12281
12306
12311
12314
12325
12333
12343
12353
12363
12363
12379
12393
12395
12399
12415
12429
12461
12462
12476
12484
12484
12491
12492
12500
12504
12506
12540
12545
12556
12560
12580
12604
12668
12699
12718
12729
12729
12742
12753
12760
12790
12795
12843
12888
12908
12910
12917
12925
12940
12990
13004
13007
13025
13031
13054
13061
13068
13093
13109
13122
13126
13144
13153
13157
13169
13190
13208
13220
13264
13265
13291
13295
13303
13309
13324
13341
13359
13381
13383
13385
13388
13404
13408
13410
13431
13454
13462
13465
13471
13491
13520
13540
13548
13549
13554
13559
13561
13587
13596
13622
13631
13641
13668
13673
13674
13675
13681
13682
13693
13702
13706
13727
13732
13746
13751
13765
13772
13780
13781
13787
13821
13832
13848
13854
13866
13879
13909
13911
13963
13977
13994
14002
14075
14075
14086
14089
14092
14097
14104
14122
14129
14134
14136
14155
14178
14182
14208
14216
14234
14250
14270
14276
14281
14284
14303
14303
14318
14323
14389
14396
14400
14409
14435
14442
14449
14465
14489
14497
14507
14528
14546
14549
14552
14561
14573
14573
14574
14579
14598
14601
14625
14645
14649
14661
14686
14698
14703
14711
14718
14724
14743
14744
14757
14774
14831
14838
14874
14890
14907
14997
15012
15013
15018
15047
15064
15084
15112
15131
15138
15144
15159
15162
15180
15201
15202
15211
15215
15227
15244
15247
15263
15279
15283
15292
15295
15299
15304
15305
15308
15357
15366
15369
15400
15422
15428
15433
15453
15492
15497
15500
15508
15524
15531
15532
15537
15557
15578
15593
15602
15605
15625
15637
15640
15644
15649
15676
15691
15735
15735
15781
15783
15789
15793
15799
15805
15808
15810
15818
15851
15883
15903
15910
15911
15916
15930
15943
15948
15984
15995
16014
16029
16032
16035
16036
16037
16060
16061
16073
16077
16096
16128
16130
16144
16155
16157
16177
16183
16187
16216
16229
16255
16257
16308
16330
16342
16379
16379
16381
16407
16426
16451
16459
16495
16495
16502
16520
16528
16549
16552
16556
16557
16558
16569
16570
16586
16594
16637
16647
16649
16651
16663
16687
16692
16708
16715
16722
16724
16743
16743
16760
16769
16777
16778
16800
16804
16816
16825
16828
16857
16899
16900
16918
16926
16933
16944
16951
16956
16968
16971
16986
17047
17056
17087
17091
17091
17112
17117
17121
17122
17129
17148
17205
17218
17227
17250
17252
17254
17258
17259
17260
17272
17275
17278
17289
17289
17295
17356
17359
17361
17383
17386
17416
17436
17456
17459
17463
17465
17465
17467
17473
17519
17522
17543
17555
17566
17584
17587
17590
17591
17604
17605
17615
17630
17634
17647
17650
17664
17677
17702
17709
17785
17822
17829
17919
17919
17957
17959
17960
17971
17985
17995
18005
18046
18057
18067
18072
18122
18127
18129
18143
18152
18157
18159
18169
18207
18214
18218
18228
18234
18252
18271
18285
18287
18301
18308
18333
18342
18349
18354
18357
18357
18357
18361
18363
18364
18371
18375
18390
18408
18409
18410
18424
18485
18486
18491
18492
18495
18537
18558
18572
18582
18583
18590
18601
18617
18633
18638
18669
18685
18710
18714
18718
18746
18832
18841
18845
18862
18872
18901
18917
18924
18933
18940
18941
18952
18970
18977
18982
18986
19000
19000
19006
19009
19031
19038
19071
19095
19097
19122
19131
19154
19171
19191
19211
19215
19237
19243
19249
19250
19252
19286
19289
19315
19317
19325
19350
19350
19372
19374
19395
19397
19416
19461
19467
19476
19477
19480
19512
19514
19516
19528
19532
19541
19542
19561
19569
19575
19594
19613
19657
19672
19676
19693
19699
19733
19754
19758
19760
19768
19792
19835
19880
19893
19902
19903
19905
19927
19930
19931
19991
20019
20027
20027
20032
20036
20044
20056
20058
20069
20082
20110
20115
20132
20141
20143
20152
20155
20172
20185
20195
20200
20215
20230
20233
20250
20252
20258
20259
20274
20283
20283
20284
20310
20339
20353
20393
20394
20394
20432
20436
20437
20455
20470
20483
20495
20496
20506
20526
20528
20545
20547
20551
20562
20591
20631
20672
20681
20715
20727
20763
20777
20793
20795
20800
20805
20818
20830
20843
20847
20904
20921
20939
20944
20947
20961
20977
20989
20996
21007
21011
21030
21052
21057
21084
21093
21098
21103
21119
21141
21146
21159
21174
21178
21210
21215
21240
21259
21276
21280
21299
21307
21310
21315
21317
21330
21374
21384
21388
21389
21405
21409
21414
21421
21424
21444
21469
21506
21508
21571
21588
21594
21606
21638
21640
21674
21684
21698
21698
21705
21715
21734
21746
21749
21779
21779
21782
21791
21806
21869
21870
21939
21942
21951
21964
21964
21967
21999
22004
22007
22011
22018
22034
22040
22065
22085
22160
22178
22185
22203
22219
22224
22245
22248
22265
22267
22271
22282
22294
22302
22311
22315
22327
22330
22335
22337
22351
22367
22373
22374
22399
22409
22418
22428
22436
22437
22446
22471
22472
22485
22492
22526
22584
22585
22597
22600
22603
22621
22626
22633
22647
22658
22673
22677
22681
22718
22718
22719
22726
22745
22781
22787
22791
22819
22824
22828
22836
22839
22847
22849
22859
22872
22873
22897
22903
22928
22963
23012
23019
23037
23063
23077
23110
23123
23126
23132
23155
23164
23167
23190
23191
23192
23202
23235
23252
23253
23256
23280
23291
23294
23313
23322
23371
23389
23390
23405
23436
23443
23445
23478
23501
23507
23526
23529
23595
23601
23633
23640
23648
23653
23687
23699
23718
23746
23760
23763
23766
23783
23789
23803
23810
23821
23825
23833
23878
23893
23919
23924
23929
23934
23943
23960
23964
23967
23988
23988
23995
24012
24024
24024
24037
24042
24052
24060
24063
24087
24113
24113
24154
24183
24183
24186
24205
24219
24249
24261
24271
24282
24293
24294
24296
24316
24325
24325
24335
24349
24358
24375
24401
24401
24421
24428
24438
24456
24497
24500
24501
24520
24537
24555
24559
24560
24582
24591
24596
24609
24678
24678
24689
24693
24695
24718
24744
24747
24757
24759
24763
24787
24794
24804
24818
24820
24839
24887
24914
24932
24934
24966
24967
24992
25044
25057
25061
25062
25067
25089
25105
25111
25113
25116
25134
25141
25182
25204
25206
25218
25218
25282
25296
25326
25328
25356
25419
25434
25443
25486
25503
25542
25546
25612
25625
25631
25637
25706
25722
25723
25730
25785
25790
25821
25856
25862
25862
25865
25870
25877
25887
25904
25926
25927
25934
25952
25961
25971
26006
26017
26022
26028
26045
26067
26088
26088
26112
26156
26173
26187
26210
26236
26249
26272
26273
26292
26296
26312
26315
26347
26349
26364
26368
26402
26403
26443
26448
26448
26449
26467
26493
26501
26508
26520
26521
26525
26536
26538
26555
26564
26578
26585
26643
26648
26655
26663
26685
26691
26691
26702
26729
26735
26754
26770
26772
26784
26789
26791
26813
26816
26818
26837
26852
26873
26895
26907
26913
26926
26926
26929
26975
26997
27007
27008
27026
27069
27074
27075
27088
27106
27111
27113
27119
27121
27151
27189
27189
27196
27213
27228
27270
27282
27286
27287
27293
27311
27319
27319
27366
27367
27449
27487
27537
27549
27554
27558
27579
27581
27605
27614
27623
27660
27722
27726
27728
27751
27794
27857
27861
27886
27894
27963
27977
28026
28044
28069
28121
28139
28146
28156
28163
28178
28195
28202
28238
28250
28259
28276
28290
28292
28293
28322
28344
28345
28345
28351
28355
28360
28367
28369
28378
28410
28467
28482
28499
28512
28513
28516
28519
28522
28530
28557
28569
28586
28595
28629
28649
28651
28658
28661
28672
28678
28692
28693
28714
28715
28716
28720
28724
28734
28743
28750
28750
28773
28786
28797
28822
28835
28850
28864
28870
28876
28882
28885
28907
28929
28931
28932
28937
28939
28949
28970
29009
29066
29077
29085
29104
29107
29135
29166
29204
29210
29211
29212
29213
29214
29218
29219
29226
29233
29237
29249
29282
29291
29292
29301
29302
29310
29319
29324
29334
29352
29355
29370
29373
29377
29378
29411
29413
29414
29424
29427
29442
29446
29448
29478
29479
29491
29493
29501
29567
29600
29603
29608
29614
29635
29637
29678
29685
29690
29693
29699
29725
29755
29755
29770
29782
29800
29814
29831
29835
29902
29910
29917
29945
29984
30003
30012
30031
30034
30034
30038
30042
30048
30053
30068
30068
30085
30111
30142
30156
30182
30187
30216
30235
30277
30286
30290
30300
30308
30353
30358
30370
30417
30464
30464
30474
30487
30493
30501
30506
30511
30512
30517
30568
30636
30642
30649
30682
30696
30704
30723
30753
30762
30768
30811
30812
30846
30859
30860
30887
30892
30895
30902
30916
30930
30959
31008
31018
31057
31069
31075
31093
31099
31141
31142
31145
31165
31165
31203
31242
31244
31278
31281
31319
31322
31359
31361
31364
31412
31448
31460
31464
31468
31474
31494
31494
31503
31507
31558
31571
31581
31584
31590
31593
31621
31665
31666
31676
31678
31681
31681
31686
31688
31697
31706
31731
31749
31752
31754
31797
31811
31823
31830
31842
31843
31843
31844
31845
31863
31886
31905
31912
31917
31917
31919
31953
31976
31991
31993
31998
32002
32005
32006
32006
32022
32068
32103
32144
32148
32150
32182
32225
32245
32260
32260
32280
32285
32315
32346
32360
32381
32385
32386
32418
32422
32437
32439
32451
32471
32472
32492
32524
32527
32533
32541
32557
32566
32575
32588
32593
32599
32608
32616
32618
32623
32635
32649
32688
32703
32744
32748
32749
32768
32798
32805
32832
32845
32851
32864
32872
32877
32890
32896
32908
32940
32959
32966
32971
32983
32984
32988
33011
33011
33027
33030
33039
33046
33059
33073
33101
33121
33142
33177
33184
33186
33191
33197
33199
33202
33213
33244
33250
33278
33289
33293
33328
33366
33369
33373
33391
33406
33425
33430
33432
33437
33439
33467
33475
33478
33485
33489
33490
33502
33504
33524
33524
33526
33536
33544
33563
33569
33581
33617
33652
33679
33685
33723
33733
33733
33737
33738
33751
33756
33768
33778
33782
33805
33822
33826
33849
33902
33913
33915
33932
33935
33943
33944
33991
34003
34019
34036
34039
34092
34144
34159
34183
34200
34210
34244
34246
34247
34293
34295
34322
34350
34421
34426
34428
34431
34454
34491
34502
34518
34533
34591
34603
34604
34605
34609
34619
34680
34684
34686
34728
34738
34746
34755
34755
34777
34798
34818
34841
34864
34875
34889
34891
34908
34921
34921
34926
34931
34938
34972
34976
34979
34982
34986
34991
35014
35015
35016
35023
35023
35047
35048
35052
35056
35060
35107
35120
35127
35154
35159
35161
35172
35192
35192
35199
35203
35206
35212
35231
35249
35255
35276
35284
35287
35306
35320
35321
35342
35352
35364
35375
35391
35406
35417
35421
35424
35448
35451
35452
35458
35474
35515
35521
35530
35546
35578
35596
35601
35621
35641
35645
35653
35674
35757
35770
35773
35803
35812
35817
35818
35826
35849
35862
35862
35887
35891
35902
35906
35921
35950
35954
35964
35972
35980
36007
36044
36062
36074
36087
36100
36118
36123
36128
36132
36136
36173
36174
36185
36200
36211
36215
36223
36229
36239
36245
36252
36259
36271
36275
36341
36362
36364
36393
36412
36419
36483
36495
36518
36555
36557
36608
36657
36665
36683
36695
36700
36703
36718
36733
36761
36766
36787
36831
36879
36902
36928
36935
36936
36942
36962
36979
36980
36980
36994
37000
37031
37078
37089
37154
37175
37192
37233
37237
37246
37295
37316
37319
37323
37345
37352
37361
37377
37382
37383
37384
37407
37420
37450
37459
37484
37505
37508
37512
37515
37531
37534
37536
37541
37560
37573
37594
37603
37606
37654
37668
37674
37703
37711
37715
37731
37736
37772
37791
37824
37829
37863
37877
37953
37973
37976
37991
38011
38064
38072
38086
38094
38098
38099
38109
38111
38131
38137
38139
38150
38165
38180
38192
38193
38212
38239
38241
38251
38324
38329
38334
38363
38373
38376
38377
38384
38391
38422
38451
38459
38469
38470
38473
38519
38520
38524
38529
38530
38550
38569
38588
38625
38634
38653
38673
38673
38674
38698
38702
38720
38799
38823
38826
38830
38861
38862
38869
38877
38894
38930
38942
38943
38949
38953
38981
39007
39013
39014
39019
39031
39043
39062
39070
39084
39084
39097
39108
39113
39127
39152
39178
39196
39223
39227
39257
39287
39304
39306
39330
39336
39336
39349
39349
39364
39368
39385
39386
39397
39411
39464
39498
39511
39522
39522
39532
39534
39540
39546
39552
39554
39595
39598
39601
39608
39633
39654
39660
39665
39670
39674
39705
39768
39771
39788
39802
39810
39812
39816
39824
39867
39897
39908
39909
39919
39921
39941
39988
40001
40012
40018
40024
40030
40031
40038
40044
40045
40049
40060
40066
40069
40087
40116
40118
40142
40146
40181
40181
40190
40196
40203
40255
40267
40276
40278
40280
40296
40298
40328
40392
40403
40413
40496
40504
40508
40509
40532
40558
40573
40577
40620
40677
40682
40682
40702
40705
40733
40742
40754
40762
40816
40819
40843
40870
40871
40872
40888
40890
40905
40916
40919
40925
40954
40962
40963
40967
40968
40969
40975
40976
40978
40979
41023
41046
41051
41057
41067
41069
41073
41073
41074
41089
41105
41124
41125
41129
41131
41133
41193
41194
41209
41215
41234
41273
41299
41311
41316
41323
41344
41346
41354
41358
41358
41358
41365
41370
41376
41411
41413
41433
41443
41443
41449
41482
41525
41533
41541
41543
41545
41547
41579
41579
41586
41598
41602
41609
41610
41616
41627
41630
41650
41659
41696
41696
41711
41711
41720
41725
41726
41753
41778
41785
41788
41790
41793
41801
41805
41806
41809
41809
41813
41838
41852
41855
41859
41869
41879
41884
41911
41917
41923
41925
41930
41937
41951
41962
41979
41983
41997
42005
42007
42094
42116
42128
42147
42151
42158
42167
42168
42169
42170
42196
42208
42215
42217
42221
42230
42240
42241
42251
42279
42319
42335
42347
42348
42370
42381
42425
42455
42466
42482
42491
42495
42498
42523
42528
42546
42557
42568
42570
42583
42586
42586
42588
42593
42605
42616
42624
42638
42639
42657
42668
42676
42678
42682
42689
42696
42707
42744
42752
42767
42771
42789
42792
42819
42828
42849
42876
42882
42897
42916
42923
42947
42950
42954
42957
42959
42997
43012
43014
43018
43022
43024
43054
43056
43061
43061
43073
43080
43087
43106
43110
43125
43145
43168
43170
43182
43190
43234
43243
43249
43284
43291
43309
43310
43325
43325
43359
43369
43389
43398
43406
43453
43459
43492
43506
43512
43526
43567
43571
43585
43586
43608
43621
43635
43639
43649
43692
43695
43698
43709
43728
43729
43734
43759
43760
43773
43780
43801
43811
43813
43835
43836
43837
43837
43856
43872
43883
43892
43929
43941
43960
43963
43975
43988
43999
44000
44013
44017
44025
44027
44031
44039
44105
44122
44142
44173
44202
44203
44219
44229
44256
44285
44288
44305
44317
44318
44335
44370
44411
44440
44484
44485
44503
44533
44537
44554
44607
44616
44659
44676
44679
44685
44686
44688
44693
44741
44749
44767
44785
44793
44812
44841
44843
44848
44873
44874
44935
44941
44961
44975
44979
44979
44997
45010
45013
45071
45103
45152
45152
45155
45156
45168
45194
45197
45209
45214
45225
45237
45242
45274
45292
45304
45318
45320
45326
45354
45364
45368
45369
45373
45388
45395
45397
45398
45400
45401
45404
45411
45423
45425
45443
45447
45451
45458
45472
45474
45477
45489
45492
45517
45560
45565
45570
45588
45591
45591
45631
45640
45650
45655
45735
45746
45755
45802
45828
45833
45839
45868
45873
45885
45898
45911
45946
45966
45993
45996
46004
46038
46050
46055
46081
46084
46087
46092
46130
46144
46148
46164
46175
46216
46267
46268
46275
46302
46320
46323
46335
46376
46397
46400
46400
46402
46470
46496
46502
46535
46541
46544
46548
46549
46567
46599
46621
46621
46622
46639
46659
46672
46673
46682
46692
46698
46709
46710
46768
46789
46796
46834
46872
46877
46897
46898
46898
46925
46965
46976
46976
46980
47006
47064
47071
47083
47097
47193
47214
47219
47223
47272
47324
47353
47371
47391
47418
47449
47451
47457
47459
47471
47518
47539
47541
47568
47571
47573
47576
47586
47593
47600
47612
47629
47638
47645
47663
47694
47703
47714
47722
47722
47746
47747
47803
47835
47838
47845
47850
47863
47868
47879
47910
47922
47938
47948
47963
47976
48021
48024
48051
48082
48086
48093
48093
48094
48094
48110
48118
48147
48161
48185
48194
48215
48233
48238
48258
48258
48264
48266
48290
48304
48323
48334
48338
48345
48349
48364
48371
48393
48427
48445
48455
48462
48463
48483
48506
48509
48516
48516
48527
48534
48546
48574
48575
48596
48597
48615
48631
48658
48658
48670
48673
48699
48710
48714
48720
48738
48740
48796
48825
48844
48859
48870
48878
48883
48893
48925
48949
48976
48987
48987
49025
49044
49056
49149
49171
49191
49224
49229
49255
49265
49269
49270
49285
49303
49348
49364
49366
49367
49371
49374
49401
49417
49423
49423
49426
49440
49473
49482
49484
49486
49499
49514
49514
49518
49523
49534
49548
49570
49585
49616
49626
49637
49642
49655
49698
49711
49719
49737
49746
49762
49767
49785
49796
49825
49854
49875
49914
49916
49929
49937
49938
49944
49955
50008
50046
50081
50129
50135
50143
50144
50150
50154
50158
50187
50193
50204
50225
50233
50240
50246
50258
50262
50284
50297
50303
50311
50326
50348
50355
50368
50385
50386
50391
50403
50408
50413
50428
50435
50440
50448
50491
50511
50513
50567
50600
50637
50648
50656
50670
50673
50706
50714
50728
50730
50756
50763
50780
50793
50826
50842
50872
50884
50889
50902
50939
50941
50958
51003
51005
51009
51026
51033
51043
51062
51110
51123
51163
51169
51181
51182
51188
51190
51195
51208
51218
51236
51255
51262
51286
51288
51289
51297
51303
51308
51332
51333
51346
51356
51390
51391
51406
51415
51428
51481
51486
51518
51524
51533
51542
51543
51571
51596
51612
51639
51651
51652
51680
51703
51729
51746
51749
51759
51761
51762
51773
51786
51791
51801
51823
51824
51824
51825
51835
51860
51882
51885
51897
51921
51925
51947
51952
51978
51985
51991
52020
52076
52087
52088
52095
52122
52130
52138
52159
52172
52216
52222
52236
52246
52257
52259
52267
52288
52301
52329
52347
52355
52357
52381
52404
52410
52469
52469
52475
52498
52505
52522
52537
52541
52544
52574
52579
52601
52620
52630
52633
52658
52703
52737
52751
52811
52812
52812
52823
52842
52862
52864
52868
52871
52875
52930
52934
52974
53005
53011
53012
53017
53045
53057
53066
53067
53077
53122
53131
53149
53187
53188
53191
53216
53267
53275
53293
53312
53331
53341
53352
53353
53368
53397
53403
53447
53454
53467
53473
53496
53516
53532
53544
53545
53551
53575
53582
53592
53625
53658
53669
53669
53680
53685
53697
53713
53718
53722
53747
53750
53757
53784
53790
53793
53802
53822
53831
53856
53866
53870
53892
53910
53913
53934
53953
53957
53972
53987
54005
54013
54021
54051
54081
54085
54112
54133
54135
54140
54145
54177
54214
54233
54237
54256
54317
54318
54356
54367
54368
54371
54374
54392
54405
54406
54426
54462
54470
54477
54493
54503
54551
54557
54605
54640
54645
54653
54656
54681
54692
54709
54739
54774
54794
54820
54827
54830
54841
54842
54844
54845
54870
54904
54904
54909
54926
54931
54940
54959
54980
54990
54995
55010
55013
55044
55047
55067
55070
55084
55119
55127
55127
55137
55168
55212
55214
55223
55241
55249
55286
55303
55307
55318
55377
55377
55391
55411
55418
55422
55424
55477
55493
55509
55521
55573
55578
55581
55613
55629
55640
55652
55654
55657
55664
55679
55700
55735
55738
55754
55755
55797
55812
55812
55813
55816
55824
55848
55860
55885
55893
55897
55907
55922
55930
55933
55936
55938
55939
55942
55959
55961
55963
55967
55993
56022
56028
56040
56055
56068
56069
56074
56089
56139
56140
56150
56155
56160
56167
56200
56232
56288
56292
56359
56362
56371
56377
56381
56399
56400
56400
56488
56538
56542
56546
56557
56559
56577
56578
56601
56643
56656
56657
56663
56665
56673
56677
56678
56688
56698
56713
56724
56724
56755
56776
56777
56793
56795
56797
56802
56815
56818
56824
56839
56884
56915
56921
56932
56941
56948
56952
56996
56998
57034
57043
57050
57108
57139
57143
57163
57199
57211
57217
57247
57259
57280
57300
57303
57322
57326
57337
57375
57381
57407
57420
57427
57427
57432
57471
57490
57494
57495
57496
57501
57511
57528
57531
57534
57563
57569
57575
57618
57627
57643
57653
57667
57670
57681
57682
57687
57688
57689
57698
57702
57729
57772
57792
57806
57807
57812
57837
57841
57852
57884
57892
57900
57911
57918
57925
57951
57959
57976
57981
57987
58033
58060
58092
58097
58125
58133
58136
58163
58196
58197
58206
58209
58219
58222
58270
58287
58318
58320
58347
58363
58384
58386
58398
58401
58409
58435
58452
58468
58469
58476
58512
58523
58558
58563
58589
58598
58616
58616
58620
58634
58668
58689
58695
58705
58707
58735
58739
58748
58757
58759
58759
58782
58786
58786
58792
58814
58828
58845
58883
58888
58893
58924
58934
58934
58974
59011
59011
59019
59024
59040
59044
59065
59070
59072
59080
59185
59186
59188
59191
59206
59210
59220
59232
59235
59246
59305
59314
59322
59323
59359
59382
59383
59390
59391
59417
59422
59436
59477
59490
59550
59560
59564
59570
59578
59585
59588
59596
59624
59626
59628
59635
59646
59651
59654
59670
59696
59696
59741
59758
59764
59764
59765
59777
59812
59820
59842
59864
59866
59893
59914
59914
59919
59922
59927
59951
59955
59965
59974
59979
59986
60001
60017
60018
60020
60023
60048
60059
60070
60076
60102
60125
60174
60198
60201
60203
60218
60231
60245
60275
60281
60326
60356
60421
60437
60438
60461
60465
60524
60526
60533
60536
60540
60584
60627
60641
60659
60681
60687
60704
60714
60729
60768
60768
60772
60781
60781
60825
60837
60859
60863
60867
60909
60911
60933
60943
60943
60949
60958
60970
60973
60987
61000
61038
61039
61048
61056
61071
61073
61089
61112
61115
61141
61184
61203
61225
61252
61261
61264
61268
61276
61315
61316
61318
61333
61365
61376
61394
61397
61413
61416
61417
61454
61465
61483
61486
61489
61496
61497
61544
61546
61565
61574
61576
61578
61581
61606
61618
61625
61630
61637
61678
61700
61703
61704
61724
61727
61734
61762
61773
61777
61804
61813
61817
61842
61847
61866
61873
61888
61888
61921
61940
61955
61974
61999
62004
62022
62054
62057
62062
62100
62120
62129
62136
62139
62154
62166
62182
62186
62187
62199
62200
62237
62237
62238
62244
62283
62290
62298
62305
62307
62346
62355
62363
62368
62378
62382
62384
62398
62415
62422
62426
62476
62498
62512
62527
62534
62541
62574
62601
62610
62623
62624
62641
62676
62678
62680
62697
62727
62775
62779
62785
62786
62826
62832
62836
62900
62909
62913
62924
62926
62979
62989
63008
63011
63015
63094
63106
63109
63152
63194
63198
63243
63261
63268
63290
63298
63299
63307
63334
63358
63377
63430
63500
63530
63536
63541
63550
63559
63583
63598
63609
63622
63652
63664
63669
63741
63745
63751
63758
63805
63808
63818
63818
63834
63854
63862
63866
63902
63917
63923
63949
63959
63988
63998
64008
64021
64039
64091
64124
64128
64139
64181
64183
64190
64195
64205
64221
64231
64249
64298
64307
64313
64320
64330
64346
64384
64392
64411
64415
64451
64454
64473
64478
64488
64522
64529
64533
64546
64593
64595
64596
64601
64629
64639
64641
64644
64655
64673
64684
64697
64701
64706
64725
64738
64759
64778
64781
64813
64814
64830
64836
64858
64862
64863
64891
64921
64931
64934
64936
64959
64976
64983
65016
65046
65059
65062
65064
65103
65145
65165
65168
65171
65180
65194
65195
65202
65217
65217
65224
65225
65229
65259
65270
65274
65340
65351
65364
65366
65394
65396
65398
65408
65409
65416
65430
65436
65463
65466
65473
65473
65493
65496
65501
65519
65526
65526
65534
65577
65585
65625
65643
65647
65665
65672
65679
65683
65697
65701
65736
65752
65752
65813
65817
65831
65834
65841
65846
65870
65886
65959
66049
66051
66072
66073
66094
66097
66107
66122
66144
66152
66168
66220
66259
66295
66301
66333
66361
66409
66423
66427
66428
66473
66474
66475
66478
66483
66483
66501
66547
66550
66553
66560
66560
66565
66574
66583
66585
66599
66599
66600
66607
66653
66665
66675
66724
66791
66798
66800
66804
66804
66813
66866
66886
66887
66888
66915
66918
66926
66932
66936
66939
66959
66984
66993
66994
66997
67024
67067
67090
67097
67109
67113
67144
67221
67288
67294
67296
67308
67325
67340
67373
67380
67387
67398
67410
67411
67471
67475
67540
67551
67591
67669
67739
67741
67743
67752
67761
67779
67783
67790
67816
67850
67870
67874
67880
67881
67888
67888
67898
67902
67911
67918
67929
67950
67978
67987
67992
67993
67995
67999
68004
68034
68041
68067
68071
68132
68151
68159
68159
68193
68224
68225
68234
68236
68240
68247
68248
68273
68293
68313
68331
68336
68338
68345
68352
68360
68367
68397
68417
68421
68428
68442
68445
68476
68477
68477
68518
68533
68540
68549
68572
68573
68583
68611
68653
68669
68701
68705
68770
68780
68793
68796
68801
68817
68822
68830
68836
68838
68839
68848
68859
68904
68909
68910
68910
68962
68971
69001
69020
69040
69068
69082
69097
69123
69128
69128
69149
69168
69208
69218
69226
69232
69243
69264
69271
69272
69312
69374
69401
69403
69406
69434
69435
69455
69463
69464
69473
69541
69542
69561
69569
69574
69575
69589
69599
69606
69619
69626
69634
69637
69642
69661
69662
69703
69703
69726
69740
69744
