17
18
19
52
62
67
72
74
79
84
114
126
130
133
138
144
148
151
168
174
181
194
203
205
206
217
219
221
224
239
242
253
292
305
327
327
331
331
349
351
354
364
373
390
405
413
416
430
432
451
468
480
482
484
487
499
507
507
510
513
522
523
535
539
566
569
590
602
607
610
618
620
623
629
631
638
655
669
671
697
709
719
724
727
746
750
753
756
764
782
786
786
795
812
815
824
832
833
837
848
856
866
866
873
874
879
880
896
906
907
909
921
921
922
975
978
987
998
1001
1016
1029
1046
1052
1054
1067
1080
1083
1092
1097
1099
1123
1134
1141
1141
1153
1154
1156
1161
1167
1169
1194
1206
1206
1215
1216
1217
1250
1254
1254
1263
1264
1272
1286
1311
1314
1332
1334
1345
1347
1355
1362
1367
1376
1390
1422
1436
1455
1489
1512
1525
1534
1535
1538
1555
1565
1579
1579
1600
1617
1620
1636
1648
1662
1669
1685
1687
1697
1732
1743
1761
1763
1776
1797
1799
1805
1811
1812
1824
1825
1839
1840
1846
1866
1884
1907
1908
1908
1920
1926
1926
1947
1949
1950
1971
1989
2009
2010
2016
2023
2033
2046
2062
2071
2093
2101
2102
2112
2120
2132
2145
2151
2212
2221
2224
2225
2225
2232
2237
2243
2269
2304
2325
2326
2329
2330
2347
2349
2367
2373
2376
2383
2388
2388
2403
2407
2407
2409
2424
2429
2454
2469
2469
2476
2482
2486
2491
2506
2510
2515
2516
2542
2570
2577
2589
2595
2631
2643
2650
2662
2663
2674
2676
2678
2695
2706
2708
2708
2712
2713
2724
2725
2726
2733
2747
2755
2778
2783
2786
2791
2795
2798
2855
2862
2887
2899
2918
2919
2930
2956
2960
2968
2971
3007
3009
3021
3029
3046
3049
3061
3067
3089
3092
3092
3099
3145
3148
3154
3161
3185
3192
3199
3207
3208
3221
3235
3258
3263
3268
3283
3287
3292
3307
3309
3309
3314
3335
3337
3338
3348
3356
3359
3363
3365
3402
3423
3426
3428
3433
3449
3450
3473
3495
3506
3511
3511
3525
3551
3558
3560
3569
3577
3587
3611
3612
3612
3620
3659
3671
3680
3689
3710
3722
3731
3742
3759
3763
3780
3782
3792
3818
3819
3823
3824
3835
3835
3842
3857
3859
3877
3878
3883
3894
3907
3942
3949
3952
3994
4016
4017
4030
4034
4040
4050
4054
4057
4058
4068
4071
4078
4136
4142
4146
4148
4159
4167
4195
4196
4202
4209
4213
4216
4220
4236
4261
4280
4326
4334
4334
4338
4352
4354
4365
4370
4371
4389
4391
4404
4418
4426
4428
4434
4440
4448
4456
4470
4478
4482
4490
4526
4535
4564
4572
4578
4584
4625
4631
4633
4649
4655
4660
4685
4707
4719
4739
4740
4759
4764
4769
4788
4805
4811
4813
4815
4823
4847
4850
4854
4858
4870
4875
4879
4881
4882
4898
4907
4910
4910
4918
4934
4940
4942
4944
4945
4955
4956
5008
5011
5018
5028
5029
5040
5047
5058
5061
5062
5109
5111
5122
5154
5170
5170
5187
5190
5199
5209
5214
5218
5234
5320
5327
5331
5368
5376
5385
5391
5396
5410
5455
5465
5476
5490
5491
5492
5515
5522
5538
5540
5544
5545
5545
5570
5580
5585
5587
5588
5595
5595
5596
5599
5602
5608
5615
5617
5632
5641
5648
5654
5671
5702
5714
5715
5718
5730
5732
5740
5742
5748
5751
5753
5758
5770
5772
5773
5774
5793
5803
5810
5814
5834
5837
5842
5856
5898
5910
5927
5928
5936
5937
5939
5978
5983
5991
6000
6018
6036
6058
6060
6060
6060
6078
6082
6091
6100
6112
6128
6138
6145
6171
6179
6193
6215
6223
6226
6240
6241
6261
6264
6268
6278
6284
6313
6313
6322
6332
6345
6346
6346
6352
6367
6411
6416
6444
6444
6449
6450
6455
6471
6472
6485
6501
6509
6515
6516
6524
6534
6540
6546
6551
6552
6586
6604
6622
6634
6662
6674
6676
6681
6682
6688
6696
6711
6726
6726
6731
6732
6736
6748
6759
6771
6773
6775
6787
6788
6815
6838
6841
6856
6876
6896
6899
6908
6917
6937
6939
6941
6942
6949
6968
6983
6983
7001
7016
7017
7031
7034
7034
7045
7085
7088
7093
7107
7109
7121
7134
7136
7150
7163
7172
7207
7218
7224
7237
7256
7283
7294
7306
7329
7387
7392
7397
7403
7435
7447
7450
7454
7456
7469
7481
7484
7504
7505
7530
7530
7549
7570
7579
7589
7591
7593
7597
7607
7609
7616
7630
7649
7677
7683
7683
7686
7687
7707
7721
7751
7772
7782
7790
7799
7806
7826
7827
7834
7835
7839
7845
7868
7872
7882
7887
7892
7893
7894
7900
7900
7904
7918
7932
7933
7943
7961
7974
7994
8004
8005
8024
8033
8038
8057
8064
8066
8098
8161
8170
8180
8186
8194
8212
8217
8237
8247
8286
8292
8303
8315
8321
8341
8342
8358
8367
8383
8390
8396
8406
8407
8416
8424
8476
8477
8483
8496
8496
8501
8505
8523
8525
8531
8534
8538
8543
8559
8569
8587
8601
8601
8603
8610
8638
8645
8655
8657
8660
8666
8669
8698
8703
8703
8709
8728
8743
8751
8764
8767
8779
8795
8802
8804
8832
8833
8839
8850
8851
8860
8862
8868
8882
8903
8929
8940
8953
8957
8965
8985
8998
9009
9024
9038
9043
9067
9069
9070
9072
9077
9080
9085
9099
9117
9123
9124
9134
9145
9176
9178
9190
9207
9221
9224
9226
9237
9238
9254
9256
9258
9259
9262
9286
9295
9296
9309
9330
9352
9354
9373
9388
9407
9427
9442
9447
9472
9474
9486
9486
9493
9495
9510
9510
9514
9534
9539
9541
9556
9556
9559
9569
9569
9595
9597
9602
9604
9610
9610
9620
9639
9642
9650
9654
9661
9671
9674
9688
9719
9727
9773
9777
9782
9784
9787
9798
9814
9817
9827
9859
9861
9863
9869
9882
9889
9933
9935
9935
9940
9943
9960
9963
9965
9978
9990
9995
10017
10018
10020
10031
10038
10050
10058
10090
10101
10102
10102
10105
10108
10111
10132
10134
10138
10147
10148
10196
10240
10247
10255
10295
10300
10305
10308
10360
10376
10377
10377
10380
10380
10381
10394
10395
10405
10438
10447
10451
10453
10461
10465
10485
10492
10496
10499
10512
10527
10530
10534
10541
10549
10551
10554
10572
10632
10664
10679
10685
10703
10720
10728
10735
10749
10751
10778
10786
10793
10795
10811
10815
10817
10818
10839
10852
10866
10870
10891
10895
10897
10907
10921
10938
10959
10969
10969
10972
10996
11022
11027
11044
11059
11083
11101
11120
11122
11124
11128
11144
11162
11177
11184
11187
11190
11217
11228
11229
11234
11245
11260
11276
11287
11287
11295
11315
11320
11329
11352
11353
11353
11357
11368
11379
11380
11383
11403
11410
11418
11425
11442
11465
11477
11481
11486
11496
11504
11527
11528
11537
11548
11549
11550
11618
11653
11662
11668
11699
11719
11725
11730
11746
11746
11754
11764
11789
11804
11806
11811
11812
11818
11830
11833
11841
11848
11849
11849
11855
11858
11880
11886
11913
11921
11936
11939
11947
11950
11952
11959
11966
11969
11980
11999
12020
12028
12040
12041
12052
12060
12062
12069
12096
12097
12113
12121
12125
12138
12144
12150
12151
12174
12176
12195
12199
12208
12209
12238
12240
12271
12287
12290
12302
12317
12348
12363
12371
12377
12390
12399
12428
12433
12435
12449
12451
12455
12455
12468
12472
12485
12492
12509
12517
12522
12544
12547
12571
12577
12587
12592
12594
12598
12599
12602
12630
12670
12675
12688
12701
12718
12726
12748
12763
12774
12776
12783
12799
12803
12806
12810
12817
12818
12827
12828
12841
12843
12874
12879
12891
12894
12905
12906
12915
12917
12930
12942
12958
12959
12975
12976
12987
12987
13008
13010
13032
13036
13038
13053
13055
13061
13069
13101
13109
13132
13142
13153
13166
13190
13225
13246
13262
13269
13271
13276
13281
13285
13292
13299
13312
13315
13319
13324
13329
13334
13356
13368
13388
13390
13401
13409
13413
13416
13441
13451
13460
13462
13465
13479
13479
13491
13491
13492
13496
13497
13500
13507
13510
13516
13519
13523
13539
13563
13564
13582
13602
13629
13632
13643
13652
13654
13682
13687
13691
13695
13710
13726
13755
13762
13768
13777
13779
13785
13803
13806
13808
13809
13852
13863
13869
13881
13892
13894
13899
13903
13910
13914
13930
13939
13951
13961
13963
13971
13974
13982
13998
14001
14008
14009
14031
14032
14042
14064
14089
14099
14111
14138
14155
14165
14175
14182
14212
14221
14227
14231
14232
14234
14245
14257
14257
14291
14297
14308
14311
14313
14351
14383
14384
14387
14399
14405
14406
14408
14416
14445
14457
14458
14474
14477
14493
14498
14517
14519
14526
14528
14532
14564
14579
14608
14616
14632
14637
14652
14657
14669
14673
14685
14696
14701
14702
14716
14731
14743
14755
14755
14757
14763
14764
14777
14792
14801
14830
14837
14842
14846
14851
14857
14871
14888
14896
14914
14925
14928
14935
14953
14953
14960
14970
14981
15012
15015
15015
15028
15035
15050
15057
15061
15080
15086
15103
15107
15113
15130
15143
15165
15168
15191
15194
15199
15219
15230
15235
15240
15249
15271
15273
15284
15289
15290
15307
15307
15326
15328
15340
15344
15349
15350
15369
15390
15391
15402
15402
15412
15443
15452
15471
15488
15489
15500
15504
15510
15516
15529
15538
15541
15544
15546
15550
15563
15567
15577
15593
15595
15600
15616
15619
15624
15630
15632
15634
15644
15666
15677
15678
15693
15698
15706
15726
15728
15752
15761
15763
15767
15776
15785
15793
15800
15800
15801
15802
15837
15839
15841
15845
15863
15883
15889
15890
15896
15903
15904
15910
15925
15933
15935
15968
15985
15987
15994
15995
16009
16012
16016
16021
16031
16031
16053
16059
16069
16115
16126
16134
16134
16141
16143
16164
16172
16189
16196
16227
16236
16237
16240
16240
16246
16262
16281
16292
16307
16322
16363
16374
16394
16407
16415
16415
16420
16426
16439
16439
16451
16455
16461
16471
16485
16504
16516
16525
16543
16556
16557
16574
16617
16639
16663
16684
16689
16695
16695
16713
16718
16740
16742
16747
16768
16782
16793
16807
16843
16858
16859
16863
16865
16869
16870
16891
16905
16906
16907
16915
16941
16942
16948
16950
16961
16970
16972
16984
16994
16995
17020
17040
17050
17063
17077
17084
17093
17106
17110
17125
17142
17154
17198
17200
17209
17225
17229
17233
17238
17242
17248
17257
17258
17262
17267
17280
17283
17292
17293
17311
17320
17323
17365
17379
17386
17386
17406
17407
17427
17446
17462
17532
17549
17549
17554
17555
17569
17569
17600
17600
17613
17640
17641
17643
17671
17676
17701
17711
17716
17721
17722
17725
17726
17727
17727
17729
17751
17758
17763
17766
17771
17779
17785
17785
17801
17832
17857
17859
17862
17864
17872
17906
17919
17928
17941
17942
17957
17977
17983
18006
18008
18048
18061
18064
18075
18080
18102
18114
18150
18150
18155
18163
18172
18175
18179
18202
18218
18227
18228
18237
18246
18247
18259
18268
18272
18285
18289
18289
18294
18298
18315
18319
18326
18353
18374
18401
18430
18430
18436
18444
18444
18446
18449
18458
18472
18472
18492
18542
18545
18581
18584
18592
18602
18609
18613
18622
18622
18645
18646
18654
18682
18689
18699
18704
18705
18725
18733
18742
18765
18781
18787
18790
18801
18812
18815
18823
18827
18839
18868
18872
18886
18887
18912
18914
18923
18947
18957
18963
18971
18972
18974
18992
19032
19043
19044
19065
19068
19080
19109
19151
19154
19156
19158
19175
19178
19187
19192
19229
19233
19234
19239
19240
19248
19249
19254
19268
19282
19295
19312
19313
19318
19324
19342
19359
19366
19370
19376
19377
19379
19391
19403
19403
19405
19421
19438
19459
19469
19486
19508
19510
19512
19519
19526
19535
19543
19545
19547
19549
19552
19552
19555
19583
19593
19605
19609
19612
19625
19628
19643
19660
19668
19677
19681
19685
19688
19693
19699
19708
19717
19724
19741
19743
19746
19768
19775
19786
19804
19804
19808
19817
19827
19828
19832
19837
19844
19851
19853
19856
19875
19878
19888
19907
19907
19921
19925
19944
19963
19964
19991
19993
20001
20005
20013
20015
20033
20037
20064
20074
20087
20123
20127
20127
20141
20171
20171
20171
20174
20175
20183
20190
20191
20192
20196
20202
20207
20217
20221
20227
20240
20250
20254
20268
20273
20319
20322
20324
20331
20347
20382
20387
20393
20429
20454
20459
20464
20468
20470
20474
20485
20490
20491
20523
20523
20525
20529
20548
20582
20587
20595
20623
20637
20659
20667
20668
20680
20697
20707
20730
20778
20783
20799
20808
20812
20825
20827
20830
20840
20864
20868
20879
20880
20882
20883
20899
20909
20914
20925
20927
20929
20936
20942
20960
20963
20970
20977
20988
20989
21000
21005
21008
21016
21022
21028
21039
21058
21061
21064
21070
21073
21075
21085
21090
21119
21131
21134
21142
21156
21160
21163
21178
21179
21185
21196
21196
21199
21211
21217
21221
21235
21239
21268
21278
21304
21307
21311
21332
21333
21336
21361
21371
21373
21374
21375
21376
21381
21381
21394
21395
21411
21412
21412
21424
21432
21450
21460
21466
21490
21513
21549
21551
21560
21566
21569
21588
21598
21616
21624
21630
21634
21646
21647
21669
21676
21683
21686
21691
21701
21709
21721
21722
21730
21747
21747
21773
21779
21782
21784
21785
21797
21801
21809
21859
21875
21877
21918
21919
21919
21936
21956
21972
21972
21974
21989
21990
22012
22016
22026
22041
22042
22069
22090
22091
22092
22099
22104
22106
22116
22119
22131
22132
22133
22137
22150
22158
22177
22180
22188
22217
22224
22236
22252
22254
22255
22263
22273
22274
22305
22316
22324
22327
22335
22347
22351
22352
22359
22359
22361
22363
22377
22404
22424
22426
22428
22433
22440
22471
22492
22501
22507
22547
22568
22581
22588
22595
22606
22612
22628
22631
22638
22639
22649
22657
22660
22665
22679
22697
22720
22740
22753
22756
22797
22801
22803
22804
22808
22812
22829
22832
22853
22893
22906
22916
22919
22932
22937
22952
22955
22986
22988
22988
22990
22994
23005
23010
23023
23031
23035
23035
23041
23049
23049
23068
23069
23074
23074
23083
23099
23108
23119
23125
23128
23136
23144
23154
23155
23156
23157
23172
23176
23180
23182
23182
23185
23186
23187
23193
23194
23195
23211
23217
23222
23222
23226
23231
23231
23232
23233
23235
23248
23250
23255
23271
23273
23284
23297
23298
23300
23307
23334
23352
23359
23364
23377
23384
23405
23405
23405
23415
23416
23437
23442
23445
23448
23456
23460
23485
23491
23504
23509
23511
23513
23515
23517
23520
23527
23550
23557
23557
23560
23571
23576
23584
23615
23624
23628
23639
23657
23681
23724
23725
23734
23746
23747
23766
23770
23780
23802
23802
23803
23814
23820
23828
23854
23872
23877
23894
23907
23919
23935
23936
23946
23949
23958
23962
23964
23967
23969
23976
23987
23990
23998
24007
24008
24012
24021
24038
24061
24087
24088
24102
24112
24119
24120
24141
24141
24160
24178
24182
24201
24220
24230
24231
24244
24272
24284
24296
24296
24301
24303
24327
24333
24335
24345
24376
24401
24405
24419
24427
24430
24437
24438
24442
24458
24461
24476
24496
24500
24504
24505
24510
24518
24525
24526
24529
24551
24556
24557
24559
24560
24574
24578
24580
24596
24599
24616
24629
24640
24640
24661
24664
24665
24668
24696
24729
24731
24732
24734
24763
24765
24770
24783
24784
24786
24786
24796
24796
24807
24823
24838
24841
24892
24893
24905
24915
24920
24923
24925
24927
24931
24954
24961
24963
24967
24971
24986
25022
25045
25049
25053
25055
25059
25062
25066
25077
25101
25113
25116
25125
25140
25141
25148
25161
25176
25181
25181
25181
25187
25188
25192
25205
25233
25234
25242
25244
25250
25255
25260
25265
25274
25281
25307
25311
25315
25316
25323
25333
25345
25346
25347
25351
25353
25353
25356
25365
25365
25378
25379
25395
25397
25419
25420
25422
25425
25428
25442
25444
25446
25456
25480
25489
25494
25506
25514
25527
25528
25556
25560
25567
25573
25579
25580
25593
25611
25615
25640
25660
25665
25668
25668
25671
25685
25688
25689
25689
25706
25722
25731
25742
25756
25756
25759
25773
25774
25780
25783
25797
25800
25810
25816
25862
25864
25867
25883
25898
25912
25948
25959
25963
25968
25969
25974
25981
25983
25984
25987
25989
25992
26004
26008
26023
26025
26038
26040
26046
26063
26065
26068
26074
26079
26080
26084
26094
26107
26109
26110
26126
26128
26133
26136
26138
26144
26161
26171
26177
26178
26178
26210
26217
26225
26240
26249
26260
26266
26267
26269
26286
26300
26310
26338
26338
26370
26391
26422
26456
26461
26489
26490
26498
26517
26519
26553
26557
26607
26608
26614
26622
26629
26630
26631
26648
26653
26659
26668
26684
26689
26691
26693
26698
26698
26704
26706
26709
26714
26717
26718
26734
26756
26758
26762
26763
26791
26793
26795
26802
26806
26812
26814
26819
26821
26822
26852
26865
26869
26870
26879
26892
26893
26913
26914
26915
26919
26926
26926
26933
26962
26989
26991
26999
27016
27021
27022
27023
27060
27064
27078
27086
27109
27126
27187
27201
27204
27218
27232
27247
27263
27266
27268
27270
27278
27301
27305
27315
27318
27324
27324
27336
27341
27371
27377
27386
27408
27411
27413
27416
27429
27440
27441
27444
27462
27486
27525
27527
27554
27557
27571
27591
27598
27611
27612
27618
27628
27639
27642
27646
27648
27649
27655
27667
27668
27671
27675
27677
27678
27679
27697
27702
27718
27720
27722
27724
27725
27727
27731
27737
27740
27750
27752
27763
27769
27774
27779
27786
27790
27795
27797
27807
27825
27836
27854
27865
27869
27876
27882
27887
27890
27892
27895
27896
27923
27956
27959
27969
27997
27998
28018
28027
28031
28037
28040
28044
28044
28053
28066
28070
28079
28094
28095
28116
28125
28125
28143
28153
28158
28159
28178
28217
28227
28236
28238
28257
28272
28273
28273
28288
28289
28293
28293
28303
28312
28313
28314
28317
28319
28325
28335
28335
28351
28366
28368
28370
28378
28382
28382
28393
28411
28419
28422
28426
28433
28441
28445
28447
28458
28458
28479
28481
28493
28499
28507
28508
28509
28515
28516
28549
28550
28555
28558
28577
28594
28597
28613
28642
28650
28655
28659
28678
28685
28696
28712
28714
28718
28741
28754
28759
28782
28796
28797
28799
28808
28813
28821
28827
28835
28835
28844
28847
28852
28854
28869
28872
28888
28889
28891
28893
28903
28927
28929
28936
28945
28949
28959
28962
28975
28977
28982
28985
29019
29021
29028
29029
29037
29067
29089
29096
29099
29111
29115
29122
29123
29140
29141
29148
29177
29194
29194
29195
29207
29218
29220
29225
29242
29244
29285
29289
29295
29329
29341
29376
29377
29382
29387
29389
29397
29407
29411
29417
29467
29478
29480
29486
29495
29504
29514
29525
29528
29561
29571
29578
29582
29582
29599
29608
29616
29626
29638
29646
29720
29726
29736
29750
29758
29778
29780
29783
29787
29791
29797
29815
29833
29837
29844
29854
29857
29868
29869
29888
29900
29901
29929
29960
29988
29990
29998
30000
30015
30033
30044
30060
30077
30081
30084
30106
30122
30123
30123
30160
30172
30173
30178
30180
30182
30184
30184
30195
30200
30202
30211
30213
30235
30257
30261
30266
30276
30279
30309
30309
30310
30327
30332
30337
30371
30372
30376
30377
30381
30383
30389
30391
30391
30399
30408
30425
30452
30453
30457
30462
30467
30469
30488
30499
30524
30539
30542
30550
30575
30578
30582
30583
30588
30594
30595
30603
30609
30612
30620
30623
30632
30632
30636
30643
30678
30696
30697
30711
30713
30722
30739
30742
30745
30746
30754
30762
30776
30794
30809
30816
30823
30823
30841
30850
30866
30873
30883
30927
30934
30940
30941
30947
30949
30951
30968
30968
30982
31011
31017
31030
31031
31039
31048
31062
31078
31087
31088
31091
31107
31128
31140
31152
31154
31185
31187
31193
31205
31215
31217
31234
31236
31243
31243
31250
31262
31284
31295
31324
31353
31360
31360
31391
31399
31403
31457
31471
31489
31514
31516
31538
31552
31559
31562
31572
31584
31595
31609
31628
31634
31658
31659
31663
31694
31705
31730
31735
31736
31744
31745
31764
31772
31802
31829
31852
31864
31868
31879
31892
31892
31909
31912
31914
31937
31942
31951
31955
31956
31967
31969
31982
31999
32002
32019
32021
32034
32035
32039
32056
32058
32073
32074
32074
32106
32130
32162
32168
32172
32205
32206
32207
32214
32228
32229
32239
32247
32273
32278
32282
32303
32310
32313
32318
32321
32328
32337
32356
32359
32371
32396
32412
32427
32431
32439
32442
32445
32447
32448
32473
32496
32502
32503
32509
32512
32512
32515
32532
32533
32540
32564
32572
32596
32605
32617
32625
32625
32625
32637
32650
32651
32672
32689
32693
32713
32714
32714
32718
32730
32730
32735
32737
32745
32749
32754
32776
32794
32796
32796
32798
32802
32804
32804
32805
32823
32831
32840
32842
32848
32849
32853
32853
32878
32883
32889
32891
32901
32904
32909
32926
32927
32959
32962
32979
32986
32993
33005
33007
33009
33012
33018
33034
33034
33040
33040
33047
33051
33054
33066
33068
33076
33097
33102
33125
33128
33128
33129
33143
33156
33165
33244
33258
33276
33308
33338
33346
33357
33383
33388
33389
33416
33419
33421
33443
33443
33465
33482
33484
33490
33491
33501
33514
33524
33541
33548
33566
33569
33571
33596
33599
33602
33602
33631
33646
33655
33682
33687
33705
33716
33717
33726
33731
33732
33736
33775
33778
33789
33818
33826
33828
33830
33835
33836
33838
33839
33842
33844
33847
33860
33866
33877
33889
33892
33896
33897
33940
33942
33978
33979
33986
34019
34021
34024
34025
34029
34036
34045
34047
34058
34072
34080
34092
34099
34111
34114
34115
34120
34121
34144
34145
34154
34159
34166
34194
34203
34207
34207
34216
34222
34240
34268
34269
34286
34316
34326
34327
34340
34343
34357
34367
34379
34384
34392
34401
34404
34417
34417
34418
34420
34421
34432
34459
34463
34483
34485
34486
34499
34500
34508
34540
34550
34554
34595
34602
34627
34628
34633
34635
34648
34651
34681
34683
34687
34696
34698
34710
34712
34714
34716
34718
34719
34728
34758
34760
34760
34773
34774
34780
34784
34807
34832
34832
34832
34833
34835
34839
34850
34864
34865
34867
34880
34898
34901
34904
34917
34925
34939
34946
35001
35003
35008
35010
35034
35038
35041
35051
35084
35094
35094
35105
35110
35115
35127
35135
35141
35142
35156
35165
35187
35191
35201
35210
35245
35247
35256
35257
35264
35266
35278
35281
35304
35307
35324
35351
35357
35359
35360
35361
35375
35400
35432
35436
35438
35439
35445
35445
35459
35469
35469
35475
35477
35483
35485
35486
35495
35496
35516
35520
35524
35529
35531
35550
35555
35569
35580
35589
35622
35637
35644
35648
35676
35696
35697
35727
35728
35729
35744
35748
35755
35756
35758
35780
35789
35805
35810
35826
35826
35827
35836
35850
35868
35874
35906
35913
35914
35922
35928
35936
35969
35984
35985
35994
35995
35998
36004
36041
36043
36044
36071
36071
36076
36076
36102
36103
36114
36139
36146
36151
36161
36169
36172
36182
36204
36208
36215
36227
36248
36251
36258
36266
36272
36275
36292
36292
36293
36310
36319
36328
36337
36341
36342
36357
36362
36363
36386
36394
36403
36447
36449
36449
36452
36466
36466
36470
36473
36492
36500
36506
36507
36521
36532
36535
36536
36547
36549
36549
36555
36567
36577
36579
36585
36586
36598
36601
36603
36613
36621
36621
36625
36633
36639
36640
36643
36643
36645
36655
36679
36688
36689
36698
36706
36709
36712
36721
36732
36735
36744
36745
36757
36776
36792
36793
36798
36801
36827
36830
36851
36871
36880
36898
36899
36900
36907
36910
36910
36933
36955
36992
36997
37002
37005
37006
37015
37019
37024
37026
37042
37069
37069
37070
37095
37116
37123
37139
37153
37165
37168
37177
37189
37223
37227
37231
37234
37242
37259
37273
37274
37279
37286
37292
37302
37324
37362
37373
37390
37414
37444
37453
37473
37482
37487
37492
37498
37562
37563
37578
37593
37595
37608
37616
37619
37620
37623
37630
37642
37647
37647
37663
37668
37685
37696
37697
37712
37720
37721
37736
37738
37758
37765
37767
37778
37781
37788
37792
37796
37797
37802
37802
37805
37811
37855
37861
37862
37863
37866
37879
37883
37906
37908
37925
37938
37942
37942
37966
37996
37999
37999
38003
38036
38073
38076
38078
38079
38087
38104
38110
38121
38134
38134
38139
38143
38157
38171
38174
38180
38183
38187
38211
38214
38223
38223
38224
38232
38253
38258
38269
38274
38292
38308
38339
38341
38356
38361
38368
38389
38404
38415
38415
38427
38450
38467
38469
38472
38476
38487
38490
38521
38532
38536
38580
38602
38614
38618
38619
38619
38632
38635
38635
38639
38645
38649
38691
38693
38711
38736
38747
38769
38772
38777
38778
38783
38784
38807
38813
38850
38857
38858
38866
38868
38870
38870
38880
38888
38892
38895
38905
38905
38913
38919
38924
38930
38946
38947
38949
38958
38975
38979
38983
38983
38986
38992
38995
39002
39013
39024
39026
39028
39033
39038
39042
39058
39061
39077
39082
39083
39095
39097
39103
39112
39113
39136
39145
39153
39154
39158
39164
39170
39179
39187
39193
39196
39198
39210
39215
39215
39218
39219
39245
39257
39272
39275
39275
39278
39281
39291
39293
39306
39306
39330
39344
39344
39346
39364
39376
39391
39401
39413
39415
39442
39474
39480
39485
39492
39502
39515
39515
39540
39543
39547
39551
39560
39602
39610
39615
39616
39627
39642
39643
39650
39652
39671
39672
39678
39684
39685
39696
39703
39706
39714
39738
39746
39762
39768
39771
39778
39789
39800
39804
39809
39826
39840
39842
39845
39853
39858
39893
39915
39918
39922
39934
39943
39955
39962
39971
39985
39994
40007
40009
40011
40017
40048
40054
40054
40071
40083
40084
40098
40104
40105
40108
40109
40112
40114
40115
40116
40124
40128
40128
40135
40139
40147
40193
40220
40223
40224
40231
40236
40237
40251
40264
40282
40291
40305
40305
40345
40348
40354
40357
40365
40379
40386
40390
40405
40409
40414
40416
40420
40423
40444
40452
40464
40467
40473
40480
40506
40508
40518
40522
40534
40551
40557
40559
40563
40567
40609
40612
40613
40628
40638
40646
40656
40664
40669
40672
40681
40681
40697
40698
40707
40710
40717
40723
40750
40753
40758
40786
40797
40816
40845
40847
40851
40860
40862
40870
40881
40897
40903
40921
40934
40943
40946
40948
40956
40958
40960
40970
40981
40983
40996
41013
41024
41034
41038
41044
41052
41059
41062
41068
41097
41102
41121
41121
41129
41130
41131
41167
41193
41199
41203
41204
41212
41235
41265
41270
41276
41281
41282
41298
41298
41308
41315
41329
41329
41332
41333
41342
41345
41347
41347
41370
41389
41399
41406
41420
41449
41450
41452
41453
41477
41477
41483
41487
41498
41512
41525
41526
41530
41566
41586
41592
41599
41600
41630
41654
41681
41687
41697
41698
41704
41709
41715
41723
41735
41746
41757
41771
41775
41823
41833
41852
41853
41882
41911
41916
41945
41958
41985
41987
41993
41997
42024
42026
42056
42057
42061
42091
42094
42095
42100
42109
42117
42121
42121
42123
42147
42147
42174
42176
42191
42235
42238
42253
42256
42261
42265
42277
42278
42303
42310
42318
42323
42333
42337
42345
42352
42359
42370
42380
42389
42392
42412
42413
42413
42422
42429
42435
42440
42449
42465
42467
42468
42475
42479
42481
42490
42491
42495
42502
42524
42543
42562
42568
42570
42572
42589
42610
42614
42620
42622
42623
42641
42649
42657
42701
42702
42704
42710
42712
42713
42753
42756
42778
42792
42799
42810
42810
42824
42836
42840
42853
42857
42867
42867
42891
42908
42913
42926
42934
42955
42970
42973
42984
42986
42991
42999
43004
43005
43031
43033
43043
43066
43088
43089
43092
43102
43116
43133
43141
43145
43147
43163
43165
43169
43202
43207
43215
43219
43224
43225
43259
43271
43290
43293
43302
43337
43347
43352
43356
43360
43365
43365
43389
43392
43407
43408
43412
43424
43435
43442
43444
43444
43446
43448
43498
43500
43508
43509
43509
43524
43526
43536
43541
43547
43558
43566
43581
43603
43607
43620
43627
43672
43677
43690
43711
43733
43739
43748
43753
43757
43765
43771
43773
43776
43778
43780
43788
43794
43801
43818
43820
43822
43844
43857
43879
43889
43890
43905
43908
43956
43959
43966
43969
43974
43977
43991
44051
44056
44058
44061
44069
44074
44078
44084
44088
44097
44115
44124
44128
44129
44130
44137
44173
44182
44189
44193
44206
44238
44244
44245
44262
44289
44297
44305
44308
44328
44354
44363
44369
44374
44379
44388
44390
44398
44407
44408
44423
44426
44450
44459
44500
44506
44510
44535
44544
44548
44550
44566
44575
44583
44586
44604
44604
44611
44616
44624
44627
44634
44654
44660
44663
44668
44678
44687
44689
44711
44732
44734
44745
44748
44761
44774
44781
44787
44790
44792
44799
44800
44803
44807
44809
44826
44826
44852
44875
44879
44949
44980
44989
44995
45001
45012
45016
45040
45041
45051
45066
45071
45072
45092
45093
45096
45101
45112
45113
45125
45148
45150
45165
45170
45170
45172
45199
45206
45209
45215
45217
45223
45259
45260
45262
45283
45284
45295
45296
45322
45330
45332
45341
45343
45349
45351
45355
45359
45389
45404
45417
45428
45456
45473
45474
45476
45478
45483
45486
45496
45505
45519
45535
45549
45550
45561
45564
45570
45591
45597
45601
45612
45620
45632
45636
45647
45650
45655
45666
45667
45668
45669
45675
45683
45692
45710
45714
45739
45755
45762
45778
45779
45803
45804
45806
45838
45891
45903
45906
45908
45917
45925
45941
45944
45950
45959
45966
46001
46009
46032
46035
46043
46049
46052
46055
46055
46061
46066
46074
46076
46078
46083
46093
46111
46113
46122
46144
46165
46170
46173
46174
46203
46208
46212
46227
46227
46229
46246
46263
46271
46308
46324
46338
46360
46376
46404
46456
46484
46490
46496
46498
46505
46507
46572
46585
46602
46614
46638
46674
46686
46692
46727
46729
46741
46753
46775
46794
46826
46826
46841
46842
46846
46847
46856
46892
46912
46916
46925
46929
46941
46970
46985
47016
47023
47044
47047
47048
47051
47056
47057
47059
47074
47085
47086
47099
47110
47115
47136
47161
47222
47231
47239
47249
47259
47265
47268
47279
47283
47312
47322
47346
47347
47347
47348
47358
47372
47383
47433
47483
47486
47492
47495
47508
47518
47519
47520
47525
47533
47543
47556
47565
47579
47579
47580
47596
47599
47605
47607
47619
47621
47634
47646
47648
47652
47664
47667
47710
47719
47736
47744
47753
47758
47776
47793
47796
47805
47817
47817
47818
47818
47823
47825
47846
47859
47865
47867
47871
47872
47884
47921
47926
47928
47930
47936
47940
47947
47985
47987
47988
47992
47992
48005
48005
48041
48043
48044
48060
48079
48093
48099
48103
48118
48145
48155
48167
48186
48197
48235
48242
48296
48298
48320
48324
48325
48328
48333
48336
48365
48390
48397
48397
48403
48405
48430
48438
48447
48455
48471
48473
48479
48491
48508
48508
48518
48521
48529
48534
48543
48546
48578
48594
48599
48618
48649
48650
48655
48655
48668
48676
48676
48696
48697
48700
48701
48713
48714
48717
48719
48721
48730
48732
48736
48743
48761
48768
48785
48796
48820
48835
48853
48853
48859
48867
48886
48890
48910
48919
48937
48939
48941
48956
48959
48965
48977
48982
48983
48984
49023
49026
49045
49059
49068
49071
49079
49086
49089
49098
49098
49101
49116
49121
49141
49148
49149
49170
49191
49211
49227
49237
49266
49280
49286
49294
49307
49329
49349
49354
49385
49386
49395
49398
49412
49414
49415
49421
49439
49446
49448
49450
49458
49474
49499
49505
49507
49522
49539
49565
49565
49571
49598
49621
49623
49628
49631
49632
49633
49653
49659
49661
49664
49678
49680
49685
49690
49702
49705
49739
49765
49773
49778
49816
49829
49831
49849
49849
49849
49856
49856
49858
49867
49871
49881
49892
49898
49899
49902
49918
49933
49933
49938
49949
49951
49966
49970
50000
50017
50027
50053
50059
50072
50080
50083
50112
50120
50143
50144
50158
50161
50171
50178
50188
50206
50220
50229
50230
50234
50265
50272
50278
50280
50283
50301
50306
50310
50324
50333
50355
50361
50365
50366
50382
50383
50391
50420
50421
50432
50433
50436
50438
50443
50463
50478
50480
50487
50487
50498
50499
50526
50531
50533
50557
50557
50561
50588
50602
50610
50610
50614
50614
50631
50637
50641
50643
50651
50651
50665
50671
50696
50704
50724
50727
50737
50743
50762
50810
50815
50817
50817
50818
50845
50846
50848
50873
50891
50892
50912
50917
50918
50920
50935
50940
50942
50952
50952
50971
50986
51004
51030
51038
51046
51050
51057
51059
51071
51072
51072
51080
51095
51096
51106
51107
51111
51117
51127
51133
51140
51147
51151
51155
51164
51170
51196
51199
51232
51245
51247
51257
51264
51269
51297
51298
51301
51302
51324
51340
51343
51362
51366
51367
51375
51378
51380
51383
51405
51412
51415
51419
51432
51438
51447
51497
51501
51504
51506
51515
51525
51538
51549
51556
51565
51566
51573
51574
51583
51588
51594
51597
51598
51602
51615
51625
51643
51664
51667
51685
51686
51698
51713
51728
51729
51731
51761
51772
51802
51820
51843
51844
51848
51849
51865
51874
51882
51916
51925
51930
51934
51946
51951
51954
51960
51977
51984
52004
52011
52016
52017
52037
52038
52055
52073
52091
52115
52146
52158
52158
52163
52182
52186
52186
52201
52218
52223
52237
52244
52255
52266
52269
52282
52298
52301
52309
52345
52367
52388
52392
52405
52406
52413
52466
52492
52493
52495
52502
52513
52527
52534
52543
52544
52584
52588
52601
52607
52609
52617
52629
52635
52636
52659
52664
52664
52665
52710
52727
52731
52736
52740
52761
52775
52779
52780
52781
52798
52800
52801
52803
52807
52830
52840
52842
52852
52892
52910
52912
52917
52926
52937
52965
52973
52977
52988
52989
52998
53006
53019
53028
53030
53038
53043
53044
53049
53056
53070
53071
53072
53082
53091
53095
53098
53111
53118
53132
53133
53136
53149
53151
53151
53174
53181
53185
53188
53199
53205
53212
53219
53229
53253
53255
53256
53256
53263
53287
53295
53295
53310
53311
53316
53322
53328
53334
53350
53357
53358
53368
53381
53418
53427
53431
53436
53443
53449
53466
53468
53472
53473
53491
53498
53508
53525
53540
53543
53549
53549
53550
53582
53584
53602
53608
53613
53617
53623
53624
53629
53629
53638
53648
53652
53665
53675
53677
53682
53695
53699
53708
53734
53757
53760
53788
53796
53796
53798
53835
53835
53849
53863
53874
53884
53891
53905
53941
53942
53942
53956
53978
53981
54022
54032
54041
54044
54051
54072
54077
54082
54084
54099
54100
54102
54129
54150
54151
54155
54156
54188
54190
54202
54220
54228
54229
54233
54240
54256
54262
54269
54270
54288
54295
54296
54296
54302
54319
54322
54323
54329
54334
54338
54379
54381
54396
54396
54402
54406
54426
54434
54434
54443
54468
54471
54476
54481
54492
54492
54515
54517
54517
54523
54544
54551
54569
54570
54574
54580
54585
54587
54592
54617
54618
54626
54629
54641
54652
54653
54685
54700
54708
54742
54765
54772
54775
54783
54794
54809
54815
54821
54831
54843
54860
54875
54879
54886
54928
54936
54937
54946
54952
54957
54966
54972
54983
54983
54988
55001
55006
55006
55017
55019
55032
55035
55039
55067
55070
55076
55078
55103
55103
55115
55124
55129
55130
55131
55149
55149
55160
55163
55164
55179
55180
55198
55217
55232
55233
55238
55249
55252
55259
55262
55263
55263
55276
55279
55304
55308
55324
55326
55328
55333
55335
55354
55358
55387
55394
55419
55421
55423
55425
55430
55438
55457
55461
55488
55500
55500
55504
55507
55507
55510
55535
55543
55547
55550
55550
55551
55554
55558
55568
55569
55585
55586
55600
55604
55607
55621
55624
55640
55654
55668
55672
55672
55680
55695
55699
55702
55707
55712
55718
55718
55743
55753
55754
55755
55772
55787
55790
55794
55796
55830
55860
55879
55909
55910
55915
55934
55946
55958
55967
55970
55996
56006
56019
56024
56029
56048
56050
56053
56057
56069
56074
56074
56085
56092
56132
56137
56145
56154
56164
56182
56185
56185
56190
56195
56197
56221
56232
56242
56266
56279
56296
56305
56307
56310
56318
56320
56323
56333
56349
56384
56387
56395
56409
56443
56452
56460
56463
56464
56481
56497
56502
56503
56512
56514
56547
56551
56567
56568
56571
56573
56592
56601
56603
56604
56622
56622
56633
56641
56649
56654
56666
56679
56689
56692
56697
56698
56703
56711
56712
56720
56728
56731
56732
56734
56739
56740
56740
56755
56762
56787
56787
56793
56804
56836
56837
56862
56872
56878
56889
56898
56898
56900
56909
56911
56915
56922
56948
56964
56972
56975
56977
56983
56983
56984
56987
57000
57023
57027
57031
57033
57038
57052
57055
57062
57069
57074
57084
57089
57099
57103
57127
57141
57141
57149
57155
57157
57182
57182
57184
57194
57202
57210
57230
57231
57254
57259
57260
57281
57289
57394
57399
57404
57417
57423
57438
57460
57464
57481
57508
57509
57518
57539
57551
57561
57563
57586
57588
57590
57653
57677
57706
57744
57749
57752
57755
57759
57838
57842
57846
57851
57852
57866
57876
57891
57906
57913
57922
57947
57952
57952
57988
57989
57989
58014
58018
58055
58066
58073
58081
58085
58087
58096
58103
58111
58117
58121
58128
58128
58144
58146
58156
58161
58199
58201
58216
58223
58239
58243
58254
58262
58269
58272
58285
58290
58309
58310
58311
58323
58339
58344
58365
58369
58390
58392
58398
58421
58439
58444
58446
58455
58469
58471
58473
58487
58488
58519
58538
58539
58569
58603
58610
58625
58629
58631
58636
58640
58646
58649
58659
58662
58664
58688
58694
58694
58705
58720
58732
58737
58748
58752
58753
58765
58774
58784
58786
58798
58798
58801
58816
58820
58855
58865
58878
58911
58918
58922
58926
58933
58940
58955
58971
58972
58977
58979
59015
59039
59042
59044
59067
59107
59119
59128
59130
59132
59143
59152
59157
59161
59169
59175
59175
59190
59206
59227
59230
59232
59241
59242
59249
59253
59258
59267
59268
59274
59276
59278
59298
59301
59302
59305
59312
59314
59324
59334
59346
59346
59346
59347
59353
59375
59377
59385
59394
59413
59418
59424
59432
59448
59453
59480
59495
59500
59509
59530
59539
59542
59550
59550
59554
59571
59583
59586
59596
59611
59627
59632
59639
59640
59663
59666
59675
59690
59694
59717
59724
59757
59764
59789
59793
59801
59817
59838
59897
59918
59923
59931
59934
59941
59959
59963
59977
59981
59993
59998
60006
60019
60073
60076
60081
60082
60085
60113
60133
60135
60144
60156
60157
60159
60160
60172
60174
60178
60200
60213
60215
60219
60224
60231
60264
60266
60275
60288
60293
60293
60296
60316
60338
60339
60339
60343
60362
60382
60389
60398
60423
60432
60440
60444
60461
60462
60483
60487
60494
60515
60532
60542
60543
60556
60561
60566
60575
60578
60584
60604
60605
60607
60608
60624
60641
60657
60662
60663
60672
60677
60705
60709
60715
60729
60739
60748
60780
60788
60798
60801
60806
60815
60828
60846
60862
60877
60914
60923
60942
60954
60969
60970
60970
60994
61009
61013
61017
61029
61037
61042
61052
61053
61059
61063
61064
61072
61073
61079
61094
61097
61115
61115
61127
61140
61141
61143
61152
61176
61191
61205
61223
61292
61299
61325
61344
61360
61365
61375
61389
61396
61402
61403
61427
61443
61451
61461
61480
61481
61487
61496
61517
61529
61529
61549
61555
61568
61574
61579
61593
61594
61608
61630
61663
61665
61674
61697
61698
61708
61724
61731
61750
61753
61753
61761
61787
61807
61808
61834
61834
61837
61859
61867
61907
61910
61922
61925
61926
61947
61954
61985
62008
62008
62016
62033
62040
62052
62062
62077
62087
62092
62095
62110
62111
62118
62120
62120
62131
62134
62150
62154
62160
62161
62162
62164
62178
62182
62188
62195
62203
62204
62208
62210
62211
62217
62275
62276
62277
62289
62321
62329
62335
62342
62349
62360
62366
62366
62384
62387
62395
62403
62408
62410
62429
62439
62440
62455
62461
62481
62505
62523
62524
62540
62576
62582
62611
62629
62632
62633
62673
62677
62687
62688
62692
62705
62710
62716
62735
62753
62774
62777
62796
62807
62807
62818
62847
62849
62855
62857
62881
62896
62925
62937
62944
62944
62976
62977
63007
63010
63025
63030
63033
63037
63056
63075
63076
63088
63112
63117
63125
63126
63138
63150
63151
63171
63193
63207
63212
63226
63229
63235
63256
63275
63313
63322
63356
63358
63360
63368
63384
63388
63390
63394
63398
63415
63419
63437
63439
63441
63445
63445
63465
63466
63474
63474
63476
63486
63500
63502
63508
63519
63522
63535
63540
63550
63559
63563
63565
63574
63578
63579
63587
63590
63593
63614
63628
63636
63664
63669
63669
63672
63707
63711
63718
63724
63745
63776
63778
63800
63805
63823
63857
63877
63885
63893
63906
63918
63921
63947
63950
63962
63965
63978
63987
63993
63998
64016
64017
64034
64037
64044
64053
64059
64060
64064
64070
64077
64079
64080
64087
64094
64099
64100
64103
64110
64111
64112
64124
64131
64143
64150
64183
64193
64216
64216
64217
64237
64287
64288
64297
64299
64303
64358
64360
64364
64381
64382
64387
64398
64401
64402
64413
64422
64430
64482
64499
64503
64514
64530
64535
64560
64571
64594
64671
64678
64688
64690
64706
64728
64736
64743
64760
64761
64764
64774
64775
64793
64801
64808
64812
64816
64817
64829
64830
64841
64850
64858
64859
64860
64861
64869
64872
64886
64902
64914
64930
64930
64936
64957
64958
64965
64981
64982
64987
64999
65003
65010
65045
65057
65069
65071
65075
65075
65081
65117
65120
65131
65136
65136
65150
65167
65168
65170
65174
65182
65188
65189
65191
65201
65206
65219
65224
65257
65274
65283
65313
65316
65321
65381
65386
65387
65411
65418
65428
65430
65437
65437
65455
65462
65466
65472
65492
65500
65511
65519
65525
65535
65536
65548
65565
65572
65578
65579
65589
65592
65608
65637
65640
65646
65647
65650
65660
65660
65703
65703
65712
65713
65714
65736
65741
65741
65770
65782
65789
65791
65794
65806
65809
65821
65823
65824
65827
65831
65846
65872
65873
65874
65876
65877
65886
65886
65887
65915
65925
65932
65946
65951
65952
65957
65959
65980
65991
66000
66003
66047
66051
66067
66071
66080
66090
66100
66101
66102
66121
66128
66146
66177
66177
66179
66184
66203
66219
66220
66224
66226
66252
66254
66261
66263
66278
66292
66292
66298
66309
66313
66334
66337
66350
66366
66384
66396
66405
66410
66420
66424
66426
66445
66451
66461
66464
66474
66481
66519
66530
66540
66543
66553
66553
66558
66590
66600
66608
66610
66634
66671
66671
66676
66697
66703
66716
66720
66724
66730
66734
66757
66765
66775
66775
66775
66795
66797
66797
66797
66821
66823
66856
66862
66872
66876
66879
66885
66894
66899
66900
66900
66923
66933
66935
66935
66936
66945
66947
66961
66964
66976
66985
67003
67010
67015
67021
67063
67063
67064
67071
67077
67108
67122
67130
67140
67141
67171
67191
67194
67196
67207
67209
67220
67233
67246
67262
67281
67298
67302
67305
67311
67312
67320
67356
67359
67360
67369
67377
67382
67387
67394
67422
67422
67433
67463
67464
67466
67467
67469
67477
67480
67509
67518
67521
67575
67578
67581
67585
67605
67613
67618
67641
67653
67660
67669
67701
67704
67704
67709
67724
67725
67728
67736
67737
67744
67752
67768
67774
67775
67786
67793
67810
67811
67823
67824
67835
67838
67854
67861
67874
67887
67889
67916
67917
67926
67940
67944
67944
67956
67966
67972
67973
67975
68001
68006
68006
68010
68033
68039
68046
68051
68052
68058
68065
68077
68113
68118
68121
68122
68142
68146
68150
68170
68198
68202
68210
68222
68224
68243
68247
68297
68309
68314
68317
68334
68355
68367
68376
68395
68422
68423
68428
68456
68464
68484
68488
68492
68500
68501
68510
68511
68524
68533
68543
68568
68574
68578
68579
68587
68591
68618
68625
68667
68688
68690
68692
68708
68708
68715
68718
68719
68720
68722
68724
68734
68742
68746
68746
68755
68759
68763
68772
68789
68823
68825
68829
68842
68849
68864
68889
68911
68973
68981
69004
69007
69009
69011
69012
69014
69028
69037
69049
69066
69097
69109
69111
69125
69125
69126
69130
69132
69137
69157
69161
69164
69230
69260
69263
69306
69320
69324
69343
69356
69372
69374
69392
69423
69430
69434
69442
69443
69449
69461
69470
69472
69473
69490
69499
69502
69505
69505
69508
69528
69538
69551
69559
69559
69567
69568
69574
69575
69576
69595
69602
69615
69621
69629
69646
69651
69651
69653
69669
69677
69678
69689
69692
69694
69694
69696
69701
69713
69733
