12
25
42
46
49
64
71
72
72
75
89
105
107
108
131
147
156
158
170
170
175
180
188
190
210
210
213
222
230
250
261
274
274
277
279
286
295
310
315
315
319
339
340
340
386
388
391
408
421
422
470
477
482
484
485
485
489
497
520
521
548
583
598
600
614
638
660
679
692
708
709
713
714
722
747
759
762
774
792
804
822
832
836
842
855
864
881
885
902
912
924
957
966
977
992
1019
1057
1066
1080
1103
1107
1110
1115
1115
1126
1126
1130
1132
1134
1135
1144
1151
1162
1173
1183
1191
1193
1193
1255
1278
1289
1298
1315
1317
1329
1333
1349
1366
1369
1379
1384
1391
1409
1425
1425
1444
1459
1462
1476
1476
1483
1496
1497
1507
1508
1518
1524
1538
1578
1611
1615
1624
1627
1644
1645
1673
1694
1715
1727
1753
1757
1767
1776
1776
1782
1785
1810
1816
1818
1832
1833
1844
1847
1853
1855
1888
1901
1903
1938
1950
1978
1986
2000
2016
2016
2024
2034
2036
2050
2051
2063
2067
2075
2078
2080
2092
2094
2113
2125
2129
2129
2144
2145
2148
2152
2156
2167
2180
2201
2206
2219
2224
2225
2239
2251
2254
2288
2289
2292
2299
2326
2331
2345
2362
2369
2375
2379
2391
2396
2402
2419
2430
2463
2490
2501
2506
2521
2525
2531
2531
2539
2556
2578
2579
2581
2586
2593
2608
2620
2622
2649
2662
2691
2708
2734
2745
2781
2783
2786
2793
2796
2843
2845
2847
2857
2863
2868
2886
2891
2904
2940
2948
2956
2980
2982
2984
2989
3005
3006
3020
3035
3049
3052
3053
3070
3076
3106
3118
3134
3138
3154
3172
3173
3209
3218
3220
3227
3231
3234
3241
3247
3275
3283
3290
3295
3299
3306
3327
3354
3359
3393
3403
3513
3515
3522
3525
3549
3550
3558
3564
3565
3592
3597
3600
3601
3604
3633
3639
3640
3667
3681
3708
3710
3725
3747
3752
3758
3769
3777
3819
3823
3824
3829
3849
3850
3862
3864
3875
3880
3895
3902
3915
3931
3939
3960
3962
3970
3996
4075
4090
4096
4132
4139
4148
4157
4160
4167
4168
4173
4179
4194
4247
4258
4272
4277
4279
4289
4291
4295
4298
4301
4312
4313
4324
4325
4331
4338
4348
4360
4373
4382
4383
4418
4427
4432
4440
4442
4446
4456
4496
4516
4523
4527
4533
4536
4544
4548
4550
4564
4565
4583
4588
4607
4633
4634
4655
4667
4669
4672
4687
4706
4708
4711
4724
4726
4732
4749
4752
4776
4789
4800
4800
4819
4828
4850
4867
4869
4892
4898
4914
4916
4923
4943
4958
4961
4964
4982
4992
4998
5002
5006
5082
5086
5095
5100
5110
5137
5141
5151
5172
5174
5196
5201
5215
5222
5223
5239
5257
5275
5286
5291
5293
5297
5303
5317
5346
5360
5368
5392
5395
5407
5429
5430
5458
5464
5477
5488
5494
5500
5538
5543
5549
5563
5564
5581
5584
5596
5608
5613
5616
5629
5663
5670
5672
5674
5693
5717
5723
5742
5747
5753
5756
5785
5791
5796
5799
5811
5821
5826
5829
5843
5847
5865
5870
5894
5914
5936
5969
5976
5981
5996
6015
6039
6039
6061
6075
6098
6100
6104
6120
6125
6130
6142
6146
6149
6152
6156
6161
6171
6172
6182
6197
6198
6219
6222
6244
6258
6277
6279
6318
6326
6338
6342
6344
6387
6405
6407
6423
6428
6444
6448
6452
6485
6485
6512
6516
6525
6540
6540
6549
6552
6557
6588
6590
6604
6611
6614
6625
6631
6699
6700
6701
6709
6750
6795
6798
6804
6831
6854
6866
6873
6891
6895
6909
6917
6931
6948
6951
6995
7011
7034
7042
7046
7058
7060
7075
7102
7109
7111
7112
7129
7134
7134
7135
7144
7149
7149
7156
7159
7194
7214
7217
7229
7236
7258
7270
7272
7274
7288
7291
7358
7360
7372
7383
7396
7411
7412
7421
7423
7430
7507
7529
7567
7573
7589
7615
7617
7618
7654
7664
7669
7675
7680
7684
7687
7696
7709
7709
7711
7734
7773
7784
7828
7836
7851
7897
7903
7917
7921
7924
7932
7940
7944
7945
7958
7967
7976
7989
8010
8016
8018
8018
8041
8057
8068
8080
8103
8107
8117
8154
8157
8250
8256
8275
8275
8282
8294
8294
8294
8308
8322
8355
8357
8359
8366
8367
8383
8386
8417
8448
8455
8457
8473
8484
8498
8502
8506
8511
8518
8518
8523
8532
8538
8551
8575
8583
8589
8590
8602
8609
8613
8615
8632
8638
8644
8645
8651
8656
8658
8666
8699
8713
8727
8737
8742
8746
8759
8772
8776
8779
8799
8880
8883
8910
8917
8918
8923
8930
8933
8955
8962
8963
8964
8972
8974
8979
8990
8992
8994
9006
9008
9008
9019
9023
9040
9054
9090
9105
9110
9128
9137
9140
9162
9164
9170
9193
9211
9220
9221
9224
9245
9273
9278
9281
9282
9286
9289
9291
9313
9321
9327
9354
9359
9367
9396
9411
9419
9453
9459
9468
9476
9488
9490
9502
9506
9543
9545
9552
9555
9559
9566
9603
9610
9650
9663
9664
9691
9694
9699
9713
9716
9729
9748
9753
9757
9773
9777
9804
9846
9851
9874
9897
9900
9933
9935
9949
9949
9951
9954
9962
9962
9997
10016
10027
10038
10044
10047
10050
10091
10094
10105
10109
10110
10152
10173
10175
10197
10208
10230
10234
10275
10284
10297
10307
10316
10327
10333
10341
10358
10361
10391
10406
10430
10432
10464
10469
10475
10479
10481
10500
10517
10523
10535
10551
10575
10595
10619
10620
10638
10667
10667
10673
10678
10707
10717
10722
10725
10744
10755
10761
10791
10815
10831
10832
10837
10841
10853
10854
10859
10864
10869
10879
10887
10888
10937
10948
10952
10965
10979
11026
11039
11057
11075
11077
11080
11092
11101
11111
11115
11118
11118
11143
11153
11164
11169
11195
11203
11215
11227
11228
11237
11254
11287
11330
11338
11340
11343
11354
11355
11356
11378
11383
11399
11402
11408
11421
11441
11452
11461
11471
11479
11480
11513
11529
11544
11551
11552
11573
11600
11607
11609
11624
11639
11645
11647
11684
11684
11688
11690
11700
11701
11708
11722
11722
11731
11735
11748
11748
11756
11767
11769
11783
11796
11796
11813
11822
11831
11862
11882
11919
11924
11926
11940
11945
11959
11962
11995
11997
12005
12007
12032
12042
12048
12057
12073
12083
12087
12107
12145
12153
12153
12154
12158
12165
12203
12217
12228
12275
12310
12314
12332
12340
12342
12348
12359
12375
12376
12385
12391
12396
12401
12417
12439
12482
12497
12499
12510
12536
12544
12568
12585
12609
12610
12611
12612
12626
12652
12653
12657
12658
12665
12668
12671
12671
12674
12678
12700
12718
12747
12748
12761
12805
12805
12813
12813
12819
12830
12839
12853
12864
12884
12953
12962
12972
12996
13006
13013
13027
13045
13052
13078
13088
13088
13098
13105
13133
13142
13143
13171
13174
13223
13233
13250
13252
13262
13262
13267
13271
13272
13291
13303
13308
13325
13332
13366
13374
13399
13400
13404
13419
13440
13444
13460
13468
13483
13492
13504
13517
13569
13594
13611
13613
13615
13619
13624
13631
13636
13648
13668
13673
13692
13715
13719
13726
13732
13733
13741
13762
13763
13782
13805
13813
13848
13856
13869
13874
13937
13941
13959
13970
13981
13984
14001
14007
14028
14032
14037
14050
14052
14075
14097
14117
14118
14119
14122
14127
14134
14185
14186
14187
14188
14190
14218
14231
14233
14241
14244
14267
14287
14297
14310
14311
14323
14340
14345
14347
14353
14353
14362
14364
14369
14383
14389
14401
14416
14421
14459
14462
14467
14481
14516
14517
14526
14550
14556
14558
14563
14564
14585
14625
14628
14629
14646
14652
14662
14663
14665
14682
14685
14706
14709
14712
14722
14727
14748
14760
14767
14770
14770
14778
14780
14784
14789
14805
14807
14809
14817
14834
14840
14850
14853
14862
14871
14888
14889
14907
14911
14915
14918
14924
14925
14948
14949
14959
14990
14997
15001
15006
15017
15032
15043
15053
15061
15071
15087
15089
15104
15107
15113
15162
15162
15162
15162
15164
15183
15194
15196
15205
15220
15284
15299
15305
15314
15350
15353
15368
15376
15380
15380
15392
15427
15438
15440
15449
15458
15469
15505
15505
15519
15524
15531
15532
15537
15545
15549
15550
15556
15566
15576
15579
15581
15582
15605
15611
15626
15633
15679
15679
15691
15692
15695
15724
15737
15746
15757
15772
15784
15789
15808
15822
15844
15858
15862
15871
15880
15880
15882
15888
15896
15904
15905
15914
15933
15947
15948
15961
15966
15981
16002
16024
16041
16049
16072
16074
16107
16112
16132
16146
16150
16150
16166
16169
16183
16186
16189
16197
16209
16214
16215
16225
16239
16243
16254
16281
16289
16315
16319
16335
16339
16340
16346
16387
16396
16406
16412
16425
16440
16465
16492
16494
16513
16525
16527
16546
16547
16552
16552
16560
16566
16584
16597
16604
16612
16624
16631
16634
16648
16663
16672
16707
16715
16716
16730
16735
16747
16749
16792
16816
16838
16870
16871
16886
16899
16904
16908
16940
16953
16972
16974
16985
17008
17009
17020
17061
17069
17088
17109
17124
17138
17139
17155
17172
17187
17203
17216
17247
17261
17273
17276
17295
17311
17328
17331
17344
17345
17353
17363
17373
17397
17419
17455
17463
17473
17476
17506
17529
17531
17532
17563
17565
17568
17576
17578
17585
17594
17600
17601
17611
17640
17656
17677
17704
17720
17730
17739
17782
17811
17815
17837
17841
17841
17848
17856
17861
17863
17872
17873
17874
17874
17893
17905
17929
17937
17957
17988
17991
18001
18013
18015
18044
18050
18058
18071
18090
18094
18108
18109
18112
18139
18182
18196
18206
18213
18219
18219
18227
18227
18233
18238
18260
18261
18262
18265
18283
18312
18321
18328
18331
18365
18400
18417
18423
18433
18435
18447
18447
18474
18484
18518
18540
18548
18584
18612
18615
18626
18645
18647
18647
18654
18659
18662
18684
18693
18698
18699
18713
18746
18761
18765
18791
18807
18823
18834
18840
18863
18883
18889
18901
18941
18948
18955
18989
19007
19024
19039
19041
19048
19069
19074
19093
19108
19109
19117
19131
19171
19179
19188
19191
19192
19226
19234
19249
19268
19272
19297
19315
19323
19328
19367
19375
19382
19390
19392
19396
19401
19415
19426
19429
19479
19498
19501
19532
19561
19571
19594
19601
19616
19617
19621
19630
19639
19641
19663
19681
19691
19693
19755
19759
19762
19773
19789
19811
19817
19822
19824
19834
19891
19907
19907
19931
19996
20002
20016
20028
20031
20039
20051
20071
20074
20161
20167
20181
20184
20192
20194
20199
20202
20211
20224
20228
20267
20281
20285
20287
20290
20291
20292
20301
20315
20359
20379
20399
20417
20430
20463
20485
20497
20505
20512
20523
20535
20536
20537
20540
20571
20575
20604
20623
20679
20683
20699
20706
20732
20750
20758
20782
20828
20861
20863
20866
20877
20881
20886
20887
20888
20908
20917
20919
20923
20933
20935
20943
20971
20978
20989
20995
21030
21046
21062
21098
21103
21108
21117
21140
21184
21184
21195
21209
21216
21218
21228
21229
21240
21245
21249
21255
21273
21295
21295
21299
21307
21315
21323
21326
21327
21346
21351
21351
21371
21398
21400
21404
21405
21413
21416
21417
21428
21439
21442
21449
21454
21458
21493
21520
21530
21530
21549
21561
21562
21580
21581
21600
21621
21627
21629
21640
21649
21650
21657
21657
21667
21670
21671
21673
21676
21680
21686
21687
21696
21696
21703
21705
21711
21754
21799
21800
21814
21825
21852
21857
21873
21873
21893
21901
21902
21906
21970
21998
22005
22014
22025
22025
22075
22079
22104
22147
22148
22163
22247
22262
22268
22283
22287
22329
22341
22341
22347
22419
22425
22434
22443
22462
22488
22502
22516
22516
22520
22537
22538
22549
22581
22588
22592
22596
22598
22605
22607
22613
22623
22630
22646
22649
22651
22662
22669
22679
22700
22701
22720
22764
22765
22793
22809
22841
22878
22903
22906
22918
22938
22942
22969
22980
22985
22988
23004
23004
23010
23010
23014
23017
23045
23065
23068
23068
23068
23072
23159
23161
23166
23167
23202
23227
23227
23248
23263
23293
23356
23437
23438
23464
23505
23505
23511
23522
23524
23545
23550
23557
23568
23581
23594
23613
23616
23687
23709
23713
23720
23748
23757
23787
23789
23800
23826
23826
23838
23894
23903
23906
23907
23917
23919
23938
23946
23950
23971
23974
24023
24031
24039
24051
24072
24080
24080
24114
24117
24119
24120
24154
24159
24163
24172
24174
24238
24247
24253
24261
24262
24283
24293
24293
24304
24348
24369
24372
24390
24400
24401
24405
24422
24422
24428
24466
24478
24495
24497
24527
24530
24550
24563
24570
24585
24590
24608
24608
24619
24651
24667
24670
24677
24712
24739
24743
24749
24760
24783
24808
24815
24822
24856
24868
24877
24929
24934
24935
24935
24940
24955
24984
24986
24990
24991
24993
25011
25011
25011
25028
25033
25058
25069
25072
25077
25124
25134
25140
25143
25178
25184
25192
25233
25241
25250
25269
25306
25310
25324
25324
25343
25351
25367
25380
25390
25391
25404
25405
25413
25417
25428
25445
25466
25466
25466
25481
25496
25499
25507
25518
25521
25523
25526
25531
25532
25540
25540
25568
25568
25570
25588
25597
25599
25630
25634
25642
25663
25673
25691
25704
25705
25717
25746
25750
25758
25761
25766
25776
25808
25809
25811
25811
25814
25834
25838
25839
25861
25864
25864
25865
25892
25901
25903
25909
25921
25939
25967
25968
25971
25980
25983
25986
25994
25999
26010
26014
26026
26030
26047
26068
26077
26108
26113
26115
26118
26126
26131
26147
26162
26196
26206
26216
26220
26220
26236
26266
26269
26271
26277
26285
26306
26311
26351
26357
26394
26400
26414
26419
26429
26461
26466
26469
26472
26479
26489
26495
26495
26496
26530
26532
26539
26545
26545
26548
26548
26556
26563
26579
26586
26589
26600
26611
26615
26629
26631
26631
26646
26683
26692
26695
26697
26698
26721
26723
26725
26727
26728
26729
26740
26759
26796
26803
26805
26873
26875
26895
26904
26929
26942
26960
26979
26998
27004
27005
27006
27010
27013
27019
27038
27040
27078
27082
27087
27093
27125
27125
27132
27134
27134
27142
27153
27204
27206
27243
27248
27271
27284
27306
27312
27343
27354
27390
27393
27418
27420
27427
27428
27442
27451
27457
27474
27478
27487
27491
27508
27525
27526
27534
27537
27552
27554
27556
27581
27598
27602
27605
27650
27675
27689
27710
27715
27717
27726
27752
27772
27774
27777
27779
27781
27786
27790
27796
27800
27815
27825
27830
27833
27835
27846
27879
27882
27896
27907
27915
27932
27934
28005
28016
28018
28021
28021
28038
28039
28048
28056
28066
28106
28160
28161
28181
28190
28211
28255
28256
28260
28264
28270
28280
28282
28321
28327
28334
28334
28362
28398
28407
28452
28453
28471
28479
28493
28499
28500
28518
28535
28551
28601
28618
28634
28638
28639
28647
28652
28664
28665
28679
28682
28690
28694
28698
28703
28704
28717
28719
28754
28761
28765
28767
28776
28785
28790
28792
28798
28813
28817
28818
28844
28845
28849
28878
28885
28888
28893
28910
28913
28918
28944
28954
28957
28959
28966
29019
29062
29063
29078
29080
29091
29099
29119
29128
29152
29155
29174
29175
29182
29197
29231
29235
29240
29257
29282
29286
29296
29297
29316
29319
29321
29330
29335
29359
29375
29378
29391
29396
29433
29438
29448
29449
29461
29464
29469
29502
29505
29510
29513
29518
29524
29535
29556
29560
29574
29581
29587
29591
29613
29613
29621
29640
29661
29676
29690
29692
29696
29710
29717
29737
29743
29743
29746
29748
29751
29752
29779
29794
29797
29808
29816
29847
29868
29876
29882
29904
29906
29936
29940
29952
29959
29959
29960
29962
29977
29983
29998
29999
30022
30043
30053
30058
30071
30076
30099
30109
30126
30127
30137
30179
30180
30200
30206
30207
30227
30227
30246
30255
30272
30273
30276
30285
30314
30316
30335
30337
30342
30350
30390
30398
30403
30431
30434
30439
30489
30493
30496
30501
30518
30535
30537
30543
30546
30547
30555
30561
30572
30576
30582
30600
30621
30650
30666
30684
30756
30771
30778
30788
30808
30833
30839
30842
30858
30919
30931
30938
30941
30945
30948
30965
30969
30995
31035
31040
31056
31065
31076
31076
31114
31124
31155
31160
31165
31176
31184
31224
31236
31252
31256
31261
31291
31292
31297
31302
31356
31368
31385
31406
31409
31411
31431
31435
31441
31472
31474
31482
31488
31507
31522
31542
31543
31553
31583
31594
31598
31646
31662
31670
31720
31734
31744
31745
31790
31801
31818
31857
31860
31861
31875
31894
31896
31904
31910
31913
31918
31931
31935
31937
31939
31956
31997
32014
32015
32036
32036
32036
32046
32053
32066
32074
32100
32100
32101
32138
32150
32166
32172
32178
32208
32217
32219
32231
32242
32259
32274
32275
32293
32311
32317
32323
32350
32350
32366
32417
32418
32419
32451
32455
32477
32483
32483
32500
32534
32540
32567
32569
32570
32577
32588
32615
32616
32621
32624
32628
32648
32700
32718
32735
32742
32742
32766
32767
32793
32797
32798
32834
32840
32847
32864
32890
32901
32949
32958
32960
32979
32986
32994
33009
33012
33023
33029
33037
33041
33062
33070
33074
33087
33088
33109
33112
33118
33127
33156
33157
33174
33189
33194
33205
33205
33223
33236
33237
33240
33258
33269
33271
33298
33300
33327
33328
33329
33335
33343
33353
33357
33371
33391
33391
33398
33415
33419
33453
33456
33465
33487
33516
33528
33534
33554
33576
33593
33601
33602
33605
33616
33618
33630
33637
33655
33656
33661
33679
33702
33711
33715
33720
33725
33735
33742
33745
33750
33756
33763
33768
33791
33805
33808
33815
33822
33875
33892
33904
33945
33963
33981
33985
34022
34067
34075
34078
34085
34086
34091
34096
34105
34119
34140
34149
34153
34161
34165
34175
34207
34212
34224
34230
34262
34264
34270
34294
34300
34300
34349
34394
34395
34428
34438
34440
34445
34447
34470
34484
34501
34518
34519
34590
34594
34601
34611
34663
34667
34671
34684
34689
34700
34712
34720
34726
34727
34764
34767
34770
34774
34774
34784
34785
34789
34791
34800
34817
34828
34850
34858
34859
34860
34895
34908
34915
34918
34922
34945
34955
34972
34984
34992
34999
35001
35005
35007
35031
35047
35056
35059
35064
35079
35098
35103
35109
35113
35133
35133
35134
35135
35140
35146
35165
35174
35196
35221
35234
35236
35243
35265
35278
35283
35294
35306
35312
35319
35320
35333
35343
35391
35443
35498
35514
35514
35521
35525
35534
35541
35559
35574
35580
35584
35588
35592
35606
35631
35642
35655
35658
35700
35707
35707
35732
35747
35768
35806
35821
35852
35855
35861
35862
35883
35905
35934
35937
35947
35975
35977
36001
36039
36059
36063
36064
36072
36093
36093
36100
36145
36153
36167
36178
36186
36193
36198
36214
36220
36231
36275
36276
36302
36310
36322
36343
36360
36366
36380
36415
36422
36422
36436
36463
36482
36495
36502
36506
36515
36522
36525
36527
36545
36567
36575
36576
36615
36639
36639
36645
36690
36710
36712
36715
36733
36742
36771
36805
36814
36818
36840
36849
36849
36864
36867
36870
36879
36897
36910
36912
36922
36929
36948
36959
36976
36989
36993
37005
37007
37009
37011
37012
37014
37021
37021
37021
37033
37038
37052
37058
37063
37080
37092
37107
37112
37115
37146
37156
37163
37167
37179
37212
37233
37242
37259
37261
37285
37289
37295
37301
37306
37313
37327
37330
37405
37456
37460
37473
37483
37483
37500
37522
37531
37533
37545
37569
37577
37579
37582
37584
37589
37624
37679
37683
37704
37714
37715
37720
37720
37741
37743
37746
37747
37756
37759
37762
37767
37768
37782
37791
37793
37796
37807
37819
37834
37837
37869
37880
37884
37888
37923
37959
37962
37962
37968
37980
38010
38027
38029
38037
38038
38055
38056
38058
38071
38090
38097
38104
38108
38116
38142
38160
38165
38166
38166
38169
38187
38193
38225
38226
38228
38239
38249
38266
38268
38279
38346
38349
38354
38369
38375
38381
38393
38422
38429
38432
38479
38482
38498
38521
38527
38532
38538
38540
38545
38559
38568
38576
38578
38592
38600
38600
38613
38620
38622
38646
38692
38718
38745
38745
38763
38768
38786
38791
38853
38859
38861
38867
38872
38882
38882
38890
38893
38899
38915
38916
38919
38931
38944
38950
38955
38969
38970
38973
38995
39002
39057
39073
39115
39118
39124
39151
39163
39164
39175
39192
39194
39201
39234
39239
39243
39255
39273
39286
39290
39307
39316
39322
39331
39343
39361
39367
39377
39396
39418
39419
39437
39440
39448
39452
39465
39468
39470
39494
39541
39547
39553
39553
39555
39579
39580
39593
39618
39640
39645
39692
39697
39703
39715
39715
39718
39741
39798
39817
39843
39878
39904
39931
39933
39942
39970
39974
39975
39983
39999
40002
40005
40011
40040
40050
40051
40052
40053
40063
40068
40083
40088
40089
40102
40104
40106
40116
40152
40187
40193
40226
40231
40242
40243
40244
40277
40277
40316
40321
40333
40338
40344
40354
40361
40361
40373
40377
40391
40407
40409
40414
40420
40428
40442
40462
40499
40512
40568
40587
40597
40598
40608
40664
40664
40680
40716
40774
40779
40785
40799
40800
40847
40852
40855
40885
40910
40916
40920
40928
40994
41008
41016
41023
41028
41061
41127
41134
41157
41157
41163
41189
41218
41221
41228
41231
41243
41246
41264
41277
41305
41313
41335
41379
41399
41405
41433
41445
41448
41450
41456
41480
41504
41506
41517
41526
41531
41532
41532
41535
41570
41588
41593
41602
41606
41651
41659
41660
41670
41693
41693
41696
41712
41720
41744
41762
41773
41791
41824
41845
41855
41858
41866
41869
41888
41889
41893
41902
41904
41908
41925
41935
41936
41968
41977
42010
42013
42039
42040
42041
42080
42087
42088
42101
42103
42108
42130
42135
42141
42174
42174
42176
42179
42186
42187
42193
42206
42213
42221
42227
42231
42235
42252
42257
42283
42342
42366
42367
42384
42389
42405
42406
42408
42409
42424
42426
42433
42441
42456
42477
42483
42495
42497
42498
42519
42534
42544
42555
42580
42592
42603
42655
42657
42665
42668
42672
42681
42685
42691
42699
42710
42739
42748
42767
42789
42810
42811
42814
42819
42838
42843
42874
42885
42890
42910
42925
42927
42946
42968
42981
42982
42985
42995
43006
43017
43019
43025
43027
43034
43062
43077
43087
43090
43118
43123
43139
43156
43158
43167
43183
43199
43241
43248
43254
43267
43274
43288
43299
43312
43316
43325
43346
43355
43358
43360
43361
43363
43366
43381
43434
43447
43456
43461
43468
43510
43537
43561
43574
43607
43614
43632
43687
43689
43692
43701
43703
43779
43784
43792
43811
43814
43817
43818
43833
43852
43862
43863
43881
43917
43924
43940
43941
43956
43956
44016
44028
44029
44032
44035
44047
44050
44066
44075
44078
44095
44115
44118
44124
44139
44144
44173
44193
44197
44235
44244
44252
44255
44265
44272
44321
44333
44346
44367
44386
44387
44411
44426
44430
44453
44464
44497
44500
44503
44510
44517
44537
44540
44571
44594
44615
44634
44639
44671
44676
44677
44685
44688
44693
44695
44696
44725
44731
44736
44759
44760
44782
44789
44807
44830
44833
44835
44848
44858
44862
44887
44888
44927
44933
44956
44974
44997
44998
45004
45027
45063
45070
45074
45085
45113
45118
45119
45133
45137
45144
45171
45175
45188
45192
45195
45201
45233
45280
45287
45288
45289
45299
45307
45316
45317
45327
45335
45348
45350
45359
45372
45401
45415
45430
45439
45494
45504
45510
45530
45547
45553
45560
45574
45577
45592
45599
45599
45606
45610
45630
45649
45651
45681
45694
45708
45713
45718
45718
45722
45731
45763
45765
45791
45810
45823
45849
45874
45880
45886
45899
45904
45907
45914
45918
45924
45925
45947
45957
46010
46037
46040
46063
46087
46093
46114
46132
46135
46184
46187
46188
46201
46204
46205
46217
46224
46226
46229
46233
46234
46235
46250
46252
46269
46286
46292
46321
46330
46341
46346
46381
46393
46393
46402
46403
46408
46418
46421
46431
46439
46452
46453
46459
46493
46499
46514
46544
46567
46581
46595
46604
46615
46624
46647
46659
46690
46697
46706
46713
46754
46766
46767
46777
46777
46793
46796
46805
46809
46809
46820
46825
46833
46858
46859
46879
46882
46912
46913
46914
46927
46927
46937
46945
46946
46957
46962
46963
46986
46987
46999
47014
47015
47025
47028
47037
47048
47048
47068
47069
47087
47094
47113
47116
47128
47133
47147
47152
47157
47186
47187
47188
47189
47192
47197
47215
47229
47248
47252
47257
47258
47259
47281
47306
47310
47338
47343
47349
47366
47390
47429
47439
47490
47501
47520
47521
47523
47533
47556
47569
47627
47633
47636
47641
47694
47703
47723
47728
47733
47741
47743
47743
47745
47763
47768
47806
47816
47821
47831
47832
47835
47840
47842
47844
47846
47859
47885
47886
47887
47888
47891
47903
47906
47929
47933
47956
47972
47974
47989
48009
48025
48048
48082
48100
48100
48111
48116
48117
48125
48141
48143
48147
48149
48155
48156
48174
48178
48203
48205
48206
48207
48220
48238
48241
48244
48263
48263
48270
48272
48273
48280
48293
48305
48316
48324
48341
48344
48355
48359
48363
48385
48388
48395
48442
48447
48447
48451
48457
48465
48466
48480
48482
48485
48488
48494
48497
48503
48516
48525
48539
48544
48573
48585
48586
48587
48594
48601
48606
48612
48617
48670
48671
48687
48709
48718
48724
48726
48730
48730
48753
48783
48792
48807
48809
48810
48827
48840
48843
48844
48857
48875
48879
48883
48884
48888
48893
48893
48900
48905
48931
48937
48939
48972
48976
48977
49010
49017
49037
49053
49054
49082
49100
49119
49163
49176
49187
49197
49213
49229
49230
49245
49253
49255
49272
49275
49306
49319
49326
49345
49349
49396
49411
49443
49455
49456
49463
49468
49474
49479
49489
49495
49503
49522
49525
49548
49564
49595
49601
49645
49648
49648
49648
49659
49661
49663
49681
49690
49693
49703
49703
49716
49723
49735
49749
49756
49799
49805
49808
49831
49850
49876
49882
49887
49897
49898
49915
49946
49949
49975
49986
49999
50003
50008
50020
50022
50029
50060
50099
50121
50161
50206
50209
50209
50257
50257
50277
50293
50309
50313
50329
50330
50332
50338
50352
50360
50367
50371
50377
50377
50393
50397
50428
50442
50456
50458
50484
50547
50554
50554
50581
50587
50594
50602
50624
50649
50669
50672
50705
50710
50711
50721
50733
50750
50776
50793
50796
50804
50806
50811
50816
50824
50867
50872
50881
50894
50897
50904
50928
50931
50932
50963
50970
50975
50999
51002
51008
51009
51013
51013
51045
51054
51065
51067
51087
51087
51128
51138
51147
51149
51176
51191
51212
51251
51275
51278
51302
51305
51305
51316
51333
51336
51338
51341
51344
51345
51365
51367
51378
51431
51448
51449
51461
51471
51476
51484
51495
51510
51544
51545
51548
51549
51560
51580
51601
51603
51649
51670
51685
51689
51689
51695
51713
51714
51735
51736
51750
51754
51794
51795
51796
51810
51842
51849
51860
51872
51896
51902
51916
51926
51928
51929
51946
51992
52001
52010
52012
52033
52055
52058
52067
52070
52087
52091
52109
52116
52119
52128
52131
52133
52140
52140
52155
52158
52178
52184
52221
52227
52233
52248
52253
52268
52268
52271
52272
52308
52312
52313
52321
52397
52403
52405
52414
52417
52419
52439
52446
52454
52458
52471
52492
52495
52497
52516
52538
52556
52576
52578
52579
52585
52587
52602
52611
52615
52624
52636
52649
52653
52657
52685
52709
52710
52716
52754
52775
52782
52788
52794
52797
52802
52824
52825
52838
52849
52854
52859
52887
52918
52922
52929
52935
52936
52940
52944
52960
52965
52987
52994
53007
53012
53023
53028
53049
53084
53088
53091
53106
53121
53146
53159
53185
53202
53210
53224
53228
53246
53274
53278
53292
53294
53306
53318
53329
53341
53342
53346
53346
53350
53382
53383
53384
53390
53398
53404
53406
53435
53459
53467
53471
53474
53475
53488
53496
53498
53502
53510
53517
53604
53621
53638
53645
53663
53684
53694
53696
53739
53740
53747
53765
53773
53785
53814
53816
53826
53833
53841
53849
53883
53894
53902
53905
53913
53914
53929
53932
53940
53962
53966
53969
53990
54004
54023
54036
54092
54125
54131
54147
54164
54180
54190
54190
54199
54202
54208
54228
54237
54238
54261
54264
54267
54270
54271
54277
54285
54286
54295
54295
54346
54357
54360
54380
54424
54442
54462
54471
54487
54493
54528
54529
54531
54546
54563
54580
54602
54603
54613
54629
54630
54637
54651
54658
54674
54675
54680
54698
54706
54711
54716
54749
54750
54756
54773
54799
54837
54846
54873
54876
54883
54889
54903
54913
54914
54920
54920
54943
54971
55004
55011
55011
55017
55038
55045
55075
55099
55100
55133
55137
55151
55173
55182
55182
55192
55207
55210
55221
55226
55230
55250
55252
55259
55263
55265
55266
55284
55287
55305
55314
55335
55343
55370
55401
55404
55405
55421
55432
55433
55440
55456
55457
55485
55507
55526
55528
55535
55541
55565
55567
55576
55598
55617
55629
55635
55642
55645
55650
55661
55681
55685
55703
55706
55731
55735
55767
55792
55799
55812
55816
55829
55832
55843
55863
55875
55911
55972
55983
55995
56026
56030
56047
56056
56060
56074
56092
56111
56125
56155
56184
56185
56186
56187
56190
56214
56215
56217
56224
56228
56229
56230
56234
56267
56285
56289
56289
56293
56320
56321
56338
56366
56367
56380
56381
56382
56384
56390
56394
56396
56406
56434
56439
56473
56511
56512
56544
56567
56577
56593
56599
56610
56614
56617
56622
56632
56641
56645
56648
56676
56679
56690
56712
56745
56765
56786
56793
56799
56800
56804
56821
56830
56881
56890
56910
56923
56928
56938
56947
56947
56956
56966
56973
56997
57011
57017
57035
57042
57047
57054
57075
57083
57098
57110
57111
57115
57148
57153
57158
57159
57162
57167
57181
57184
57185
57186
57206
57218
57223
57226
57237
57239
57250
57258
57302
57324
57340
57358
57358
57361
57370
57373
57378
57378
57407
57427
57444
57452
57467
57475
57487
57514
57534
57554
57557
57569
57574
57588
57593
57597
57607
57614
57614
57645
57645
57656
57677
57689
57694
57697
57709
57713
57723
57733
57764
57770
57780
57790
57791
57793
57794
57795
57796
57805
57806
57806
57816
57837
57863
57869
57869
57896
57906
57908
57922
57939
57948
57971
57987
57990
58004
58011
58024
58024
58065
58071
58087
58122
58127
58137
58137
58139
58149
58162
58169
58185
58205
58206
58225
58228
58231
58233
58257
58277
58284
58303
58330
58372
58381
58389
58394
58396
58397
58417
58423
58437
58439
58443
58451
58457
58465
58486
58490
58494
58495
58502
58505
58511
58532
58532
58555
58566
58567
58569
58578
58582
58585
58617
58623
58633
58633
58634
58658
58683
58684
58704
58708
58721
58728
58755
58773
58786
58787
58803
58809
58810
58852
58859
58860
58876
58879
58886
58889
58889
58894
58930
58942
58946
58946
58953
58964
58979
58981
59040
59040
59043
59062
59068
59098
59105
59111
59117
59118
59131
59138
59149
59159
59163
59163
59166
59175
59194
59204
59221
59225
59278
59287
59290
59291
59319
59328
59336
59356
59373
59380
59403
59430
59431
59435
59441
59444
59446
59453
59466
59500
59525
59530
59537
59553
59553
59557
59564
59566
59584
59585
59673
59699
59707
59722
59727
59738
59751
59759
59786
59798
59807
59810
59825
59841
59844
59850
59850
59873
59878
59898
59914
59915
59925
59927
59936
59942
59945
60012
60015
60018
60036
60043
60045
60053
60068
60083
60117
60126
60130
60132
60149
60164
60180
60183
60197
60210
60213
60216
60233
60235
60268
60269
60295
60300
60306
60344
60351
60379
60384
60385
60400
60404
60409
60430
60448
60471
60484
60492
60504
60504
60525
60528
60538
60547
60565
60582
60603
60621
60624
60632
60647
60657
60668
60680
60687
60697
60697
60699
60711
60739
60747
60747
60759
60760
60781
60786
60798
60801
60806
60822
60848
60864
60875
60877
60888
60892
60894
60895
60914
60916
60928
60928
60981
60983
60992
61015
61028
61032
61047
61054
61109
61120
61137
61139
61151
61168
61182
61184
61199
61205
61207
61223
61247
61272
61273
61296
61299
61302
61343
61361
61373
61374
61383
61411
61444
61450
61459
61460
61473
61496
61499
61501
61506
61512
61527
61548
61558
61572
61579
61611
61612
61612
61616
61621
61625
61630
61634
61663
61678
61690
61703
61722
61729
61751
61751
61752
61772
61778
61788
61810
61831
61831
61832
61843
61859
61861
61868
61914
61919
61933
61937
61938
61947
61949
61959
61973
61995
62016
62047
62090
62105
62119
62122
62125
62133
62136
62143
62178
62200
62216
62232
62241
62304
62306
62311
62322
62324
62331
62332
62351
62355
62357
62364
62364
62370
62371
62374
62377
62384
62422
62422
62426
62442
62457
62461
62462
62469
62485
62499
62516
62520
62521
62532
62533
62566
62567
62584
62613
62620
62627
62645
62662
62663
62668
62678
62702
62709
62718
62738
62756
62758
62758
62783
62799
62824
62837
62839
62842
62859
62895
62914
62917
62919
62922
62933
62954
62962
62979
62985
62999
63012
63022
63027
63035
63070
63079
63091
63099
63113
63118
63121
63154
63156
63160
63161
63161
63177
63185
63198
63199
63224
63235
63248
63253
63254
63263
63278
63279
63287
63315
63320
63322
63333
63340
63347
63347
63350
63351
63360
63364
63381
63385
63392
63395
63409
63420
63431
63451
63458
63458
63466
63474
63494
63522
63584
63587
63592
63594
63599
63608
63621
63623
63707
63715
63727
63745
63769
63781
63786
63798
63801
63819
63831
63835
63839
63840
63851
63855
63863
63868
63870
63879
63919
63932
63934
63943
63943
64016
64025
64028
64032
64053
64092
64096
64096
64115
64121
64125
64126
64144
64165
64210
64212
64222
64227
64241
64242
64289
64291
64325
64330
64334
64346
64372
64381
64384
64385
64401
64406
64443
64443
64451
64471
64492
64498
64500
64510
64529
64571
64605
64619
64622
64642
64663
64677
64701
64719
64722
64739
64743
64745
64751
64758
64778
64801
64819
64822
64830
64831
64835
64838
64845
64847
64858
64888
64893
64901
64901
64915
64921
64927
64935
65002
65035
65040
65045
65068
65069
65081
65120
65144
65147
65175
65183
65188
65190
65196
65196
65208
65237
65239
65259
65284
65286
65291
65292
65331
65393
65393
65407
65431
65445
65469
65491
65499
65504
65505
65535
65549
65554
65563
65568
65592
65597
65607
65632
65667
65692
65696
65700
65704
65711
65715
65715
65716
65725
65731
65750
65750
65754
65768
65772
65775
65791
65791
65814
65815
65833
65849
65853
65854
65867
65868
65876
65883
65893
65899
65900
65911
65913
65930
65935
65937
65945
65957
65960
65968
66009
66031
66032
66075
66079
66089
66093
66106
66115
66135
66168
66178
66187
66200
66229
66238
66241
66255
66259
66259
66264
66276
66288
66295
66299
66305
66320
66326
66335
66358
66360
66375
66386
66387
66391
66396
66416
66416
66429
66437
66450
66470
66472
66488
66492
66500
66505
66524
66541
66555
66562
66570
66571
66590
66602
66605
66605
66612
66619
66639
66642
66648
66655
66666
66704
66708
66723
66727
66730
66783
66793
66810
66822
66854
66860
66860
66867
66887
66890
66909
66930
66937
66955
66970
66979
66987
66994
67000
67039
67039
67052
67058
67066
67106
67112
67138
67149
67167
67171
67181
67186
67190
67207
67211
67230
67242
67243
67261
67263
67268
67274
67278
67301
67303
67318
67320
67329
67334
67335
67376
67391
67394
67408
67414
67415
67424
67438
67439
67453
67455
67457
67461
67461
67478
67502
67506
67553
67575
67575
67592
67593
67602
67611
67622
67625
67628
67639
67667
67667
67672
67676
67682
67694
67706
67752
67777
67787
67790
67811
67821
67830
67857
67860
67861
67861
67889
67897
67901
67904
67909
67926
67928
67936
67941
67952
67956
67980
67985
67991
68005
68019
68024
68050
68068
68077
68091
68113
68115
68154
68154
68161
68174
68187
68187
68189
68200
68210
68215
68217
68221
68224
68244
68254
68292
68304
68356
68379
68384
68395
68407
68440
68463
68466
68475
68487
68501
68539
68543
68569
68575
68587
68589
68610
68645
68652
68668
68677
68731
68736
68742
68745
68754
68765
68779
68779
68803
68808
68810
68828
68848
68852
68859
68874
68880
68903
68921
68928
68934
68946
68962
68963
68968
68971
68991
69000
69002
69017
69022
69039
69049
69049
69063
69064
69076
69079
69087
69121
69135
69160
69163
69165
69165
69166
69170
69172
69198
69204
69248
69272
69280
69304
69320
69320
69328
69328
69334
69359
69362
69373
69373
69381
69390
69393
69419
69462
69475
69477
69488
69496
69500
69506
69513
69528
69530
69539
69562
69580
69628
69632
69645
69657
69662
69673
69682
69693
69697
69720
