20
24
191
237
239
307
398
426
477
492
500
737
834
836
853
858
883
884
910
919
978
1039
1112
1114
1144
1227
1361
1383
1400
1446
1518
1598
1688
1704
1712
1735
1747
1769
1801
1816
1817
1829
1833
1905
1913
1986
2163
2164
2218
2256
2370
2479
2580
2622
2642
2682
2688
2721
2814
2937
3019
3070
3092
3118
3166
3200
3233
3246
3252
3266
3314
3388
3546
3636
3741
3803
3893
3907
4000
4107
4114
4207
4214
4247
4457
4495
4507
4637
4762
4857
5010
5015
5048
5078
5119
5128
5169
5170
5250
5258
5308
5327
5331
5343
5361
5483
5778
5859
5974
6005
6062
6119
6155
6300
6325
6524
6533
6544
6572
6636
6679
6734
6882
6897
6929
6966
6968
7018
7023
7068
7177
7369
7413
7420
7446
7456
7497
7506
7605
7616
7637
7642
7666
7869
8084
8125
8125
8134
8269
8290
8300
8329
8375
8490
8641
8660
8697
8721
8796
8796
8815
8932
8991
9115
9149
9175
9206
9278
9397
9432
9556
9671
9712
9716
9766
9782
10047
10082
10089
10113
10172
10184
10197
10200
10232
10292
10336
10368
10387
10388
10398
10435
10461
10492
10502
10568
10634
10698
10768
10779
10855
10931
10966
10978
11088
11097
11208
11238
11260
11328
11430
11438
11454
11455
11457
11480
11669
11701
11717
11737
11870
11874
11915
11932
12028
12077
12082
12089
12141
12162
12194
12205
12206
12230
12257
12285
12381
12414
12468
12570
12575
12592
12613
12648
12655
12677
12710
12712
12735
12745
12812
12983
13038
13105
13109
13118
13130
13173
13211
13259
13347
13406
13422
13446
13494
13522
13578
13583
13602
13622
13693
13705
13734
13827
13857
13892
13946
14085
14116
14132
14221
14249
14249
14321
14371
14414
14636
14744
14861
14965
15093
15139
15249
15287
15333
15374
15377
15444
15511
15616
15688
15753
15770
15779
15908
15946
15970
15974
16028
16069
16099
16113
16248
16278
16599
16725
16750
16790
16802
16878
16923
16943
17054
17085
17155
17179
17217
17221
17235
17268
17269
17481
17657
17777
17839
17841
17844
17853
17874
17914
17938
18048
18070
18176
18198
18286
18297
18551
18562
18711
18725
18816
18821
19015
19048
19081
19228
19327
19346
19399
19439
19443
19451
19476
19504
19591
19595
19621
19658
19751
19793
19799
19835
19916
19947
20028
20163
20322
20426
20443
20682
20696
20711
20748
20766
20793
20846
20856
20918
20934
20952
21169
21213
21242
21284
21287
21371
21381
21387
21397
21455
21482
21532
21604
21613
21631
21654
21670
21679
21728
21752
21753
21829
21926
21931
21957
21992
22019
22132
22173
22234
22254
22276
22359
22367
22447
22496
22511
22542
22598
22635
22676
22741
22754
22903
22910
23188
23195
23255
23271
23286
23401
23407
23412
23509
23604
23632
23658
23680
23694
23695
23817
23862
23873
23919
23996
24046
24065
24093
24198
24206
24280
24301
24305
24318
24377
24444
24497
24501
24510
24585
24602
24696
24806
24812
24820
24850
24853
24872
24893
24920
24988
25012
25046
25069
25088
25122
25166
25175
25186
25241
25266
25331
25609
25677
25825
25826
25919
25964
26166
26205
26376
26473
26549
26572
26605
26617
26760
26761
26791
26872
26929
26949
26973
27025
27027
27137
27233
27246
27330
27396
27402
27456
27556
27633
27663
27677
27772
27904
27918
27937
27956
28000
28002
28034
28090
28116
28181
28278
28287
28292
28361
28388
28413
28415
28441
28542
28593
28596
28628
28683
28735
28742
28855
28870
28889
28898
28924
28998
29021
29083
29118
29119
29148
29197
29217
29220
29304
29321
29324
29351
29357
29381
29465
29465
29509
29569
29604
29662
29672
29695
29707
29719
29720
29729
29775
29853
29858
29868
29882
29905
29974
30258
30370
30379
30409
30414
30472
30534
30549
30554
30558
30593
30746
30774
30819
30848
30927
30928
30946
31070
31074
31116
31216
31295
31316
31399
31462
31486
31573
31642
31646
31742
31771
31813
31817
31832
31832
31839
31884
31894
31955
31958
32118
32133
32199
32286
32321
32351
32366
32399
32429
32446
32466
32506
32593
32657
32673
32741
32809
32875
32939
32973
33041
33104
33206
33242
33306
33326
33393
33407
33422
33434
33463
33614
33617
33657
33678
33840
33982
34015
34021
34049
34110
34158
34185
34240
34270
34295
34313
34351
34423
34437
34455
34462
34491
34527
34702
34753
34791
34828
34988
35036
35188
35296
35307
35329
35366
35479
35566
35611
35638
35640
35657
35697
35757
35839
35990
36024
36062
36172
36261
36274
36292
36303
36350
36440
36505
36519
36577
36624
36639
36695
36717
36728
36730
36737
36857
36942
36969
36984
37002
37089
37109
37119
37148
37168
37185
37197
37223
37249
37413
37459
37481
37494
37531
37545
37591
37599
37604
37714
37737
37754
37775
37855
37902
37920
37979
37986
37998
38020
38043
38102
38140
38167
38259
38279
38297
38337
38337
38340
38377
38525
38621
38655
38717
38740
38766
38785
38808
38831
38885
38968
38970
38999
39030
39030
39046
39129
39376
39389
39490
39492
39530
39576
39615
39672
39690
39697
39838
39840
39857
39889
39986
39989
40017
40100
40101
40117
40118
40123
40235
40263
40370
40414
40462
40491
40493
40519
40547
40559
40611
40617
40751
40799
40858
40891
41041
41061
41141
41150
41177
41178
41252
41260
41277
41304
41316
41371
41376
41386
41413
41415
41432
41460
41494
41524
41581
41602
41854
41925
42033
42089
42144
42259
42411
42442
42445
42503
42551
42566
42577
42602
42641
42645
42677
42814
42898
42969
42994
43065
43168
43177
43190
43330
43413
43507
43585
43655
43734
43820
43866
43936
43947
43984
44012
44143
44193
44278
44296
44344
44404
44428
44547
44557
44670
44705
44821
44911
44945
44988
45011
45171
45182
45245
45277
45362
45416
45464
45683
45747
45758
45792
45883
45961
46026
46036
46065
46191
46199
46241
46404
46502
46644
46695
46744
46784
46797
46871
46935
47086
47117
47168
47173
47217
47370
47383
47410
47418
47449
47492
47541
47563
47699
47765
47864
47905
47924
47969
48004
48068
48111
48186
48194
48219
48222
48222
48238
48240
48244
48345
48348
48364
48377
48503
48521
48531
48578
48712
48802
48844
48906
48963
48974
49014
49046
49048
49055
49084
49134
49139
49172
49207
49421
49437
49451
49529
49549
49671
49771
49774
49838
49908
49927
49949
49971
49999
50010
50063
50240
50251
50341
50363
50399
50522
50528
50592
50638
50741
50880
50925
50945
50972
51060
51073
51128
51196
51301
51302
51356
51411
51442
51532
51561
51563
51591
51632
51684
51762
51806
51915
51975
51982
52030
52031
52048
52185
52199
52276
52311
52376
52397
52420
52426
52475
52581
52620
52645
52665
52704
52725
52740
52744
52806
52808
52905
52977
53135
53156
53179
53340
53355
53368
53376
53449
53487
53504
53532
53665
53713
53822
53850
53856
53863
53978
53991
54282
54307
54349
54350
54431
54470
54492
54567
54620
54667
54704
54774
54792
54797
54908
54986
55019
55188
55200
55358
55581
55584
55970
55974
55976
56003
56049
56113
56217
56285
56327
56389
56459
56465
56472
56497
56534
56773
56844
56891
56929
56972
56973
57053
57054
57196
57269
57482
57532
57737
57756
57758
57758
57795
57863
57879
57882
57893
58104
58117
58157
58177
58205
58328
58370
58394
58468
58560
58578
58584
58597
58633
58650
58663
58743
58840
58878
58894
58919
58977
59051
59051
59185
59238
59243
59248
59248
59338
59357
59384
59435
59471
59948
59986
59994
60198
60416
60446
60664
60680
60717
60794
60795
60861
60944
60955
61001
61107
61155
61159
61329
61389
61433
61454
61585
61777
61831
61834
61861
61871
61909
61945
62180
62243
62340
62516
62520
62656
62687
62802
62873
63024
63160
63175
63226
63251
63373
63402
63404
63432
63464
63513
63563
63646
63687
63795
63848
63877
63931
63967
63971
63980
64022
64088
64123
64366
64472
64530
64611
64706
64718
64725
64873
64879
64979
64989
65022
65098
65300
65301
65459
65485
65493
65497
65587
65615
65669
65855
65877
65911
66034
66102
66110
66138
66149
66153
66338
66347
66373
66434
66526
66528
66564
66607
66633
66639
66701
66728
66732
66847
66871
66912
66964
67050
67065
67131
67136
67138
67226
67259
67429
67436
67590
67597
67610
67632
67830
67855
67855
67876
67956
67975
68026
68027
68030
68134
68159
68270
68354
68375
68383
68455
68471
68481
68494
68567
68581
68586
68605
68622
68729
68740
68746
68766
68866
68877
68975
68997
69011
69055
69082
69147
69188
69250
69301
69534
69614
69641
69649
