14
121
160
239
405
409
589
657
747
938
964
1011
1019
1049
1150
1186
1305
1397
1442
1476
1518
1694
1696
1722
1847
1864
1922
1954
2046
2073
2192
2348
2441
2614
2622
2822
2845
2912
3044
3082
3132
3258
3579
3593
3689
3763
3801
3882
3926
3939
4391
4481
4540
4646
4675
4717
4739
4861
4931
5049
5215
5228
5311
5355
5475
5480
5689
5709
5793
5934
5943
6181
6186
6224
6294
6332
6410
6538
6546
6665
6693
6717
6793
6867
6925
6935
7032
7074
7129
7135
7279
7351
7552
7555
7676
7698
7711
7757
7758
7784
8127
8311
8311
8537
8560
8709
8748
8753
8759
8799
9016
9148
9364
9435
9453
9482
9729
9742
9760
9779
9871
10188
10189
10193
10205
10330
10350
10618
10638
10746
10904
11117
11146
11147
11633
11747
12045
12068
12113
12153
12470
12603
12691
12742
12782
12942
12996
13112
13154
13154
13272
13286
13306
13371
13512
13575
13596
13632
13639
13650
13684
13693
13695
13851
13871
13900
13982
14127
14191
14198
14256
14276
14309
14331
14338
14343
14407
14469
14491
14844
14877
15085
15145
15269
15275
15337
15410
15438
15456
15467
15490
15586
15690
15750
15777
15907
15933
15987
15993
16147
16151
16193
16534
16556
16570
16572
16631
17043
17067
17095
17253
17314
17346
17380
17583
17624
17709
17982
17989
18025
18130
18197
18366
18438
18453
18473
18669
18750
18777
18966
19009
19049
19058
19063
19101
19144
19265
19315
19598
19665
19822
19874
20064
20158
20353
20406
20425
20529
20618
20698
20798
20864
20972
21095
21164
21205
21285
21337
21442
21502
21610
21610
21615
21616
21657
21731
21881
21883
22042
22184
22213
22353
22623
22787
22827
22895
22915
22939
22948
23069
23167
23191
23288
23340
23549
23690
23800
23876
23940
23957
23962
23973
24078
24116
24187
24458
24551
24618
24785
24834
24841
24847
24934
24955
25102
25155
25569
25571
25692
25797
25828
25906
25915
26033
26090
26183
26216
26223
26328
26554
26610
26654
26692
26772
26996
27204
27220
27317
27339
27422
27440
27479
27488
27652
27733
27749
27805
27873
27911
27912
27918
27989
28016
28108
28192
28216
28521
28539
28547
28634
28741
28754
28830
28839
28933
29032
29172
29205
29227
29289
29429
29517
29564
29575
29654
29676
29698
29759
29775
29806
29808
29861
29947
29967
30010
30150
30397
30402
30460
30675
30676
30679
30734
30774
30811
30946
30982
31028
31099
31185
31221
31264
31297
31404
31639
31658
31844
31849
31901
32009
32202
32265
32268
32399
32407
32420
32442
32537
32674
32695
32736
32874
32995
32999
33457
33523
33551
33583
33671
33725
33742
33840
33970
34016
34169
34224
34289
34415
34515
34535
34718
34789
34809
34826
34873
34898
34899
35172
35197
35251
35362
35453
35495
35622
35626
35692
35710
35844
35847
35858
35885
35892
35943
36076
36232
36259
36332
36366
36371
36396
36586
36590
36639
36686
36760
36794
36886
36888
36896
36907
36942
37012
37235
37266
37420
37425
37428
37430
37466
37588
37596
37692
37764
37806
37854
37937
38314
38436
38450
38477
38721
38755
38823
38878
38903
38913
39071
39139
39282
39296
39356
39400
39449
39870
39940
40037
40367
40399
40600
40690
40736
40914
41021
41216
41232
41451
41472
41602
41730
41753
41881
41912
41948
41968
42063
42075
42124
42216
42244
42332
42358
42359
42394
42454
42499
42606
42647
42872
42905
42913
42913
42941
43097
43414
43596
43759
43763
43764
44069
44145
44151
44262
44361
44370
44402
44416
44474
44720
44782
44802
44844
44905
44934
44947
44959
44987
45157
45191
45485
45502
45551
45709
45734
45766
45784
45789
45947
45958
46235
46305
46349
46369
46370
46418
46446
46716
46818
46924
47010
47023
47209
47217
47234
47260
47368
47383
47437
47452
47467
47467
47474
47708
47843
47863
47901
47911
47946
47988
47999
48051
48222
48248
48335
48416
48443
48530
48628
48694
48717
48778
48793
48986
49017
49040
49065
49065
49176
49183
49248
49273
49319
49521
49598
49657
49681
49718
50003
50066
50218
50235
50337
50370
50469
50605
50982
51116
51159
51244
51327
51469
51489
51576
51627
51755
51774
51801
51924
51985
51994
52156
52196
52200
52223
52397
52455
52626
52767
53055
53139
53238
53312
53366
53445
53531
53574
53589
53622
53625
53661
53746
53908
53952
53965
53966
53973
54025
54051
54129
54205
54205
54213
54259
54288
54316
54358
54361
54396
54541
54793
54803
54818
54891
54892
54938
55453
55671
55700
55776
55868
55870
56155
56309
56343
56352
56366
56438
56585
56616
56761
56807
56817
56933
57004
57005
57112
57214
57341
57352
57434
57458
57571
57716
57738
57813
57837
57883
57903
57954
58108
58147
58251
58343
58420
58447
58464
58482
58497
58499
58675
58703
58779
58782
58861
58919
58988
59102
59183
59249
59266
59512
59534
59544
59575
59670
59718
59740
59799
60046
60067
60111
60127
60162
60251
60286
60400
60591
60667
60684
60711
60836
60957
61060
61124
61128
61130
61144
61186
61204
61402
61403
61453
61531
61630
61651
61658
61744
61754
61877
61948
61960
61972
61986
62032
62055
62092
62105
62210
62239
62592
62640
62655
62723
62734
62754
62957
63037
63061
63085
63159
63160
63165
63281
63302
63364
63582
63716
63756
63802
63856
63873
63897
64005
64102
64196
64280
64312
64404
64509
64536
64590
64620
64734
64770
65012
65038
65082
65124
65145
65374
65376
65435
65436
65444
65474
65525
65567
65635
65667
65675
65768
65871
65927
65973
65976
66126
66237
66275
66456
66477
66514
66543
66652
66770
66803
66811
66819
66823
66835
66838
66864
67000
67026
67254
67278
67292
67305
67547
67738
67773
67840
67867
67898
68156
68242
68260
68291
68373
68488
68504
68534
68598
68663
68743
68934
69203
69472
69545
69609
69638
