12
51
52
57
76
76
95
97
103
105
137
140
149
149
156
170
190
193
197
198
206
206
219
226
233
241
249
259
277
293
298
301
329
330
340
352
356
378
387
388
400
404
406
417
426
474
474
480
494
508
518
538
540
542
551
553
564
564
566
569
571
574
585
596
606
611
612
628
631
632
640
645
651
656
673
676
682
696
706
707
707
712
718
719
753
757
764
770
778
784
788
789
801
816
848
873
876
888
891
914
918
934
939
940
954
973
978
980
992
994
1011
1021
1035
1037
1053
1070
1077
1078
1082
1089
1093
1095
1095
1098
1134
1164
1171
1184
1184
1189
1199
1227
1227
1236
1268
1271
1282
1283
1286
1296
1310
1316
1319
1320
1339
1354
1357
1372
1374
1382
1393
1463
1464
1465
1479
1485
1512
1518
1520
1523
1528
1538
1544
1546
1554
1559
1571
1585
1595
1596
1598
1599
1605
1619
1634
1644
1644
1672
1678
1679
1711
1719
1721
1728
1743
1753
1754
1756
1760
1766
1796
1810
1811
1825
1836
1854
1860
1893
1894
1903
1921
1925
1927
1933
1938
1941
1951
1962
1972
1976
1979
1983
1989
2005
2013
2015
2024
2027
2037
2046
2057
2076
2082
2115
2149
2181
2185
2192
2210
2214
2222
2229
2252
2253
2272
2296
2297
2302
2304
2332
2339
2356
2370
2382
2382
2387
2388
2400
2418
2434
2448
2448
2451
2460
2463
2469
2474
2483
2511
2513
2522
2530
2552
2558
2561
2567
2568
2577
2580
2582
2584
2589
2593
2594
2623
2636
2654
2658
2660
2681
2698
2712
2733
2742
2765
2767
2782
2808
2823
2846
2855
2859
2860
2861
2876
2881
2887
2922
2922
2925
2925
2927
2945
2953
2954
2959
2959
2987
2991
2994
2996
3013
3016
3037
3047
3065
3072
3082
3087
3088
3091
3095
3101
3105
3121
3137
3187
3190
3197
3201
3212
3214
3234
3245
3258
3280
3281
3304
3312
3324
3324
3325
3331
3334
3348
3353
3357
3365
3369
3372
3376
3376
3382
3419
3432
3434
3437
3445
3451
3468
3479
3486
3487
3500
3505
3513
3592
3598
3618
3624
3625
3625
3631
3652
3656
3667
3679
3692
3693
3710
3724
3735
3753
3766
3769
3780
3782
3789
3799
3800
3815
3820
3833
3835
3844
3845
3847
3855
3859
3875
3880
3882
3883
3910
3913
3952
3954
3954
3973
3978
3992
4006
4011
4025
4028
4043
4045
4049
4059
4062
4070
4071
4078
4088
4091
4095
4103
4104
4116
4137
4157
4179
4183
4194
4202
4204
4212
4218
4223
4227
4238
4240
4250
4253
4263
4264
4271
4272
4273
4288
4291
4294
4295
4322
4325
4335
4352
4353
4362
4372
4380
4402
4424
4427
4472
4473
4474
4478
4480
4491
4512
4515
4518
4523
4527
4535
4551
4558
4583
4584
4595
4610
4610
4611
4618
4635
4648
4652
4659
4673
4697
4700
4712
4714
4715
4715
4719
4722
4734
4738
4739
4747
4782
4823
4825
4827
4828
4833
4837
4856
4860
4864
4897
4898
4917
4919
4919
4923
4952
4954
4954
4991
4998
5001
5003
5011
5014
5018
5023
5031
5046
5061
5063
5072
5073
5091
5113
5139
5163
5168
5176
5180
5191
5201
5222
5227
5227
5251
5262
5265
5296
5307
5310
5312
5326
5329
5338
5341
5347
5349
5363
5363
5365
5378
5403
5406
5410
5411
5419
5428
5428
5502
5513
5515
5516
5522
5524
5533
5535
5552
5570
5572
5587
5608
5610
5610
5621
5627
5628
5643
5644
5644
5653
5657
5678
5685
5687
5689
5694
5697
5699
5710
5723
5725
5734
5735
5736
5798
5800
5824
5826
5829
5835
5854
5858
5859
5889
5905
5910
5920
5921
5922
5924
5937
5944
5968
5985
5997
5997
6020
6025
6026
6037
6038
6055
6059
6074
6079
6097
6098
6099
6101
6112
6120
6126
6128
6151
6172
6175
6183
6202
6215
6220
6226
6239
6240
6251
6253
6261
6271
6280
6299
6307
6312
6318
6325
6347
6355
6359
6363
6363
6370
6377
6380
6387
6406
6409
6414
6416
6424
6426
6432
6432
6433
6435
6441
6451
6471
6475
6479
6480
6510
6515
6527
6561
6565
6570
6572
6581
6600
6610
6617
6618
6642
6643
6658
6665
6666
6668
6682
6702
6705
6710
6720
6723
6728
6742
6747
6773
6776
6793
6801
6803
6809
6814
6820
6844
6844
6851
6860
6869
6874
6878
6902
6904
6905
6910
6918
6929
6933
6937
6943
6949
6951
6966
6968
6982
6993
6997
7000
7005
7019
7023
7044
7060
7070
7070
7071
7073
7075
7088
7096
7109
7133
7156
7157
7162
7165
7165
7180
7182
7206
7212
7218
7220
7231
7293
7299
7308
7316
7316
7320
7328
7334
7347
7358
7372
7377
7382
7397
7412
7416
7426
7434
7445
7456
7464
7473
7474
7475
7482
7510
7521
7535
7549
7560
7571
7584
7585
7595
7618
7657
7670
7688
7689
7691
7726
7742
7756
7776
7786
7796
7809
7817
7825
7831
7833
7845
7853
7858
7862
7864
7864
7871
7879
7894
7896
7896
7908
7910
7920
7928
7931
7947
7957
7965
7998
7998
8000
8010
8021
8023
8024
8027
8030
8038
8038
8039
8051
8060
8083
8094
8099
8148
8150
8156
8156
8185
8232
8239
8274
8287
8292
8294
8304
8308
8314
8353
8366
8379
8395
8417
8419
8460
8473
8480
8488
8493
8494
8494
8514
8523
8528
8538
8544
8552
8554
8566
8576
8578
8578
8599
8608
8609
8623
8671
8689
8694
8695
8697
8703
8725
8754
8764
8765
8769
8771
8792
8801
8805
8813
8826
8827
8858
8884
8904
8926
8931
8937
8939
8944
8950
8958
8963
8978
8993
8993
8999
9008
9008
9024
9033
9033
9038
9048
9055
9058
9058
9064
9081
9087
9087
9088
9097
9114
9130
9149
9161
9207
9238
9239
9259
9271
9293
9300
9318
9338
9341
9358
9369
9401
9430
9432
9474
9486
9492
9498
9499
9531
9535
9544
9565
9571
9580
9593
9599
9600
9606
9608
9622
9627
9665
9673
9686
9705
9713
9714
9719
9721
9732
9732
9735
9742
9743
9747
9749
9751
9754
9772
9777
9782
9786
9822
9825
9833
9837
9859
9876
9880
9885
9894
9908
9919
9922
9933
9937
9946
9951
9954
9960
9972
9989
9997
10002
10045
10054
10063
10064
10077
10100
10103
10107
10127
10132
10151
10154
10173
10197
10197
10206
10217
10259
10272
10273
10286
10303
10311
10317
10320
10322
10344
10360
10365
10366
10367
10367
10375
10397
10400
10400
10415
10420
10432
10440
10454
10460
10462
10472
10474
10479
10488
10512
10515
10521
10522
10523
10532
10536
10544
10545
10552
10554
10557
10557
10568
10616
10620
10625
10626
10634
10649
10670
10702
10714
10726
10737
10738
10742
10761
10764
10764
10765
10775
10778
10791
10824
10836
10838
10856
10858
10892
10896
10896
10923
10933
10944
10946
10948
10952
10958
10977
10990
10992
10992
11016
11019
11025
11030
11033
11043
11055
11067
11075
11079
11082
11095
11105
11106
11109
11133
11153
11168
11184
11196
11206
11206
11213
11215
11234
11234
11234
11242
11257
11259
11272
11287
11295
11299
11317
11331
11349
11362
11363
11364
11380
11381
11384
11388
11392
11402
11403
11405
11409
11420
11426
11470
11478
11479
11488
11490
11504
11519
11523
11525
11529
11532
11535
11541
11548
11562
11581
11582
11608
11623
11630
11633
11642
11652
11679
11683
11683
11699
11705
11747
11748
11760
11766
11778
11780
11792
11796
11821
11849
11850
11854
11867
11872
11880
11881
11893
11918
11918
11922
11930
11960
11962
11966
11970
11975
11984
11987
12019
12049
12059
12071
12089
12092
12096
12114
12119
12122
12132
12136
12138
12141
12144
12151
12157
12158
12159
12165
12167
12184
12186
12195
12209
12210
12220
12222
12258
12261
12284
12300
12304
12305
12307
12320
12332
12345
12358
12365
12367
12374
12379
12381
12418
12421
12424
12428
12432
12453
12461
12463
12485
12494
12502
12506
12523
12524
12538
12549
12588
12595
12611
12628
12652
12656
12661
12669
12671
12686
12690
12691
12703
12707
12709
12712
12713
12720
12738
12754
12754
12764
12777
12780
12780
12786
12787
12790
12791
12807
12818
12826
12860
12862
12864
12882
12886
12887
12889
12898
12907
12912
12923
12926
12933
12956
12957
12991
13003
13008
13021
13030
13041
13049
13064
13066
13101
13143
13147
13155
13164
13167
13179
13185
13193
13207
13207
13213
13214
13222
13227
13244
13251
13261
13267
13272
13273
13282
13285
13300
13346
13352
13352
13354
13367
13370
13377
13386
13462
13469
13477
13480
13480
13506
13535
13546
13554
13561
13568
13602
13606
13629
13636
13654
13659
13659
13673
13695
13695
13704
13731
13733
13744
13747
13753
13756
13774
13788
13799
13805
13823
13847
13847
13866
13882
13885
13902
13906
13908
13912
13920
13924
13931
13946
13955
13957
13998
14009
14016
14034
14045
14056
14062
14065
14075
14075
14085
14101
14105
14125
14138
14193
14195
14205
14224
14231
14260
14266
14293
14296
14301
14326
14335
14365
14366
14368
14377
14392
14396
14402
14403
14417
14427
14435
14440
14461
14472
14478
14479
14485
14495
14506
14512
14519
14521
14531
14533
14542
14553
14577
14580
14581
14598
14602
14606
14611
14614
14614
14618
14622
14625
14698
14704
14710
14714
14721
14724
14724
14726
14728
14743
14745
14757
14757
14760
14767
14777
14788
14789
14792
14793
14796
14826
14827
14828
14834
14859
14862
14863
14892
14911
14913
14914
14914
14935
14951
14956
14966
14973
14999
15003
15009
15013
15017
15022
15030
15032
15045
15046
15048
15050
15057
15076
15080
15090
15095
15113
15115
15116
15126
15130
15142
15145
15178
15190
15192
15214
15217
15228
15254
15255
15276
15299
15307
15320
15340
15342
15342
15344
15354
15362
15362
15363
15391
15393
15394
15395
15410
15413
15429
15441
15454
15476
15481
15491
15503
15549
15552
15577
15604
15605
15612
15626
15626
15646
15657
15679
15685
15692
15695
15703
15714
15716
15721
15722
15724
15748
15755
15757
15757
15761
15762
15781
15783
15785
15786
15786
15787
15806
15811
15812
15844
15854
15870
15878
15905
15919
15936
15967
15978
15980
16013
16020
16024
16040
16042
16054
16054
16072
16076
16080
16098
16098
16102
16108
16129
16132
16138
16149
16152
16154
16164
16165
16169
16185
16186
16190
16191
16201
16204
16206
16216
16235
16238
16264
16276
16287
16291
16292
16302
16312
16350
16356
16367
16370
16383
16387
16387
16404
16427
16429
16432
16436
16439
16458
16469
16472
16478
16524
16526
16541
16542
16544
16545
16555
16572
16574
16615
16631
16632
16635
16637
16648
16670
16682
16692
16693
16715
16721
16755
16755
16757
16761
16772
16782
16789
16794
16795
16816
16828
16833
16848
16850
16879
16887
16895
16943
16944
16950
16959
16997
17008
17010
17031
17035
17037
17038
17039
17047
17066
17081
17092
17092
17095
17100
17112
17114
17129
17141
17165
17177
17199
17202
17205
17230
17237
17241
17243
17246
17255
17256
17259
17275
17279
17281
17294
17298
17299
17301
17316
17349
17355
17368
17385
17392
17395
17412
17415
17434
17442
17468
17473
17478
17492
17515
17516
17540
17542
17542
17552
17555
17585
17596
17602
17612
17620
17646
17659
17662
17664
17672
17683
17696
17713
17719
17721
17722
17723
17726
17738
17745
17763
17785
17802
17808
17811
17822
17824
17825
17851
17856
17857
17870
17881
17884
17902
17902
17905
17907
17957
17988
18010
18054
18084
18098
18106
18109
18118
18132
18149
18154
18160
18184
18190
18198
18206
18208
18213
18245
18248
18269
18304
18307
18310
18313
18314
18335
18339
18353
18384
18388
18402
18430
18439
18467
18471
18475
18485
18520
18524
18538
18539
18549
18550
18554
18555
18563
18565
18568
18570
18584
18588
18605
18645
18645
18649
18653
18655
18663
18663
18668
18672
18676
18677
18680
18688
18690
18702
18710
18713
18720
18726
18729
18732
18738
18761
18774
18781
18785
18800
18808
18821
18840
18844
18864
18879
18886
18893
18909
18935
18945
18951
18951
18959
18968
19003
19003
19007
19019
19035
19046
19047
19053
19054
19060
19065
19067
19070
19078
19078
19087
19088
19090
19092
19094
19102
19118
19129
19157
19162
19163
19186
19189
19191
19199
19224
19226
19235
19244
19253
19255
19263
19270
19283
19300
19305
19311
19312
19319
19339
19341
19348
19369
19374
19392
19413
19416
19420
19445
19447
19456
19462
19480
19482
19488
19489
19493
19513
19523
19529
19551
19554
19559
19608
19631
19648
19662
19667
19670
19673
19697
19707
19708
19727
19728
19745
19767
19776
19781
19792
19798
19812
19815
19819
19821
19833
19837
19844
19847
19847
19876
19881
19892
19899
19900
19907
19907
19923
19923
19931
19949
19949
19953
19959
19979
19981
19998
20017
20017
20020
20021
20033
20036
20038
20049
20062
20068
20081
20085
20086
20099
20110
20119
20128
20139
20158
20158
20159
20165
20179
20179
20180
20185
20197
20210
20212
20216
20219
20234
20248
20250
20251
20267
20272
20302
20307
20315
20315
20323
20338
20340
20347
20387
20420
20422
20428
20430
20436
20460
20463
20471
20497
20507
20521
20522
20526
20537
20544
20547
20556
20567
20593
20595
20599
20621
20631
20636
20642
20661
20724
20740
20743
20784
20792
20798
20808
20830
20840
20849
20849
20864
20881
20886
20893
20905
20911
20914
20919
20923
20932
20942
20960
20960
20984
21000
21000
21035
21048
21073
21079
21087
21089
21095
21106
21116
21117
21121
21130
21135
21157
21170
21174
21182
21188
21192
21210
21221
21222
21223
21224
21224
21246
21250
21251
21258
21265
21265
21278
21280
21300
21302
21309
21312
21321
21331
21349
21357
21367
21367
21368
21371
21371
21395
21397
21410
21420
21425
21432
21437
21445
21472
21486
21498
21499
21501
21501
21513
21513
21528
21534
21539
21541
21553
21584
21585
21591
21592
21595
21596
21596
21600
21603
21603
21622
21628
21630
21637
21642
21643
21649
21652
21667
21676
21682
21682
21683
21689
21698
21705
21707
21719
21741
21761
21763
21766
21770
21772
21785
21793
21795
21821
21826
21831
21836
21851
21856
21870
21882
21894
21895
21908
21933
21937
21939
21979
21984
22003
22005
22008
22016
22017
22031
22037
22044
22044
22054
22061
22083
22084
22088
22089
22094
22096
22096
22108
22121
22141
22164
22180
22186
22188
22201
22205
22226
22239
22241
22253
22268
22291
22296
22302
22303
22307
22310
22316
22322
22324
22325
22328
22349
22388
22398
22398
22411
22428
22442
22446
22458
22458
22480
22481
22492
22495
22510
22512
22517
22519
22523
22526
22540
22543
22547
22553
22558
22562
22566
22584
22588
22602
22607
22615
22616
22631
22634
22658
22661
22663
22663
22672
22684
22687
22688
22703
22703
22709
22719
22730
22736
22756
22771
22828
22828
22835
22846
22854
22858
22862
22873
22879
22883
22899
22901
22902
22906
22909
22928
22929
22936
22936
22950
22953
22953
22956
22982
22997
23024
23048
23066
23082
23084
23084
23087
23092
23100
23110
23116
23116
23117
23156
23157
23164
23175
23175
23181
23184
23185
23199
23212
23212
23221
23257
23258
23275
23291
23344
23351
23353
23361
23363
23365
23369
23372
23376
23378
23421
23424
23456
23458
23458
23464
23473
23478
23504
23516
23519
23531
23545
23546
23546
23552
23556
23587
23602
23631
23636
23645
23674
23674
23706
23719
23721
23747
23750
23753
23761
23778
23779
23789
23822
23825
23832
23856
23879
23883
23888
23900
23914
23930
23938
23944
23949
23959
23966
23973
23977
23979
23983
23998
24012
24016
24022
24029
24040
24052
24068
24080
24097
24106
24117
24127
24134
24173
24181
24185
24192
24199
24223
24235
24237
24253
24261
24269
24271
24281
24291
24323
24348
24359
24366
24366
24375
24382
24385
24385
24401
24408
24429
24436
24441
24442
24446
24472
24478
24502
24502
24513
24525
24537
24543
24547
24551
24551
24561
24567
24570
24584
24603
24630
24631
24633
24636
24652
24663
24677
24677
24698
24705
24712
24713
24749
24774
24815
24825
24827
24836
24838
24838
24848
24866
24892
24904
24904
24912
24914
24916
24918
24922
24939
24940
24950
24955
24960
24960
24967
24990
24994
25039
25042
25049
25051
25052
25053
25061
25061
25075
25082
25095
25107
25114
25133
25134
25137
25143
25156
25159
25184
25191
25202
25205
25221
25226
25228
25234
25236
25239
25242
25242
25265
25270
25275
25275
25279
25287
25308
25312
25339
25341
25352
25357
25362
25377
25377
25407
25407
25412
25425
25427
25429
25431
25460
25462
25481
25482
25497
25498
25508
25516
25525
25526
25538
25550
25551
25555
25571
25574
25598
25602
25603
25607
25621
25626
25636
25639
25642
25657
25658
25669
25673
25676
25679
25682
25700
25713
25722
25730
25736
25741
25747
25753
25757
25777
25799
25800
25802
25802
25817
25834
25836
25839
25840
25845
25865
25872
25885
25889
25892
25905
25911
25917
25918
25924
25928
25941
25943
25953
25966
25979
25980
25987
25996
26004
26025
26034
26050
26053
26101
26109
26110
26119
26124
26125
26127
26130
26133
26137
26152
26205
26211
26225
26239
26248
26251
26254
26259
26261
26266
26272
26277
26286
26288
26288
26290
26291
26295
26322
26328
26341
26346
26357
26373
26399
26406
26408
26410
26418
26429
26437
26437
26442
26445
26448
26451
26460
26460
26473
26488
26497
26502
26505
26511
26519
26519
26521
26523
26534
26550
26552
26559
26566
26569
26569
26570
26580
26595
26597
26610
26611
26612
26619
26621
26628
26628
26641
26655
26655
26656
26656
26659
26671
26688
26708
26708
26709
26716
26719
26725
26727
26732
26734
26754
26765
26770
26772
26793
26807
26819
26825
26848
26861
26867
26868
26872
26874
26885
26890
26908
26909
26921
26923
26927
26928
26938
26949
26965
26980
27021
27029
27057
27065
27068
27080
27082
27099
27105
27116
27121
27123
27125
27134
27138
27150
27158
27158
27166
27170
27180
27182
27186
27187
27193
27199
27208
27209
27213
27222
27222
27242
27248
27250
27251
27255
27266
27289
27299
27319
27358
27359
27371
27373
27402
27410
27416
27418
27421
27452
27469
27484
27505
27524
27526
27527
27537
27550
27558
27559
27569
27577
27583
27594
27599
27604
27612
27628
27660
27663
27674
27691
27740
27742
27744
27748
27759
27762
27768
27768
27768
27788
27792
27811
27841
27850
27863
27863
27874
27881
27881
27883
27911
27915
27919
27934
27940
27974
27976
27983
28007
28014
28021
28043
28046
28096
28118
28121
28123
28134
28149
28158
28162
28180
28185
28189
28206
28215
28215
28223
28225
28241
28241
28244
28258
28274
28296
28303
28308
28313
28318
28327
28327
28339
28351
28354
28356
28357
28360
28363
28368
28375
28384
28388
28390
28393
28396
28399
28401
28402
28416
28419
28442
28469
28479
28495
28496
28504
28519
28521
28528
28542
28550
28565
28569
28571
28590
28592
28606
28613
28615
28631
28637
28661
28662
28663
28663
28666
28670
28678
28688
28695
28698
28759
28764
28766
28771
28772
28786
28799
28813
28816
28829
28851
28856
28858
28868
28870
28870
28872
28882
28888
28888
28900
28915
28925
28927
28931
28932
28938
28961
28968
28985
28999
29003
29004
29020
29040
29056
29070
29072
29077
29088
29089
29106
29108
29117
29122
29129
29138
29139
29143
29161
29164
29175
29179
29196
29201
29205
29218
29220
29227
29235
29255
29272
29272
29310
29313
29319
29341
29343
29346
29353
29362
29364
29367
29368
29394
29421
29431
29432
29432
29453
29456
29459
29467
29472
29474
29475
29482
29482
29488
29502
29511
29529
29535
29568
29584
29603
29608
29611
29611
29616
29624
29627
29631
29632
29641
29660
29660
29666
29667
29681
29686
29687
29692
29694
29701
29726
29727
29735
29746
29761
29762
29775
29776
29780
29786
29788
29792
29796
29799
29799
29827
29827
29836
29850
29854
29882
29885
29891
29897
29900
29903
29912
29913
29922
29922
29938
29939
29956
29959
29968
29972
29976
29991
29994
29996
29999
30011
30012
30056
30056
30073
30074
30077
30078
30086
30095
30111
30149
30156
30193
30201
30204
30213
30214
30220
30222
30224
30240
30252
30253
30255
30258
30269
30271
30271
30275
30298
30307
30313
30316
30318
30322
30337
30347
30357
30362
30365
30370
30376
30393
30395
30402
30404
30407
30412
30414
30419
30430
30434
30465
30472
30482
30502
30508
30510
30524
30554
30555
30579
30580
30582
30588
30597
30597
30632
30652
30654
30672
30673
30678
30700
30703
30707
30725
30743
30748
30751
30780
30787
30797
30802
30802
30804
30806
30831
30859
30884
30894
30901
30902
30910
30910
30912
30970
30970
30971
30980
30991
31002
31010
31018
31024
31030
31037
31059
31093
31099
31106
31110
31111
31115
31116
31132
31138
31173
31186
31194
31204
31206
31215
31221
31223
31269
31283
31285
31304
31304
31308
31330
31332
31337
31353
31367
31370
31372
31380
31381
31384
31389
31396
31398
31438
31439
31448
31451
31461
31463
31466
31466
31482
31482
31490
31510
31516
31532
31552
31562
31565
31567
31589
31590
31599
31620
31623
31624
31624
31636
31636
31645
31655
31682
31689
31690
31695
31700
31711
31717
31733
31738
31739
31742
31744
31747
31748
31749
31769
31774
31778
31781
31797
31801
31804
31807
31815
31819
31821
31836
31844
31850
31883
31898
31902
31917
31953
31962
31970
31985
31994
32003
32012
32020
32050
32057
32057
32066
32069
32075
32076
32076
32077
32078
32089
32092
32103
32104
32110
32121
32131
32140
32156
32156
32160
32206
32217
32218
32229
32243
32249
32257
32259
32267
32268
32272
32287
32292
32296
32307
32322
32354
32361
32370
32380
32392
32394
32411
32416
32431
32436
32450
32471
32499
32506
32509
32511
32513
32534
32544
32556
32559
32565
32578
32578
32583
32598
32600
32605
32607
32620
32628
32647
32656
32668
32679
32679
32689
32691
32693
32698
32709
32726
32726
32742
32744
32749
32752
32754
32761
32763
32781
32802
32811
32848
32861
32861
32868
32883
32898
32910
32911
32911
32932
32936
32936
32941
32943
32951
32975
32980
32984
32991
32992
33007
33031
33047
33049
33052
33106
33108
33126
33133
33142
33160
33167
33185
33187
33189
33193
33207
33216
33218
33237
33251
33270
33279
33285
33292
33295
33324
33325
33353
33360
33360
33370
33377
33394
33410
33415
33416
33424
33428
33431
33436
33471
33475
33489
33490
33494
33499
33504
33507
33515
33530
33530
33532
33533
33535
33543
33551
33582
33585
33585
33592
33594
33602
33611
33634
33646
33647
33650
33658
33660
33667
33679
33681
33687
33696
33715
33718
33750
33750
33753
33755
33759
33769
33770
33773
33787
33793
33814
33822
33822
33825
33827
33841
33860
33860
33886
33892
33892
33912
33915
33918
33921
33930
33931
33933
33934
33934
33973
33986
33988
34025
34045
34057
34064
34086
34106
34110
34112
34114
34121
34121
34149
34155
34177
34182
34185
34188
34192
34195
34198
34203
34222
34223
34234
34241
34243
34248
34258
34268
34269
34272
34299
34300
34314
34336
34347
34351
34362
34368
34375
34381
34390
34410
34411
34414
34419
34431
34449
34461
34462
34468
34473
34478
34497
34508
34512
34512
34536
34542
34566
34567
34569
34571
34573
34579
34583
34584
34585
34588
34595
34605
34606
34607
34612
34617
34641
34648
34648
34653
34684
34693
34704
34710
34713
34728
34742
34755
34766
34774
34774
34823
34838
34843
34846
34862
34866
34867
34868
34868
34869
34875
34878
34880
34887
34891
34903
34907
34908
34908
34916
34916
34918
34922
34931
34934
34936
34954
34955
34955
34963
34967
34980
34983
34985
34996
35006
35030
35034
35046
35047
35055
35055
35057
35071
35075
35092
35112
35122
35128
35136
35159
35162
35163
35167
35167
35171
35183
35186
35188
35218
35239
35241
35247
35257
35281
35287
35299
35315
35329
35344
35371
35376
35386
35392
35394
35403
35405
35405
35439
35439
35452
35464
35469
35488
35499
35517
35543
35550
35555
35564
35565
35603
35606
35615
35628
35649
35667
35668
35672
35682
35694
35713
35724
35731
35737
35751
35752
35753
35774
35782
35793
35827
35828
35838
35864
35873
35874
35880
35882
35897
35902
35904
35927
35928
35957
35961
35968
35969
35970
35980
35984
35998
36006
36009
36010
36017
36032
36036
36058
36066
36076
36087
36098
36103
36107
36117
36117
36118
36135
36195
36203
36210
36218
36222
36245
36257
36265
36270
36271
36275
36287
36296
36324
36342
36343
36345
36359
36359
36363
36375
36375
36395
36397
36408
36415
36432
36434
36451
36456
36474
36486
36487
36492
36494
36496
36519
36536
36539
36551
36556
36573
36574
36578
36580
36583
36593
36625
36641
36645
36665
36670
36676
36679
36683
36696
36706
36713
36735
36744
36748
36753
36801
36808
36817
36825
36840
36855
36858
36858
36866
36883
36888
36905
36907
36924
36931
36945
36950
36955
36964
36974
36998
36999
37020
37024
37028
37031
37035
37038
37053
37054
37056
37083
37085
37093
37093
37099
37112
37115
37121
37130
37141
37150
37151
37152
37154
37180
37192
37208
37216
37241
37247
37253
37277
37284
37285
37296
37299
37303
37308
37315
37319
37321
37365
37370
37375
37381
37389
37391
37394
37408
37430
37433
37445
37450
37450
37457
37479
37490
37502
37505
37525
37537
37540
37558
37575
37576
37609
37623
37628
37634
37636
37668
37682
37691
37725
37740
37745
37751
37751
37752
37754
37755
37760
37770
37771
37777
37782
37803
37805
37807
37809
37834
37844
37848
37864
37865
37886
37905
37923
37946
37956
37958
37996
38007
38028
38029
38039
38041
38069
38073
38073
38078
38087
38113
38132
38146
38148
38157
38164
38166
38168
38174
38183
38189
38192
38206
38211
38225
38227
38232
38242
38259
38264
38266
38268
38289
38296
38307
38307
38311
38313
38337
38342
38349
38356
38357
38360
38360
38368
38376
38378
38382
38384
38385
38387
38392
38395
38396
38397
38409
38410
38418
38420
38421
38422
38450
38451
38473
38474
38476
38487
38507
38507
38533
38546
38557
38557
38575
38582
38583
38598
38613
38619
38623
38635
38642
38646
38661
38668
38680
38693
38708
38724
38731
38741
38749
38754
38755
38755
38774
38777
38782
38790
38790
38799
38808
38824
38832
38833
38834
38839
38844
38854
38872
38886
38899
38902
38919
38927
38935
38937
38943
38951
38981
38994
38997
38998
39017
39019
39078
39088
39088
39089
39106
39114
39126
39130
39144
39151
39151
39177
39183
39190
39204
39206
39213
39224
39244
39250
39260
39289
39297
39311
39318
39326
39327
39344
39353
39353
39355
39358
39366
39373
39378
39378
39402
39406
39455
39459
39476
39485
39509
39519
39529
39532
39539
39540
39543
39544
39545
39555
39561
39581
39604
39621
39629
39629
39636
39638
39657
39660
39704
39721
39734
39734
39737
39737
39747
39748
39754
39754
39766
39768
39768
39772
39779
39788
39798
39806
39818
39820
39826
39830
39835
39836
39853
39858
39871
39882
39898
39915
39923
39929
39929
39931
39952
39972
39974
39989
39998
40009
40010
40031
40031
40035
40040
40042
40044
40065
40066
40077
40103
40125
40139
40140
40145
40151
40184
40190
40204
40229
40232
40237
40243
40247
40261
40265
40266
40272
40273
40281
40281
40283
40297
40304
40318
40340
40353
40359
40371
40373
40377
40378
40391
40393
40402
40405
40422
40431
40447
40456
40459
40461
40467
40479
40489
40507
40511
40519
40534
40541
40556
40561
40567
40586
40589
40616
40620
40621
40626
40651
40655
40694
40699
40707
40714
40717
40729
40747
40751
40757
40757
40761
40775
40779
40787
40827
40833
40841
40845
40846
40891
40906
40906
40909
40941
40955
40955
40958
40966
40971
40972
40982
40997
41008
41019
41024
41033
41047
41055
41055
41057
41060
41071
41095
41104
41111
41119
41122
41128
41128
41144
41147
41156
41163
41186
41196
41200
41210
41229
41233
41239
41244
41254
41256
41261
41274
41281
41287
41296
41298
41307
41309
41309
41314
41333
41334
41338
41340
41352
41370
41376
41382
41392
41398
41425
41432
41436
41441
41451
41459
41460
41480
41488
41496
41527
41540
41544
41556
41563
41565
41577
41583
41589
41599
41602
41611
41617
41628
41639
41658
41666
41670
41687
41699
41739
41761
41770
41771
41790
41796
41797
41802
41826
41836
41845
41856
41858
41870
41875
41880
41895
41899
41905
41909
41913
41914
41933
41934
41940
41959
41970
41972
41979
41979
41985
42014
42030
42032
42039
42054
42060
42066
42073
42077
42079
42080
42086
42089
42091
42096
42126
42130
42147
42162
42183
42195
42203
42212
42228
42250
42253
42270
42278
42285
42290
42300
42300
42301
42303
42306
42313
42323
42343
42346
42349
42358
42370
42375
42379
42401
42418
42418
42420
42429
42436
42440
42496
42499
42501
42508
42539
42555
42561
42563
42579
42583
42591
42599
42599
42613
42615
42618
42632
42637
42637
42638
42661
42681
42694
42696
42702
42723
42728
42730
42731
42732
42744
42759
42764
42766
42778
42782
42783
42794
42818
42822
42823
42829
42840
42876
42885
42924
42931
42938
42944
42945
42980
43007
43010
43018
43037
43058
43063
43123
43125
43127
43151
43164
43178
43178
43200
43201
43209
43213
43227
43227
43246
43254
43254
43258
43261
43265
43279
43281
43298
43305
43306
43322
43329
43331
43343
43351
43363
43374
43385
43391
43400
43403
43403
43408
43429
43436
43446
43454
43461
43462
43468
43494
43495
43500
43515
43545
43548
43551
43573
43575
43577
43593
43596
43599
43603
43607
43628
43648
43658
43660
43681
43683
43690
43697
43705
43713
43719
43731
43747
43759
43763
43764
43766
43772
43789
43798
43810
43821
43822
43835
43850
43852
43857
43863
43872
43876
43876
43889
43893
43903
43905
43914
43915
43921
43948
43949
43950
43961
43963
43965
43983
43997
44009
44010
44031
44031
44032
44033
44061
44069
44073
44098
44101
44103
44106
44114
44117
44122
44125
44147
44148
44149
44175
44183
44196
44198
44212
44216
44226
44227
44244
44251
44253
44313
44329
44332
44345
44349
44356
44363
44370
44399
44403
44425
44429
44441
44465
44470
44474
44480
44481
44488
44497
44506
44530
44551
44576
44595
44604
44617
44623
44642
44649
44651
44659
44662
44667
44669
44674
44689
44704
44718
44727
44735
44741
44751
44756
44765
44772
44788
44796
44812
44827
44840
44843
44856
44866
44866
44871
44883
44886
44934
44944
44945
44957
44962
44962
44968
44970
44990
44993
45002
45011
45013
45021
45032
45039
45039
45071
45074
45081
45086
45090
45097
45110
45126
45133
45134
45150
45156
45159
45171
45191
45212
45215
45219
45219
45221
45223
45242
45287
45306
45317
45327
45348
45359
45367
45386
45389
45392
45393
45400
45409
45413
45434
45437
45440
45441
45446
45453
45473
45473
45485
45498
45504
45508
45512
45534
45544
45564
45567
45569
45577
45580
45584
45586
45588
45614
45621
45623
45624
45634
45661
45673
45691
45695
45717
45717
45725
45740
45748
45765
45771
45772
45774
45779
45781
45789
45790
45790
45796
45803
45810
45816
45818
45865
45868
45878
45881
45885
45886
45900
45901
45909
45921
45932
45941
45948
45953
45963
45980
45987
45988
46000
46007
46010
46027
46034
46041
46047
46048
46057
46073
46108
46120
46130
46131
46134
46137
46145
46151
46157
46168
46169
46175
46178
46179
46180
46182
46184
46185
46200
46202
46212
46214
46234
46235
46235
46238
46241
46247
46257
46267
46268
46287
46340
46347
46351
46352
46370
46372
46373
46375
46380
46380
46388
46399
46402
46408
46409
46413
46421
46424
46428
46434
46435
46435
46443
46456
46470
46473
46488
46492
46492
46503
46507
46511
46514
46522
46523
46523
46530
46537
46539
46555
46555
46556
46558
46561
46568
46569
46572
46573
46574
46576
46580
46582
46590
46598
46603
46623
46630
46654
46656
46658
46664
46665
46676
46678
46681
46696
46699
46710
46720
46726
46727
46728
46729
46730
46743
46748
46767
46781
46787
46798
46799
46802
46804
46832
46850
46851
46858
46861
46879
46879
46882
46883
46890
46897
46902
46909
46927
46928
46929
46941
46954
46959
46963
46971
46980
46987
46989
46992
46995
47018
47022
47038
47069
47071
47075
47079
47090
47091
47092
47092
47101
47120
47122
47122
47122
47131
47134
47139
47147
47156
47163
47169
47179
47185
47197
47204
47220
47224
47236
47248
47263
47283
47300
47304
47318
47325
47346
47365
47370
47373
47392
47393
47396
47402
47404
47413
47415
47417
47425
47431
47436
47449
47452
47452
47455
47461
47482
47493
47501
47504
47509
47525
47541
47542
47555
47562
47563
47567
47570
47573
47591
47596
47602
47611
47628
47650
47651
47656
47671
47673
47687
47694
47707
47719
47722
47726
47744
47760
47773
47774
47800
47801
47814
47836
47840
47842
47867
47871
47876
47878
47880
47880
47881
47882
47885
47890
47904
47905
47905
47914
47919
47953
47959
48003
48003
48005
48008
48015
48024
48052
48069
48090
48092
48115
48116
48156
48166
48177
48183
48186
48195
48209
48210
48218
48219
48222
48224
48227
48231
48241
48250
48252
48273
48311
48312
48314
48316
48319
48354
48363
48367
48390
48414
48433
48434
48439
48447
48456
48467
48478
48484
48492
48498
48508
48512
48514
48521
48552
48574
48584
48592
48593
48594
48595
48595
48600
48603
48607
48608
48622
48623
48655
48663
48669
48683
48693
48711
48718
48724
48726
48764
48787
48788
48789
48793
48799
48810
48819
48820
48823
48831
48851
48856
48881
48885
48886
48887
48908
48908
48919
48946
48958
48973
48981
48985
49026
49037
49045
49067
49077
49081
49085
49089
49095
49096
49101
49106
49113
49113
49120
49128
49128
49130
49160
49168
49187
49198
49200
49208
49217
49217
49225
49230
49247
49255
49259
49260
49268
49278
49286
49292
49317
49317
49320
49325
49333
49337
49361
49372
49376
49379
49409
49411
49432
49437
49455
49458
49461
49463
49471
49473
49482
49490
49495
49499
49505
49507
49522
49523
49528
49529
49557
49557
49558
49559
49562
49562
49591
49600
49617
49643
49657
49666
49666
49675
49676
49682
49701
49703
49711
49721
49723
49724
49729
49736
49740
49747
49755
49762
49777
49778
49781
49810
49819
49832
49836
49845
49848
49934
49943
49958
49969
49997
50000
50035
50037
50037
50061
50065
50066
50079
50083
50126
50129
50138
50184
50187
50196
50198
50222
50230
50231
50232
50233
50245
50270
50277
50279
50279
50287
50297
50298
50302
50302
50307
50316
50318
50332
50362
50372
50376
50379
50385
50390
50394
50395
50397
50418
50427
50432
50443
50446
50453
50461
50479
50488
50507
50526
50527
50540
50554
50559
50572
50592
50596
50609
50622
50627
50641
50649
50652
50667
50667
50683
50690
50693
50698
50707
50719
50724
50736
50753
50757
50768
50781
50787
50801
50803
50815
50830
50838
50839
50839
50839
50853
50884
50889
50899
50900
50901
50929
50940
50966
50984
50988
51000
51030
51045
51065
51067
51068
51074
51097
51109
51122
51136
51158
51158
51171
51173
51175
51187
51195
51205
51209
51218
51224
51228
51236
51259
51260
51274
51286
51287
51307
51308
51310
51310
51323
51335
51336
51336
51337
51342
51412
51416
51427
51444
51445
51451
51468
51489
51496
51508
51516
51522
51526
51550
51558
51560
51571
51587
51603
51606
51621
51623
51638
51644
51648
51649
51650
51677
51704
51716
51719
51732
51736
51736
51747
51757
51797
51797
51834
51843
51846
51850
51872
51878
51883
51889
51909
51909
51917
51929
51941
51950
51950
51951
51956
51961
51964
51981
52001
52024
52057
52068
52072
52080
52095
52097
52107
52117
52119
52124
52125
52134
52143
52148
52154
52167
52175
52175
52179
52182
52195
52198
52199
52201
52218
52256
52259
52268
52272
52283
52283
52288
52296
52299
52312
52324
52325
52328
52332
52351
52368
52388
52393
52404
52412
52419
52432
52453
52466
52474
52477
52510
52512
52515
52529
52532
52534
52539
52545
52551
52558
52563
52564
52571
52619
52628
52632
52633
52646
52649
52672
52706
52722
52736
52747
52749
52750
52755
52756
52758
52766
52770
52771
52778
52780
52807
52813
52827
52846
52859
52873
52899
52913
52916
52932
52933
52942
52965
52979
52987
52992
52998
52998
53007
53013
53022
53031
53050
53061
53066
53088
53108
53114
53117
53122
53123
53133
53141
53179
53189
53190
53205
53215
53260
53264
53266
53286
53294
53301
53309
53310
53312
53320
53324
53340
53341
53345
53346
53351
53353
53359
53369
53391
53392
53402
53403
53405
53419
53436
53445
53445
53446
53446
53477
53499
53516
53533
53536
53541
53562
53571
53573
53576
53587
53590
53598
53619
53623
53639
53655
53659
53661
53682
53683
53688
53711
53730
53737
53782
53787
53795
53834
53850
53860
53863
53874
53875
53952
53971
53972
53985
53987
54028
54048
54092
54099
54117
54126
54141
54147
54164
54179
54185
54192
54200
54217
54225
54230
54256
54257
54260
54289
54289
54302
54314
54321
54326
54331
54334
54350
54351
54358
54371
54383
54388
54395
54397
54398
54426
54448
54452
54457
54466
54498
54501
54509
54512
54533
54538
54555
54564
54574
54587
54598
54601
54616
54622
54642
54657
54690
54695
54714
54716
54724
54728
54731
54732
54741
54745
54746
54754
54755
54764
54778
54805
54810
54839
54842
54844
54870
54890
54911
54911
54919
54921
54923
54923
54934
54935
54959
54960
54964
54971
54971
54975
54976
54978
54985
54989
54994
54997
54999
55007
55024
55024
55027
55033
55051
55053
55055
55069
55074
55081
55084
55089
55119
55121
55124
55129
55154
55154
55158
55178
55186
55187
55188
55203
55210
55220
55230
55232
55233
55233
55235
55239
55239
55262
55273
55307
55314
55323
55347
55373
55381
55403
55415
55436
55444
55469
55472
55472
55486
55496
55501
55505
55532
55541
55547
55555
55557
55561
55573
55574
55579
55589
55590
55592
55613
55617
55639
55645
55664
55681
55684
55688
55696
55701
55720
55723
55725
55727
55732
55735
55742
55744
55761
55764
55770
55782
55789
55831
55853
55858
55862
55887
55904
55920
55943
55944
55952
55953
56002
56003
56024
56032
56052
56054
56061
56082
56102
56132
56143
56161
56182
56189
56196
56222
56243
56276
56280
56291
56305
56317
56322
56327
56346
56347
56363
56377
56382
56384
56403
56407
56408
56408
56409
56418
56436
56449
56451
56458
56460
56464
56470
56481
56501
56501
56507
56525
56540
56541
56559
56569
56572
56577
56577
56582
56600
56612
56627
56636
56658
56679
56681
56705
56719
56731
56731
56738
56747
56754
56774
56783
56785
56800
56804
56830
56838
56852
56859
56863
56876
56894
56915
56922
56930
56931
56934
56936
56951
56976
56983
56992
56994
56997
57003
57006
57007
57008
57010
57019
57021
57024
57033
57040
57054
57059
57060
57062
57062
57112
57124
57134
57135
57141
57142
57152
57170
57188
57202
57203
57215
57215
57233
57237
57237
57243
57261
57270
57273
57279
57279
57292
57300
57319
57362
57385
57391
57393
57406
57413
57415
57428
57439
57472
57480
57506
57570
57572
57580
57583
57588
57597
57599
57602
57608
57628
57632
57633
57645
57650
57653
57654
57656
57658
57674
57692
57693
57696
57697
57711
57724
57749
57749
57751
57755
57772
57772
57791
57803
57808
57811
57818
57821
57824
57845
57847
57849
57850
57852
57853
57856
57862
57866
57867
57879
57884
57889
57897
57929
57949
57966
57972
57993
57998
57999
58006
58012
58014
58016
58018
58023
58039
58049
58062
58075
58086
58087
58090
58114
58117
58120
58134
58146
58150
58159
58161
58162
58163
58166
58185
58194
58202
58203
58233
58256
58261
58263
58264
58264
58276
58279
58284
58285
58291
58303
58306
58318
58339
58341
58351
58353
58357
58363
58366
58396
58416
58433
58437
58440
58463
58483
58486
58508
58515
58520
58535
58538
58544
58544
58546
58549
58575
58578
58583
58597
58603
58613
58614
58615
58619
58620
58627
58631
58645
58650
58674
58694
58700
58703
58706
58709
58718
58720
58749
58755
58762
58785
58790
58796
58812
58822
58826
58834
58837
58840
58848
58849
58849
58871
58881
58889
58890
58896
58898
58902
58904
58904
58906
58917
58926
58931
58944
58947
58971
58988
58992
58996
59011
59011
59036
59040
59043
59070
59079
59080
59091
59092
59097
59111
59118
59126
59142
59154
59160
59181
59184
59184
59185
59219
59219
59219
59228
59263
59286
59302
59303
59357
59374
59377
59398
59419
59424
59425
59426
59434
59460
59480
59491
59512
59517
59520
59542
59551
59553
59562
59567
59571
59588
59592
59596
59599
59602
59622
59622
59656
59658
59679
59681
59687
59696
59702
59707
59711
59715
59717
59724
59726
59769
59770
59788
59825
59825
59833
59837
59841
59844
59884
59893
59899
59906
59919
59939
59941
59944
59949
59984
59988
60005
60006
60011
60036
60040
60055
60055
60065
60067
60083
60092
60092
60110
60129
60135
60141
60158
60180
60190
60198
60201
60226
60230
60237
60242
60258
60269
60288
60295
60295
60316
60317
60318
60328
60330
60372
60379
60384
60406
60409
60417
60451
60458
60480
60483
60496
60498
60500
60503
60510
60526
60529
60530
60540
60544
60561
60563
60565
60573
60585
60586
60597
60622
60623
60623
60624
60634
60640
60671
60693
60694
60714
60723
60730
60735
60735
60747
60760
60765
60769
60773
60774
60783
60785
60790
60796
60822
60844
60881
60888
60907
60937
60944
60955
60958
60960
60965
60992
60993
60999
61001
61001
61002
61008
61012
61037
61042
61051
61063
61065
61089
61099
61104
61106
61109
61139
61156
61160
61183
61204
61222
61240
61249
61253
61261
61262
61276
61279
61284
61296
61303
61330
61347
61354
61365
61373
61379
61397
61406
61406
61408
61411
61416
61419
61427
61428
61435
61452
61453
61460
61471
61473
61477
61484
61508
61509
61538
61540
61549
61577
61592
61619
61647
61648
61651
61684
61694
61718
61729
61737
61743
61765
61768
61770
61772
61773
61776
61779
61780
61781
61807
61808
61812
61821
61823
61838
61840
61843
61866
61887
61897
61909
61916
61925
61950
61956
61961
61962
61990
62012
62026
62033
62039
62060
62061
62062
62073
62093
62095
62100
62107
62133
62138
62139
62145
62155
62176
62182
62183
62186
62193
62196
62214
62245
62246
62261
62269
62276
62296
62296
62320
62327
62330
62333
62334
62341
62348
62351
62361
62367
62405
62419
62428
62436
62442
62450
62457
62466
62471
62482
62484
62488
62501
62529
62531
62541
62542
62542
62549
62560
62564
62567
62573
62603
62612
62619
62626
62639
62652
62664
62665
62672
62675
62675
62690
62699
62708
62713
62716
62742
62742
62756
62763
62775
62788
62793
62802
62814
62814
62820
62834
62835
62837
62844
62851
62867
62881
62887
62891
62895
62932
62946
62991
62992
63008
63012
63022
63024
63027
63033
63055
63064
63068
63084
63084
63086
63094
63096
63098
63100
63106
63121
63134
63151
63160
63162
63164
63172
63186
63199
63214
63218
63224
63239
63251
63252
63261
63278
63280
63294
63300
63302
63306
63317
63323
63331
63334
63375
63378
63382
63383
63393
63393
63415
63417
63433
63437
63439
63446
63456
63460
63462
63465
63467
63468
63484
63508
63528
63535
63538
63540
63543
63550
63551
63554
63554
63596
63596
63597
63616
63617
63618
63623
63626
63668
63694
63700
63701
63704
63710
63717
63717
63734
63758
63764
63767
63772
63774
63777
63780
63795
63796
63798
63804
63812
63829
63832
63839
63843
63864
63865
63869
63879
63881
63893
63904
63918
63928
63937
63937
63949
63965
63965
63977
63997
63998
64000
64005
64006
64008
64024
64081
64094
64094
64095
64109
64116
64121
64127
64151
64169
64170
64177
64180
64182
64182
64195
64207
64225
64228
64235
64244
64249
64257
64273
64276
64295
64326
64336
64342
64353
64358
64361
64376
64422
64422
64433
64436
64438
64441
64453
64462
64463
64464
64470
64480
64482
64492
64501
64506
64520
64526
64532
64544
64555
64558
64559
64577
64619
64624
64627
64632
64650
64659
64692
64701
64706
64716
64730
64733
64749
64754
64755
64762
64762
64765
64771
64773
64779
64793
64807
64818
64825
64833
64857
64857
64861
64886
64890
64899
64908
64913
64914
64924
64927
64934
64938
64939
64956
64973
64976
64979
64993
64994
64996
65005
65006
65019
65021
65032
65033
65040
65041
65048
65051
65055
65061
65068
65069
65080
65088
65099
65099
65100
65104
65110
65112
65124
65124
65146
65156
65165
65172
65177
65183
65189
65196
65214
65226
65238
65243
65247
65252
65255
65256
65256
65264
65275
65277
65281
65283
65284
65286
65310
65329
65331
65340
65351
65359
65365
65370
65375
65414
65415
65419
65423
65423
65424
65449
65449
65453
65468
65509
65513
65516
65528
65542
65542
65553
65567
65568
65568
65569
65588
65595
65598
65605
65612
65618
65622
65622
65633
65644
65656
65659
65664
65668
65688
65690
65708
65709
65711
65713
65718
65721
65728
65741
65770
65775
65788
65808
65828
65842
65850
65867
65879
65885
65895
65898
65908
65938
65949
65949
65954
65965
65994
65994
66004
66017
66026
66030
66044
66075
66088
66092
66098
66102
66110
66112
66120
66129
66143
66157
66208
66214
66215
66218
66226
66226
66236
66241
66243
66250
66256
66258
66271
66293
66294
66318
66323
66342
66355
66370
66380
66381
66385
66404
66406
66409
66412
66424
66437
66442
66459
66460
66466
66468
66473
66476
66487
66497
66502
66505
66515
66516
66528
66529
66529
66539
66539
66552
66554
66570
66571
66573
66589
66600
66603
66606
66611
66619
66633
66642
66656
66658
66665
66684
66688
66702
66714
66734
66757
66762
66763
66797
66799
66805
66807
66821
66838
66848
66849
66852
66860
66872
66875
66884
66887
66889
66917
66929
66943
66946
66970
66974
66991
67002
67012
67028
67030
67036
67055
67068
67068
67089
67098
67116
67128
67154
67180
67182
67188
67204
67229
67232
67243
67251
67258
67266
67270
67273
67273
67278
67290
67300
67300
67330
67334
67358
67364
67387
67403
67414
67427
67433
67438
67474
67477
67483
67489
67497
67511
67517
67519
67519
67535
67541
67557
67562
67578
67583
67587
67596
67599
67602
67604
67610
67622
67630
67638
67638
67649
67653
67662
67663
67670
67682
67699
67706
67714
67724
67724
67725
67755
67766
67769
67780
67785
67789
67790
67792
67824
67833
67842
67850
67865
67866
67905
67909
67925
67926
67932
67935
67950
67952
67964
67984
67985
67986
67987
67993
68012
68026
68026
68032
68038
68040
68058
68060
68066
68073
68073
68080
68081
68089
68102
68106
68107
68117
68123
68129
68140
68151
68154
68159
68192
68197
68212
68223
68228
68234
68248
68259
68277
68282
68283
68304
68308
68314
68330
68339
68346
68355
68359
68364
68369
68376
68380
68390
68400
68422
68424
68436
68439
68441
68453
68461
68462
68510
68510
68512
68520
68524
68532
68536
68549
68559
68570
68573
68574
68574
68575
68582
68588
68603
68609
68619
68625
68629
68634
68642
68643
68650
68653
68658
68687
68696
68701
68738
68754
68761
68763
68782
68785
68800
68802
68809
68817
68826
68827
68827
68828
68830
68834
68838
68844
68866
68900
68901
68902
68934
68973
68974
68980
69001
69014
69030
69040
69042
69046
69058
69077
69084
69084
69088
69089
69096
69103
69106
69109
69125
69139
69151
69156
69158
69159
69162
69164
69176
69180
69196
69210
69256
69261
69267
69268
69278
69280
69281
69289
69289
69295
69295
69304
69312
69312
69350
69358
69361
69373
69382
69394
69401
69409
69417
69417
69433
69456
69470
69511
69516
69542
69549
69552
69556
69558
69569
69573
69581
69589
69599
69606
69612
69613
69615
69616
69620
69630
69641
69659
69664
69668
69669
69676
69696
69724
