2
4
11
20
27
42
59
83
92
93
108
111
158
167
171
182
206
219
229
235
236
247
257
258
262
288
292
296
313
316
319
338
353
418
430
437
446
447
448
451
454
458
477
484
485
489
503
514
528
534
534
540
569
582
583
588
609
625
628
629
643
643
658
670
671
674
685
703
703
759
759
769
775
784
820
830
830
834
885
891
906
911
911
918
931
938
944
948
950
958
960
962
979
1001
1009
1014
1020
1033
1036
1048
1061
1069
1101
1119
1142
1144
1152
1168
1178
1183
1183
1195
1198
1208
1226
1234
1234
1260
1270
1272
1276
1289
1304
1313
1314
1317
1334
1335
1340
1348
1354
1354
1356
1363
1368
1372
1414
1418
1426
1438
1438
1440
1442
1443
1455
1464
1464
1479
1482
1491
1493
1499
1510
1515
1526
1527
1531
1555
1555
1568
1579
1600
1613
1614
1616
1640
1648
1656
1658
1698
1700
1702
1708
1710
1711
1714
1715
1725
1753
1754
1788
1798
1805
1808
1824
1839
1868
1883
1918
1924
1927
1931
1937
1945
1950
1961
1971
1972
1988
1993
2000
2013
2036
2060
2067
2105
2107
2116
2128
2129
2133
2133
2136
2142
2159
2162
2167
2168
2177
2182
2232
2239
2240
2268
2279
2299
2310
2312
2329
2345
2352
2363
2367
2380
2401
2424
2431
2442
2451
2456
2470
2472
2472
2476
2502
2512
2518
2529
2530
2542
2561
2585
2593
2605
2634
2635
2635
2646
2655
2659
2659
2662
2664
2675
2704
2707
2720
2739
2744
2746
2755
2766
2770
2773
2790
2798
2814
2817
2820
2837
2841
2844
2847
2853
2869
2895
2896
2898
2903
2920
2939
2950
2955
2979
2992
2996
2996
3012
3027
3033
3040
3052
3059
3064
3067
3069
3081
3137
3142
3170
3176
3201
3215
3231
3233
3251
3262
3263
3263
3268
3281
3282
3289
3317
3320
3324
3342
3354
3365
3369
3372
3387
3388
3389
3390
3395
3418
3419
3420
3422
3425
3435
3436
3468
3472
3478
3478
3487
3492
3492
3497
3503
3506
3518
3524
3526
3533
3539
3542
3563
3571
3575
3587
3594
3596
3626
3629
3633
3638
3646
3674
3679
3700
3709
3716
3721
3723
3728
3737
3743
3744
3749
3752
3758
3763
3774
3779
3784
3787
3791
3811
3812
3815
3827
3829
3854
3872
3877
3882
3897
3900
3902
3904
3913
3925
3932
3935
3940
3943
3962
3963
3967
3973
3975
3995
4002
4021
4028
4035
4043
4047
4060
4086
4088
4102
4102
4105
4108
4126
4126
4129
4136
4142
4155
4170
4171
4175
4178
4186
4188
4212
4216
4220
4227
4245
4249
4279
4280
4304
4311
4312
4317
4319
4324
4326
4337
4364
4375
4377
4381
4384
4385
4397
4405
4405
4410
4426
4431
4443
4457
4457
4458
4476
4489
4496
4498
4503
4513
4520
4526
4582
4596
4598
4622
4640
4641
4645
4679
4690
4697
4702
4706
4715
4715
4728
4729
4736
4737
4764
4768
4773
4777
4788
4795
4795
4807
4826
4831
4863
4866
4900
4905
4928
4933
4935
4940
4945
4954
4995
4995
5006
5052
5083
5092
5093
5110
5115
5138
5148
5162
5168
5191
5211
5212
5228
5233
5233
5233
5251
5263
5270
5281
5288
5293
5317
5335
5335
5340
5348
5352
5380
5387
5408
5427
5431
5438
5468
5489
5498
5511
5513
5522
5537
5549
5557
5557
5563
5576
5578
5585
5590
5593
5597
5621
5622
5624
5624
5629
5635
5636
5647
5661
5666
5675
5677
5682
5696
5697
5707
5727
5733
5751
5758
5766
5766
5781
5790
5796
5813
5813
5818
5831
5841
5845
5857
5867
5874
5879
5880
5890
5895
5915
5920
5921
5947
5948
5965
5972
5974
5987
5997
6007
6026
6033
6040
6079
6087
6109
6120
6182
6194
6198
6202
6223
6230
6240
6245
6250
6254
6268
6271
6288
6299
6320
6321
6335
6349
6361
6389
6399
6401
6408
6417
6426
6433
6441
6448
6449
6465
6473
6478
6483
6494
6496
6499
6500
6508
6514
6515
6527
6548
6549
6568
6572
6575
6591
6592
6597
6607
6609
6610
6623
6638
6638
6643
6644
6650
6652
6654
6657
6658
6666
6676
6679
6682
6720
6724
6729
6733
6733
6749
6749
6761
6768
6781
6783
6804
6804
6809
6820
6828
6835
6835
6845
6862
6880
6885
6894
6900
6903
6908
6912
6919
6922
6925
6926
6927
6934
6947
6953
6962
6978
6994
7016
7019
7038
7038
7041
7079
7093
7097
7108
7109
7122
7133
7167
7177
7180
7188
7231
7236
7237
7247
7274
7282
7286
7288
7311
7318
7321
7342
7342
7357
7364
7368
7368
7369
7370
7377
7378
7382
7389
7395
7398
7399
7400
7408
7412
7414
7415
7425
7435
7459
7468
7473
7474
7475
7490
7498
7500
7520
7524
7526
7551
7558
7561
7561
7569
7603
7618
7620
7628
7629
7631
7635
7654
7656
7671
7676
7690
7692
7696
7696
7698
7710
7715
7718
7720
7723
7741
7744
7757
7759
7766
7770
7788
7794
7804
7821
7828
7848
7850
7854
7873
7876
7889
7891
7891
7896
7902
7920
7933
7951
7954
7985
7994
7998
7998
8006
8006
8013
8017
8018
8021
8023
8026
8030
8032
8033
8035
8041
8054
8054
8055
8077
8095
8096
8097
8108
8111
8112
8132
8145
8163
8167
8188
8196
8197
8201
8213
8216
8235
8235
8236
8239
8246
8250
8269
8275
8281
8281
8283
8285
8289
8330
8332
8346
8360
8386
8400
8408
8422
8433
8435
8438
8463
8517
8539
8540
8557
8558
8568
8570
8572
8586
8586
8593
8616
8626
8632
8671
8683
8683
8685
8690
8710
8718
8723
8746
8753
8762
8767
8780
8795
8808
8809
8835
8846
8863
8875
8882
8899
8900
8904
8908
8914
8931
8943
8944
8951
8966
8986
8993
9006
9015
9024
9037
9051
9052
9065
9070
9081
9091
9093
9119
9120
9170
9184
9192
9192
9211
9224
9233
9239
9247
9250
9261
9263
9263
9265
9270
9303
9316
9319
9322
9332
9346
9347
9349
9366
9377
9378
9379
9384
9387
9388
9413
9421
9432
9433
9438
9445
9453
9466
9468
9472
9488
9499
9505
9513
9530
9535
9536
9543
9552
9567
9567
9569
9571
9571
9579
9584
9588
9606
9615
9623
9625
9636
9642
9665
9694
9707
9723
9727
9731
9764
9770
9774
9789
9795
9805
9808
9813
9817
9835
9853
9870
9881
9894
9900
9919
9921
9926
9929
9931
9938
9955
9962
9964
9964
9973
9974
9986
9990
10008
10030
10033
10035
10044
10054
10077
10078
10090
10109
10114
10115
10117
10131
10133
10164
10170
10183
10196
10199
10207
10217
10249
10254
10256
10260
10298
10299
10311
10322
10328
10329
10336
10350
10350
10356
10357
10359
10364
10377
10417
10419
10429
10430
10436
10443
10445
10458
10476
10494
10503
10506
10508
10508
10526
10527
10537
10549
10563
10571
10572
10575
10580
10601
10618
10620
10626
10627
10649
10682
10703
10715
10729
10747
10747
10748
10753
10761
10761
10773
10792
10794
10794
10804
10818
10828
10829
10854
10862
10865
10870
10897
10919
10936
10956
10974
10984
10994
10998
11002
11003
11010
11019
11041
11053
11060
11073
11074
11075
11076
11081
11093
11095
11096
11111
11112
11119
11148
11156
11159
11164
11172
11193
11212
11237
11242
11245
11259
11273
11276
11279
11283
11294
11294
11296
11303
11313
11316
11325
11327
11356
11358
11367
11378
11383
11397
11398
11400
11406
11424
11433
11445
11453
11460
11482
11501
11502
11509
11514
11516
11526
11536
11547
11575
11591
11607
11610
11612
11618
11642
11645
11682
11688
11692
11697
11702
11705
11707
11715
11764
11764
11768
11770
11780
11804
11814
11825
11830
11832
11839
11840
11850
11865
11882
11891
11893
11908
11921
11927
11931
11935
11943
11944
11947
11947
11953
11964
11966
11966
11971
11975
11984
11998
12007
12020
12032
12048
12070
12105
12109
12110
12119
12128
12150
12152
12170
12179
12212
12212
12221
12222
12229
12237
12244
12257
12264
12266
12280
12298
12302
12312
12330
12335
12342
12353
12385
12394
12399
12399
12401
12415
12420
12421
12431
12438
12441
12443
12447
12447
12449
12453
12456
12463
12477
12482
12484
12490
12494
12499
12503
12510
12527
12528
12535
12544
12562
12564
12565
12606
12611
12620
12633
12640
12655
12666
12695
12698
12701
12702
12708
12711
12718
12724
12724
12725
12726
12730
12736
12752
12756
12757
12768
12768
12769
12778
12786
12804
12827
12828
12852
12854
12857
12878
12901
12920
12951
12955
12957
12961
12969
12993
12994
12998
13011
13023
13023
13043
13059
13084
13087
13090
13119
13120
13131
13149
13149
13172
13180
13187
13197
13199
13216
13245
13261
13266
13268
13277
13279
13284
13288
13313
13319
13328
13343
13350
13355
13363
13385
13392
13408
13422
13425
13428
13429
13437
13453
13454
13458
13474
13490
13492
13493
13500
13511
13519
13524
13534
13538
13541
13546
13558
13558
13560
13586
13588
13590
13591
13593
13640
13666
13687
13691
13694
13702
13706
13708
13710
13725
13727
13730
13730
13731
13762
13768
13787
13787
13790
13798
13803
13808
13809
13828
13850
13865
13872
13920
13926
13928
13936
13957
13959
13970
13971
13988
13996
14009
14015
14032
14032
14040
14064
14069
14075
14081
14081
14083
14087
14090
14116
14116
14120
14120
14132
14150
14154
14154
14177
14186
14209
14213
14223
14250
14257
14268
14274
14276
14289
14294
14316
14320
14323
14326
14375
14387
14405
14405
14407
14408
14421
14425
14469
14479
14482
14487
14519
14524
14535
14549
14563
14565
14567
14568
14587
14591
14608
14619
14620
14638
14638
14659
14660
14683
14693
14703
14703
14706
14711
14725
14730
14748
14767
14797
14800
14811
14822
14846
14850
14864
14889
14897
14904
14923
14926
14932
14946
14955
14966
14968
14990
15010
15024
15031
15039
15057
15058
15069
15084
15098
15103
15104
15118
15118
15125
15154
15156
15158
15161
15169
15184
15200
15217
15221
15225
15228
15232
15235
15240
15251
15268
15269
15276
15286
15333
15370
15371
15374
15387
15403
15415
15425
15439
15459
15462
15478
15480
15482
15489
15496
15500
15510
15510
15536
15544
15556
15562
15565
15581
15599
15612
15625
15659
15666
15667
15682
15684
15684
15693
15694
15716
15723
15729
15731
15761
15770
15779
15789
15789
15798
15799
15812
15823
15828
15840
15841
15852
15853
15865
15870
15876
15928
15932
15939
15986
15988
15992
15995
16006
16040
16051
16078
16086
16096
16105
16108
16110
16127
16135
16138
16140
16156
16158
16176
16179
16192
16194
16214
16215
16215
16226
16243
16247
16265
16276
16278
16286
16299
16302
16303
16304
16320
16320
16330
16336
16340
16344
16347
16348
16352
16370
16375
16381
16389
16396
16406
16429
16436
16447
16456
16468
16478
16490
16495
16495
16515
16548
16549
16564
16565
16569
16586
16591
16615
16623
16651
16651
16661
16663
16674
16683
16684
16689
16699
16702
16707
16717
16727
16738
16747
16753
16765
16787
16787
16794
16803
16808
16808
16814
16837
16847
16870
16871
16877
16888
16895
16903
16906
16917
16919
16932
16933
16938
16948
16950
16950
16957
16959
16971
16972
16985
17002
17004
17005
17026
17028
17052
17056
17066
17076
17078
17083
17107
17111
17112
17112
17118
17130
17138
17177
17192
17203
17224
17243
17257
17261
17275
17282
17282
17286
17293
17298
17308
17322
17330
17345
17360
17375
17379
17396
17396
17403
17440
17446
17453
17465
17470
17471
17475
17492
17503
17524
17532
17542
17546
17576
17577
17586
17603
17611
17630
17633
17634
17634
17642
17645
17651
17653
17660
17662
17664
17675
17680
17686
17687
17691
17694
17712
17724
17728
17729
17731
17749
17755
17782
17798
17799
17801
17806
17807
17807
17832
17832
17834
17845
17852
17858
17877
17877
17879
17887
17892
17909
17909
17911
17912
17918
17919
17921
17922
17951
17953
17964
17971
17971
17973
17992
18001
18018
18037
18037
18045
18046
18051
18058
18078
18096
18106
18111
18123
18123
18129
18137
18138
18142
18155
18176
18178
18179
18180
18191
18192
18208
18211
18212
18244
18248
18262
18276
18283
18283
18297
18304
18306
18327
18329
18340
18350
18356
18364
18367
18375
18408
18424
18450
18467
18474
18483
18484
18498
18508
18552
18553
18555
18575
18575
18575
18575
18577
18582
18589
18638
18641
18645
18650
18650
18652
18658
18658
18672
18677
18683
18688
18703
18714
18719
18720
18744
18755
18759
18769
18788
18810
18854
18855
18874
18898
18905
18908
18918
18946
18957
18967
18968
18973
18975
18996
18999
19005
19006
19010
19016
19026
19031
19039
19042
19045
19052
19062
19078
19087
19108
19109
19116
19127
19132
19133
19138
19155
19159
19167
19169
19182
19192
19204
19241
19252
19259
19260
19281
19291
19292
19302
19369
19371
19376
19378
19380
19389
19405
19416
19435
19441
19447
19447
19448
19464
19469
19476
19494
19506
19517
19519
19528
19530
19534
19552
19555
19581
19604
19610
19615
19616
19621
19623
19632
19634
19635
19637
19639
19641
19641
19656
19667
19688
19701
19744
19758
19759
19779
19795
19796
19804
19813
19815
19819
19824
19850
19880
19897
19899
19908
19910
19922
19927
19927
19951
19951
19965
19966
20007
20013
20055
20057
20065
20074
20090
20111
20118
20124
20147
20168
20169
20178
20200
20200
20209
20249
20254
20258
20259
20263
20272
20294
20299
20305
20311
20323
20332
20344
20347
20355
20361
20367
20407
20422
20423
20442
20445
20449
20476
20506
20509
20528
20534
20546
20548
20551
20568
20573
20582
20590
20593
20615
20619
20643
20652
20655
20657
20660
20668
20685
20695
20698
20702
20720
20736
20737
20740
20754
20761
20777
20783
20794
20807
20822
20825
20837
20892
20906
20920
20923
20924
20935
20943
20951
20959
20959
20967
20973
20974
20980
20986
20991
21002
21014
21082
21099
21109
21125
21125
21140
21140
21143
21143
21146
21147
21185
21193
21219
21229
21239
21244
21256
21256
21263
21264
21269
21286
21289
21292
21293
21297
21320
21324
21337
21354
21356
21411
21412
21415
21437
21448
21457
21464
21473
21473
21474
21474
21474
21478
21486
21491
21491
21492
21495
21512
21556
21557
21573
21574
21593
21615
21616
21632
21639
21656
21692
21692
21697
21700
21705
21714
21720
21728
21731
21740
21768
21771
21783
21786
21800
21803
21803
21826
21844
21860
21863
21865
21870
21873
21885
21896
21897
21900
21911
21929
21959
21976
21989
21990
21990
22003
22036
22049
22084
22095
22103
22120
22130
22133
22151
22154
22159
22161
22161
22163
22165
22177
22182
22183
22188
22190
22193
22195
22196
22197
22210
22211
22213
22265
22274
22288
22295
22298
22311
22375
22383
22390
22398
22411
22414
22414
22415
22415
22419
22424
22428
22428
22435
22443
22456
22463
22464
22465
22468
22498
22509
22531
22534
22575
22580
22585
22588
22622
22623
22640
22642
22666
22669
22672
22674
22686
22692
22696
22697
22700
22704
22708
22749
22789
22802
22806
22808
22811
22819
22832
22835
22842
22842
22845
22857
22861
22865
22868
22868
22887
22896
22916
22924
22937
22941
22946
22946
22957
22989
22991
22993
22995
22998
23000
23015
23017
23029
23034
23045
23051
23055
23057
23071
23080
23085
23089
23094
23098
23112
23141
23142
23163
23204
23204
23218
23237
23238
23248
23254
23259
23269
23275
23284
23287
23304
23310
23313
23313
23345
23358
23364
23367
23376
23378
23380
23387
23422
23426
23436
23438
23447
23454
23460
23478
23486
23515
23519
23539
23541
23543
23552
23563
23565
23573
23576
23576
23637
23655
23663
23678
23679
23694
23699
23705
23706
23719
23737
23741
23771
23776
23782
23782
23797
23799
23806
23807
23816
23816
23818
23830
23835
23844
23855
23882
23887
23899
23926
23928
23943
23958
23958
23965
23971
23977
24004
24011
24022
24026
24038
24048
24060
24073
24091
24115
24125
24129
24159
24163
24182
24184
24207
24224
24230
24243
24245
24245
24269
24288
24303
24319
24343
24343
24345
24346
24383
24394
24399
24399
24403
24428
24428
24433
24434
24435
24443
24449
24449
24459
24463
24464
24474
24481
24488
24504
24512
24513
24545
24549
24571
24575
24586
24603
24615
24619
24633
24639
24643
24661
24662
24669
24670
24674
24684
24684
24695
24705
24709
24711
24735
24748
24749
24750
24752
24757
24761
24782
24791
24803
24807
24819
24830
24836
24852
24854
24861
24866
24867
24874
24884
24903
24907
24913
24917
24922
24960
24965
24971
24980
24983
25025
25035
25039
25043
25093
25098
25139
25147
25159
25183
25190
25192
25214
25227
25234
25242
25274
25292
25313
25318
25322
25324
25332
25335
25338
25339
25342
25370
25386
25390
25391
25400
25418
25429
25438
25445
25482
25485
25490
25502
25510
25514
25518
25523
25532
25559
25564
25565
25568
25582
25582
25590
25599
25603
25614
25622
25631
25641
25660
25664
25673
25698
25718
25726
25738
25748
25748
25749
25759
25759
25775
25777
25783
25785
25792
25804
25806
25812
25825
25853
25870
25876
25878
25891
25896
25910
25912
25919
25920
25959
25965
25967
25980
25985
26013
26030
26066
26068
26075
26089
26093
26110
26124
26131
26134
26148
26148
26163
26164
26171
26180
26197
26207
26212
26226
26229
26231
26232
26246
26249
26255
26264
26266
26280
26291
26322
26327
26360
26365
26367
26379
26382
26386
26403
26407
26408
26412
26419
26424
26481
26486
26489
26493
26505
26512
26524
26532
26537
26545
26548
26551
26566
26576
26579
26587
26591
26645
26645
26660
26663
26671
26674
26682
26701
26707
26713
26713
26717
26718
26723
26736
26736
26744
26750
26751
26766
26782
26797
26814
26822
26828
26831
26839
26842
26859
26882
26883
26887
26887
26890
26892
26897
26897
26900
26909
26913
26919
26934
26969
26985
26985
26993
27002
27011
27039
27051
27054
27055
27060
27062
27066
27066
27068
27069
27082
27092
27118
27121
27146
27147
27149
27149
27152
27154
27156
27184
27188
27204
27210
27228
27253
27253
27263
27267
27272
27273
27284
27285
27287
27301
27303
27309
27336
27344
27345
27353
27361
27388
27390
27397
27399
27401
27429
27445
27447
27475
27476
27497
27503
27505
27506
27508
27513
27538
27548
27548
27549
27552
27554
27573
27577
27580
27582
27597
27600
27601
27602
27613
27615
27618
27624
27644
27658
27661
27663
27664
27667
27669
27669
27681
27690
27709
27711
27713
27733
27740
27743
27770
27773
27781
27782
27785
27787
27792
27796
27797
27803
27818
27826
27835
27835
27839
27839
27848
27857
27864
27883
27885
27887
27900
27901
27902
27925
27937
27938
27945
27968
27971
27974
27976
27976
27993
27994
28006
28008
28029
28032
28032
28049
28051
28068
28086
28087
28124
28167
28172
28175
28183
28191
28211
28211
28214
28221
28236
28238
28287
28308
28320
28372
28395
28404
28404
28404
28416
28422
28423
28426
28427
28434
28443
28446
28462
28479
28480
28491
28491
28494
28513
28535
28536
28544
28549
28551
28555
28557
28563
28573
28585
28588
28669
28686
28688
28692
28697
28709
28709
28720
28720
28742
28748
28805
28808
28810
28829
28829
28832
28837
28839
28841
28856
28867
28868
28868
28896
28898
28913
28917
28925
28932
28937
28952
28952
28957
28964
28973
28981
28991
28998
29002
29011
29015
29036
29054
29067
29069
29081
29086
29091
29093
29115
29155
29160
29201
29211
29232
29240
29243
29257
29258
29259
29261
29265
29271
29284
29294
29295
29302
29311
29319
29324
29331
29332
29351
29356
29359
29368
29378
29393
29394
29404
29406
29412
29416
29460
29461
29467
29476
29480
29484
29484
29494
29495
29501
29503
29505
29507
29507
29523
29545
29547
29547
29561
29568
29570
29571
29584
29594
29611
29624
29630
29648
29650
29651
29662
29666
29673
29674
29683
29696
29713
29722
29728
29730
29752
29756
29759
29764
29767
29767
29768
29780
29794
29814
29823
29829
29839
29860
29867
29892
29908
29909
29914
29933
29939
29970
29975
29976
29978
29989
30001
30013
30013
30019
30034
30056
30057
30079
30080
30088
30091
30101
30104
30116
30129
30133
30147
30162
30181
30186
30188
30213
30216
30223
30228
30236
30246
30254
30262
30263
30279
30288
30289
30305
30305
30327
30342
30347
30354
30360
30364
30376
30381
30384
30397
30418
30419
30435
30454
30474
30488
30489
30503
30536
30536
30540
30546
30552
30557
30563
30599
30625
30641
30647
30655
30660
30666
30674
30689
30693
30700
30705
30706
30710
30718
30721
30724
30725
30734
30749
30762
30765
30772
30776
30778
30779
30788
30809
30812
30817
30820
30825
30827
30861
30868
30879
30885
30904
30919
30922
30926
30945
30974
30979
30983
30985
31019
31029
31029
31031
31034
31034
31035
31041
31089
31098
31105
31113
31124
31140
31145
31156
31164
31172
31176
31197
31197
31237
31262
31287
31291
31303
31314
31331
31359
31369
31387
31414
31436
31438
31448
31459
31468
31469
31474
31492
31504
31530
31535
31536
31539
31541
31550
31552
31554
31570
31582
31582
31599
31610
31621
31624
31631
31635
31644
31657
31660
31669
31669
31669
31671
31685
31701
31738
31749
31753
31762
31762
31770
31775
31780
31783
31787
31795
31814
31818
31828
31832
31833
31853
31868
31869
31882
31885
31889
31903
31905
31919
31920
31925
31931
31963
31964
31972
31976
31991
32007
32007
32012
32014
32028
32036
32048
32055
32061
32078
32080
32084
32088
32097
32102
32105
32138
32140
32141
32143
32149
32156
32159
32181
32186
32188
32196
32203
32207
32207
32222
32233
32257
32274
32283
32283
32285
32322
32323
32324
32325
32327
32328
32336
32338
32361
32363
32363
32370
32371
32372
32375
32395
32401
32403
32406
32410
32430
32439
32440
32440
32443
32447
32454
32458
32466
32469
32500
32516
32521
32526
32533
32534
32536
32541
32546
32550
32556
32562
32574
32585
32587
32598
32603
32619
32627
32631
32652
32683
32727
32738
32739
32739
32751
32754
32767
32778
32787
32790
32820
32822
32824
32826
32840
32857
32858
32890
32938
32946
32972
32978
32989
32993
33001
33009
33014
33029
33031
33045
33046
33049
33052
33058
33060
33072
33084
33085
33093
33093
33095
33101
33105
33124
33134
33152
33158
33161
33172
33172
33178
33183
33193
33193
33197
33240
33259
33264
33267
33282
33287
33298
33304
33329
33340
33368
33375
33384
33401
33406
33408
33416
33420
33432
33436
33443
33457
33461
33471
33481
33481
33490
33567
33591
33598
33651
33653
33656
33657
33672
33673
33680
33692
33700
33723
33746
33758
33766
33776
33784
33788
33798
33807
33808
33809
33811
33835
33835
33850
33857
33874
33875
33878
33880
33887
33920
33921
33926
33926
33937
33939
33945
33966
33973
33983
34000
34000
34014
34028
34030
34063
34071
34074
34080
34091
34092
34096
34100
34101
34109
34116
34126
34133
34134
34137
34144
34168
34178
34178
34190
34199
34203
34208
34225
34234
34239
34246
34270
34276
34280
34283
34292
34330
34336
34345
34367
34369
34371
34379
34386
34389
34391
34403
34419
34435
34449
34463
34516
34518
34528
34534
34550
34555
34557
34564
34569
34572
34579
34648
34659
34660
34660
34682
34693
34698
34716
34722
34726
34732
34741
34772
34774
34780
34783
34784
34792
34797
34807
34808
34809
34810
34817
34833
34863
34873
34893
34894
34908
34919
34926
34976
34988
34991
35011
35020
35026
35041
35044
35060
35064
35072
35082
35091
35091
35091
35091
35102
35113
35130
35132
35146
35156
35162
35168
35173
35176
35180
35213
35216
35221
35225
35225
35229
35233
35233
35247
35248
35273
35292
35300
35324
35331
35332
35345
35351
35367
35377
35378
35385
35391
35392
35392
35434
35435
35444
35444
35445
35446
35453
35459
35461
35519
35524
35529
35533
35534
35558
35561
35572
35579
35591
35622
35629
35636
35649
35650
35654
35657
35659
35666
35672
35680
35696
35708
35714
35716
35716
35719
35722
35765
35766
35768
35783
35793
35818
35819
35820
35832
35833
35839
35841
35854
35881
35885
35885
35887
35888
35895
35898
35899
35900
35917
35919
35934
35938
35952
35960
35966
35979
36010
36013
36020
36029
36062
36063
36078
36083
36106
36116
36116
36121
36151
36176
36177
36192
36253
36270
36273
36288
36291
36303
36328
36350
36355
36366
36371
36378
36388
36393
36413
36416
36418
36419
36426
36428
36433
36476
36482
36497
36503
36509
36511
36514
36518
36520
36570
36574
36574
36579
36587
36605
36618
36640
36676
36690
36704
36708
36708
36710
36711
36712
36735
36736
36762
36772
36789
36804
36809
36845
36855
36858
36862
36874
36875
36886
36895
36902
36903
36924
36941
36954
36971
36971
36990
36990
36992
37001
37009
37022
37024
37028
37029
37058
37069
37083
37094
37106
37123
37129
37134
37160
37169
37181
37200
37200
37207
37224
37229
37242
37246
37246
37251
37277
37286
37315
37342
37343
37348
37368
37369
37388
37402
37405
37408
37428
37429
37438
37442
37445
37446
37447
37453
37460
37475
37480
37497
37502
37507
37508
37512
37534
37537
37538
37557
37560
37579
37583
37598
37609
37621
37625
37636
37637
37647
37658
37662
37664
37669
37681
37700
37712
37721
37727
37740
37752
37754
37772
37788
37790
37791
37799
37833
37845
37845
37884
37884
37885
37888
37889
37908
37915
37929
37930
37938
37939
37945
37947
37956
37982
37983
37984
37988
37993
38000
38002
38013
38015
38020
38033
38058
38065
38097
38098
38102
38103
38106
38106
38112
38124
38145
38147
38148
38150
38168
38170
38178
38195
38202
38202
38215
38216
38228
38236
38236
38244
38244
38268
38292
38297
38304
38315
38319
38328
38341
38344
38394
38400
38414
38416
38423
38425
38461
38464
38470
38494
38499
38514
38518
38522
38529
38539
38560
38562
38572
38581
38591
38603
38610
38618
38632
38639
38675
38675
38681
38691
38696
38713
38716
38717
38718
38725
38725
38743
38744
38748
38751
38760
38763
38764
38776
38776
38776
38785
38790
38801
38816
38816
38824
38826
38833
38843
38844
38850
38855
38877
38880
38900
38909
38918
38930
38940
38954
38969
38974
38975
38980
38991
38994
38995
39019
39037
39048
39059
39072
39091
39092
39128
39129
39139
39140
39141
39159
39172
39194
39201
39212
39229
39231
39240
39281
39281
39301
39310
39315
39322
39328
39335
39337
39343
39355
39364
39368
39379
39392
39417
39429
39436
39451
39463
39499
39500
39514
39516
39529
39557
39561
39568
39569
39585
39593
39598
39613
39614
39625
39626
39627
39633
39642
39675
39690
39701
39719
39730
39740
39751
39760
39775
39810
39814
39815
39824
39829
39836
39838
39842
39860
39891
39892
39895
39905
39909
39909
39913
39927
39961
39967
39974
40009
40012
40017
40026
40029
40052
40078
40091
40091
40097
40105
40117
40127
40129
40146
40162
40164
40168
40177
40183
40184
40189
40199
40199
40203
40217
40220
40242
40249
40249
40258
40258
40261
40262
40262
40276
40302
40332
40354
40363
40366
40367
40372
40374
40386
40394
40398
40399
40417
40422
40428
40433
40460
40469
40477
40493
40494
40496
40496
40502
40504
40517
40525
40527
40534
40539
40540
40540
40560
40561
40562
40567
40568
40572
40574
40600
40617
40622
40632
40632
40649
40668
40695
40698
40705
40716
40716
40722
40722
40736
40739
40742
40757
40780
40783
40792
40799
40807
40825
40840
40847
40852
40933
40937
40940
40955
40960
40972
40985
40990
41000
41022
41031
41055
41061
41064
41064
41071
41073
41082
41089
41090
41108
41118
41127
41131
41137
41149
41154
41154
41161
41166
41176
41186
41186
41192
41198
41205
41213
41222
41225
41231
41233
41233
41249
41255
41257
41258
41262
41265
41269
41271
41273
41274
41281
41295
41308
41312
41343
41362
41366
41381
41381
41383
41388
41405
41409
41413
41420
41422
41430
41470
41494
41496
41503
41511
41530
41538
41585
41588
41600
41607
41622
41636
41648
41650
41653
41654
41666
41681
41682
41686
41719
41748
41750
41755
41778
41779
41809
41827
41827
41829
41849
41865
41869
41877
41880
41884
41887
41891
41918
41923
41938
41942
41947
41948
41953
41958
41959
41960
41995
41996
42032
42042
42056
42058
42058
42059
42063
42074
42076
42082
42093
42096
42103
42104
42109
42118
42141
42157
42161
42177
42181
42205
42205
42210
42212
42215
42220
42224
42226
42226
42253
42257
42264
42286
42287
42289
42308
42322
42333
42349
42401
42411
42420
42427
42432
42437
42438
42450
42453
42465
42488
42489
42500
42501
42504
42512
42513
42522
42556
42564
42574
42580
42598
42601
42605
42609
42616
42622
42623
42650
42652
42686
42692
42708
42711
42716
42718
42721
42722
42724
42726
42738
42739
42762
42768
42775
42776
42778
42788
42792
42792
42806
42829
42852
42852
42853
42855
42859
42881
42893
42915
42917
42928
42928
42928
42954
42956
42961
42970
42972
42981
42981
42982
42992
43018
43024
43059
43064
43065
43065
43070
43077
43094
43115
43133
43141
43147
43155
43155
43155
43161
43171
43177
43180
43184
43185
43186
43191
43225
43227
43227
43236
43251
43255
43261
43265
43273
43274
43278
43279
43282
43291
43313
43314
43331
43332
43335
43338
43341
43357
43366
43369
43370
43372
43386
43395
43405
43410
43413
43418
43444
43471
43472
43483
43491
43495
43496
43510
43520
43522
43523
43527
43533
43560
43567
43587
43601
43615
43641
43642
43644
43672
43686
43692
43697
43710
43719
43744
43744
43750
43752
43763
43767
43768
43769
43773
43774
43780
43783
43784
43793
43799
43805
43808
43808
43811
43812
43817
43823
43836
43847
43850
43850
43851
43866
43872
43872
43873
43927
43935
43958
43964
43971
43973
43983
43984
43991
43994
44003
44015
44021
44028
44050
44065
44091
44094
44104
44109
44110
44119
44125
44130
44150
44173
44173
44187
44191
44193
44196
44211
44214
44217
44220
44230
44232
44261
44268
44271
44276
44276
44282
44282
44289
44292
44299
44304
44307
44317
44326
44330
44335
44340
44350
44355
44358
44370
44371
44379
44392
44405
44435
44442
44445
44450
44452
44456
44465
44475
44479
44487
44515
44517
44529
44530
44543
44551
44569
44572
44608
44644
44647
44648
44662
44663
44702
44708
44728
44728
44731
44732
44752
44758
44767
44769
44775
44782
44789
44794
44796
44797
44799
44800
44814
44815
44824
44829
44855
44875
44880
44892
44896
44898
44909
44917
44941
44964
44971
44972
44982
44991
44998
45000
45010
45024
45025
45033
45034
45045
45058
45058
45060
45068
45068
45080
45086
45097
45101
45101
45106
45111
45115
45132
45137
45138
45142
45145
45152
45152
45170
45170
45172
45181
45184
45188
45200
45201
45203
45225
45227
45242
45242
45258
45270
45281
45281
45308
45309
45338
45356
45387
45400
45420
45425
45443
45443
45446
45465
45485
45487
45493
45497
45499
45503
45516
45521
45534
45538
45542
45571
45576
45591
45597
45604
45614
45639
45674
45689
45699
45701
45713
45739
45745
45755
45769
45771
45772
45783
45798
45815
45831
45835
45840
45843
45848
45851
45855
45869
45883
45885
45887
45892
45892
45894
45899
45903
45910
45918
45922
45934
45935
45960
45964
45974
45974
46000
46021
46022
46029
46030
46031
46033
46045
46051
46054
46057
46058
46062
46080
46088
46098
46102
46105
46119
46148
46155
46159
46160
46162
46162
46164
46166
46167
46202
46216
46216
46234
46237
46242
46264
46266
46267
46274
46278
46287
46293
46302
46318
46329
46337
46340
46372
46373
46374
46384
46386
46394
46410
46437
46456
46477
46480
46492
46500
46502
46505
46507
46538
46560
46563
46568
46569
46589
46593
46599
46600
46614
46616
46628
46641
46644
46652
46655
46661
46663
46668
46681
46710
46714
46725
46726
46734
46745
46750
46761
46761
46766
46781
46783
46786
46787
46794
46794
46795
46843
46852
46871
46874
46901
46912
46919
46925
46932
46957
46963
46964
46970
46971
46979
46980
46981
47004
47006
47009
47022
47025
47039
47040
47041
47043
47065
47067
47083
47097
47112
47118
47128
47130
47134
47146
47162
47166
47166
47239
47241
47261
47276
47278
47294
47294
47306
47308
47321
47324
47325
47326
47339
47355
47364
47381
47387
47411
47414
47420
47421
47432
47447
47448
47460
47460
47471
47485
47494
47539
47544
47554
47560
47563
47580
47583
47584
47594
47599
47605
47606
47618
47652
47671
47679
47684
47684
47706
47709
47714
47738
47745
47762
47773
47774
47784
47799
47832
47844
47865
47868
47874
47877
47879
47903
47907
47909
47956
47969
47972
47998
47999
48001
48003
48005
48025
48059
48061
48063
48069
48070
48077
48088
48089
48097
48127
48135
48160
48197
48209
48210
48226
48233
48236
48238
48247
48258
48280
48298
48315
48333
48337
48358
48358
48363
48365
48367
48370
48375
48378
48397
48405
48406
48414
48420
48421
48430
48433
48440
48445
48447
48455
48459
48461
48462
48463
48477
48494
48496
48501
48502
48515
48524
48549
48551
48552
48555
48570
48591
48595
48617
48630
48632
48652
48668
48709
48747
48754
48771
48780
48782
48814
48820
48846
48852
48860
48894
48904
48928
48955
48966
48967
48976
48993
49003
49009
49010
49036
49047
49051
49056
49060
49064
49092
49102
49110
49114
49122
49129
49129
49161
49171
49208
49212
49252
49257
49259
49262
49278
49304
49304
49304
49312
49314
49320
49331
49339
49350
49357
49363
49364
49370
49380
49381
49383
49393
49402
49402
49407
49410
49423
49431
49438
49444
49446
49450
49450
49457
49469
49475
49477
49477
49495
49503
49519
49523
49529
49555
49575
49580
49602
49606
49607
49610
49619
49627
49628
49643
49651
49652
49655
49657
49658
49678
49696
49749
49751
49762
49779
49780
49789
49799
49817
49817
49818
49843
49854
49855
49857
49861
49864
49870
49877
49915
49918
49920
49923
49946
49957
49965
49973
49979
49983
49989
49993
49995
49997
50001
50019
50024
50025
50027
50036
50057
50065
50075
50091
50099
50102
50103
50103
50116
50125
50128
50136
50148
50149
50170
50236
50244
50251
50265
50266
50270
50273
50274
50281
50312
50336
50359
50370
50387
50388
50388
50392
50414
50414
50421
50434
50455
50456
50460
50466
50469
50473
50475
50477
50491
50497
50499
50502
50503
50508
50519
50523
50524
50535
50580
50584
50587
50592
50600
50606
50616
50619
50640
50640
50642
50661
50661
50662
50664
50670
50673
50673
50675
50689
50698
50700
50721
50724
50734
50741
50761
50771
50782
50796
50811
50816
50821
50822
50832
50837
50860
50866
50878
50883
50892
50902
50924
50932
50938
50957
50998
51021
51022
51038
51041
51051
51051
51069
51083
51084
51091
51103
51123
51134
51147
51148
51152
51155
51157
51173
51183
51185
51188
51191
51208
51211
51219
51232
51237
51240
51251
51254
51266
51267
51273
51296
51297
51298
51300
51310
51313
51313
51317
51335
51337
51372
51386
51391
51398
51407
51411
51418
51426
51433
51438
51449
51450
51450
51459
51462
51480
51485
51508
51508
51515
51537
51559
51580
51584
51587
51595
51596
51604
51604
51608
51621
51621
51622
51633
51642
51648
51651
51652
51652
51670
51672
51680
51685
51701
51710
51726
51743
51749
51767
51788
51788
51793
51808
51809
51812
51814
51818
51819
51822
51829
51852
51853
51856
51859
51872
51872
51876
51888
51902
51902
51905
51919
51943
51959
51960
51960
51966
51985
51993
51994
51994
51998
52001
52002
52002
52004
52008
52014
52021
52032
52042
52042
52057
52062
52066
52068
52097
52105
52111
52115
52118
52133
52139
52144
52160
52165
52165
52174
52178
52181
52228
52238
52239
52248
52256
52266
52269
52289
52291
52295
52306
52327
52337
52352
52353
52357
52368
52369
52386
52391
52398
52410
52425
52450
52457
52469
52471
52489
52489
52506
52507
52534
52551
52559
52560
52562
52576
52608
52618
52625
52631
52633
52640
52651
52671
52675
52675
52679
52680
52695
52695
52717
52725
52733
52736
52737
52741
52745
52762
52765
52765
52776
52794
52797
52802
52808
52841
52846
52851
52871
52888
52914
52916
52925
52932
52935
52935
52936
52947
52948
52954
52956
52990
53004
53004
53040
53041
53071
53076
53096
53100
53102
53120
53121
53137
53141
53144
53148
53151
53167
53167
53172
53180
53191
53200
53204
53220
53221
53227
53231
53242
53248
53254
53277
53310
53311
53319
53320
53322
53345
53347
53356
53380
53384
53386
53391
53396
53396
53402
53421
53427
53440
53445
53451
53455
53456
53458
53473
53492
53547
53558
53589
53599
53609
53615
53623
53624
53625
53630
53650
53650
53652
53652
53685
53697
53712
53714
53715
53741
53744
53747
53750
53755
53772
53787
53794
53801
53809
53820
53823
53829
53842
53849
53850
53852
53863
53871
53889
53895
53900
53909
53913
53921
53934
53966
53971
53988
53994
54013
54016
54024
54026
54026
54027
54032
54050
54054
54072
54084
54094
54109
54109
54126
54127
54131
54183
54215
54220
54232
54234
54236
54244
54246
54260
54276
54300
54300
54304
54314
54348
54368
54377
54384
54388
54390
54400
54418
54419
54427
54436
54437
54438
54438
54461
54463
54471
54474
54489
54494
54502
54505
54507
54508
54516
54520
54520
54532
54536
54537
54538
54541
54545
54546
54549
54563
54564
54575
54583
54584
54594
54595
54613
54636
54638
54648
54653
54663
54680
54685
54687
54691
54695
54696
54725
54731
54733
54738
54741
54755
54763
54787
54787
54818
54828
54835
54840
54857
54857
54858
54869
54873
54875
54893
54895
54895
54896
54950
54957
54961
55003
55016
55022
55033
55035
55047
55061
55066
55070
55072
55094
55095
55113
55127
55133
55142
55147
55148
55151
55163
55165
55173
55175
55193
55211
55211
55214
55222
55232
55233
55240
55248
55259
55259
55263
55282
55291
55292
55294
55297
55303
55303
55304
55308
55308
55319
55347
55353
55358
55363
55365
55366
55368
55369
55379
55381
55383
55390
55393
55404
55405
55406
55420
55423
55428
55442
55462
55497
55514
55515
55516
55529
55543
55554
55560
55560
55581
55589
55607
55624
55630
55649
55664
55664
55670
55683
55691
55695
55722
55732
55744
55747
55759
55784
55788
55819
55841
55859
55863
55878
55885
55886
55914
55916
55928
55938
55942
55944
55970
55974
55978
55981
55987
55993
55994
55997
55998
56064
56073
56075
56075
56076
56101
56133
56144
56148
56161
56162
56170
56171
56192
56199
56207
56240
56240
56246
56247
56253
56270
56278
56279
56304
56317
56318
56329
56329
56333
56342
56350
56351
56354
56355
56357
56367
56397
56404
56407
56408
56416
56433
56443
56443
56452
56465
56465
56474
56503
56503
56510
56527
56534
56537
56546
56553
56572
56586
56601
56607
56612
56621
56631
56643
56646
56657
56667
56682
56692
56696
56696
56711
56715
56736
56753
56790
56797
56799
56801
56804
56819
56828
56829
56835
56839
56863
56878
56943
56947
56966
56969
56986
56989
56989
56992
57001
57020
57024
57027
57035
57036
57062
57066
57069
57079
57080
57083
57086
57109
57113
57127
57142
57157
57188
57197
57197
57205
57206
57211
57229
57230
57253
57269
57276
57282
57307
57310
57345
57346
57351
57369
57377
57380
57384
57389
57404
57410
57421
57429
57432
57434
57449
57493
57501
57518
57546
57548
57561
57584
57595
57595
57602
57608
57616
57659
57672
57684
57689
57699
57706
57708
57712
57721
57723
57763
57763
57764
57765
57773
57789
57799
57807
57808
57816
57819
57825
57829
57850
57855
57862
57863
57878
57881
57900
57920
57923
57930
57942
57956
57958
57967
57977
57980
57988
58000
58022
58023
58024
58036
58038
58048
58050
58051
58069
58077
58104
58105
58112
58130
58150
58167
58167
58184
58198
58202
58210
58213
58215
58220
58226
58240
58246
58263
58272
58282
58283
58294
58303
58305
58312
58319
58333
58333
58349
58373
58399
58405
58417
58418
58429
58434
58443
58449
58474
58477
58484
58488
58495
58509
58510
58510
58537
58560
58566
58567
58573
58583
58590
58597
58611
58618
58619
58628
58638
58639
58642
58646
58674
58691
58716
58743
58745
58762
58793
58823
58825
58828
58828
58830
58835
58847
58867
58874
58875
58893
58906
58908
58922
58955
58958
58963
58965
58974
59011
59021
59034
59068
59069
59072
59074
59095
59097
59098
59111
59112
59114
59119
59122
59135
59144
59144
59146
59147
59173
59179
59182
59182
59203
59208
59218
59218
59221
59222
59256
59267
59281
59315
59322
59323
59325
59326
59330
59332
59339
59341
59347
59357
59366
59373
59383
59384
59386
59388
59417
59419
59430
59431
59441
59447
59451
59462
59467
59469
59477
59488
59491
59504
59506
59508
59513
59543
59553
59557
59558
59565
59567
59568
59580
59581
59593
59597
59607
59608
59609
59636
59641
59658
59666
59666
59675
59688
59695
59697
59705
59710
59712
59723
59737
59742
59744
59748
59748
59750
59759
59762
59767
59794
59794
59804
59815
59817
59821
59833
59839
59844
59861
59870
59871
59878
59881
59891
59898
59907
59921
59952
59953
59958
59958
59972
59982
59996
59997
60000
60000
60022
60030
60049
60068
60074
60075
60079
60105
60112
60113
60142
60146
60148
60148
60149
60149
60159
60162
60175
60176
60183
60191
60210
60220
60225
60225
60229
60230
60243
60246
60253
60262
60265
60267
60286
60293
60299
60306
60313
60330
60337
60337
60341
60361
60371
60383
60390
60392
60423
60424
60426
60431
60445
60449
60468
60488
60490
60505
60550
60568
60574
60580
60580
60582
60612
60616
60620
60643
60655
60669
60673
60674
60681
60681
60697
60705
60736
60755
60757
60778
60786
60786
60798
60804
60860
60879
60891
60907
60911
60917
60928
60929
60929
60941
60947
60955
60956
60965
60969
60971
60975
60987
60997
61003
61007
61022
61065
61071
61090
61101
61132
61136
61161
61168
61169
61173
61184
61193
61194
61206
61212
61230
61254
61259
61270
61276
61280
61281
61288
61294
61299
61317
61327
61336
61355
61367
61371
61377
61378
61385
61389
61398
61400
61413
61415
61420
61427
61449
61451
61464
61475
61495
61498
61521
61539
61544
61549
61551
61568
61568
61570
61582
61588
61600
61601
61602
61620
61629
61632
61638
61647
61660
61665
61668
61672
61675
61678
61680
61688
61695
61710
61713
61715
61726
61736
61739
61750
61760
61764
61764
61770
61777
61780
61793
61800
61821
61836
61853
61877
61879
61884
61890
61921
61941
61942
61948
61951
61964
61967
61985
61998
61998
62007
62009
62015
62030
62030
62034
62036
62070
62075
62089
62089
62094
62099
62109
62135
62135
62140
62147
62148
62160
62161
62165
62185
62192
62195
62202
62207
62208
62214
62216
62222
62235
62264
62287
62291
62299
62311
62331
62333
62334
62348
62356
62360
62365
62371
62379
62389
62400
62401
62418
62420
62422
62422
62430
62433
62436
62439
62440
62442
62456
62462
62477
62478
62479
62487
62496
62505
62511
62529
62545
62546
62559
62570
62583
62593
62608
62610
62617
62621
62631
62640
62645
62648
62661
62733
62742
62744
62749
62749
62764
62771
62778
62787
62788
62791
62801
62805
62814
62826
62891
62900
62906
62906
62923
62929
62941
62947
62951
62957
62962
62966
62981
62982
62983
63001
63013
63020
63022
63027
63030
63038
63039
63099
63110
63132
63133
63141
63156
63156
63178
63178
63188
63198
63207
63217
63225
63235
63237
63245
63251
63255
63257
63260
63265
63271
63287
63290
63302
63303
63305
63330
63342
63362
63367
63372
63392
63400
63406
63408
63448
63449
63454
63455
63457
63477
63487
63487
63498
63500
63550
63608
63613
63621
63629
63634
63635
63646
63647
63647
63648
63661
63677
63682
63686
63688
63688
63695
63714
63719
63732
63753
63757
63761
63776
63778
63782
63783
63813
63817
63823
63825
63827
63857
63858
63863
63877
63899
63903
63907
63914
63931
63932
63940
63942
63952
63959
63959
63971
63974
63979
63999
64011
64024
64027
64045
64057
64057
64065
64073
64076
64082
64082
64091
64103
64109
64126
64142
64142
64159
64176
64182
64182
64193
64193
64195
64199
64205
64208
64214
64216
64254
64256
64260
64289
64297
64298
64305
64325
64327
64357
64366
64368
64381
64384
64406
64409
64416
64418
64420
64434
64447
64453
64472
64477
64514
64526
64532
64558
64561
64583
64588
64607
64633
64640
64641
64660
64662
64670
64676
64708
64710
64715
64719
64728
64732
64733
64756
64793
64813
64819
64829
64832
64845
64847
64858
64859
64863
64865
64868
64870
64871
64912
64935
64959
64984
64990
64991
64997
65001
65002
65009
65014
65019
65025
65044
65062
65064
65076
65077
65091
65106
65131
65135
65137
65144
65155
65165
65171
65172
65203
65203
65227
65229
65230
65235
65245
65248
65251
65252
65276
65277
65280
65280
65285
65291
65307
65315
65318
65335
65338
65349
65349
65356
65360
65360
65364
65370
65382
65385
65404
65442
65454
65456
65465
65476
65493
65497
65499
65508
65518
65525
65544
65565
65567
65584
65590
65626
65636
65643
65653
65655
65659
65667
65692
65695
65708
65711
65712
65721
65729
65730
65735
65742
65749
65759
65759
65767
65774
65783
65790
65803
65814
65830
65849
65851
65861
65868
65869
65870
65876
65886
65892
65892
65898
65904
65911
65934
65937
65947
65960
65967
65978
65981
65994
66000
66002
66049
66060
66062
66068
66068
66070
66080
66080
66087
66088
66095
66107
66110
66122
66129
66133
66139
66146
66173
66177
66177
66179
66194
66215
66219
66219
66234
66255
66262
66271
66289
66291
66310
66317
66321
66323
66327
66329
66331
66335
66339
66342
66356
66361
66361
66362
66364
66366
66373
66387
66400
66401
66408
66408
66408
66410
66432
66435
66457
66462
66473
66482
66493
66504
66506
66507
66507
66508
66516
66518
66526
66530
66536
66555
66587
66610
66617
66637
66642
66649
66656
66674
66681
66683
66688
66691
66712
66726
66727
66737
66742
66769
66777
66786
66798
66799
66808
66810
66815
66833
66842
66845
66859
66865
66876
66877
66881
66881
66887
66889
66896
66901
66904
66905
66924
66928
66938
66943
66948
66958
66967
66975
66978
66988
66991
66991
66993
66999
67006
67007
67026
67037
67044
67058
67071
67072
67076
67080
67119
67150
67160
67161
67166
67166
67175
67182
67186
67190
67197
67202
67214
67223
67236
67240
67244
67251
67257
67280
67313
67338
67339
67341
67341
67343
67348
67349
67352
67357
67359
67362
67364
67373
67383
67393
67429
67448
67461
67465
67478
67483
67497
67518
67524
67547
67582
67584
67592
67603
67614
67619
67620
67634
67658
67663
67679
67680
67684
67689
67695
67711
67717
67721
67736
67746
67752
67753
67762
67763
67767
67773
67779
67780
67786
67795
67797
67804
67815
67816
67816
67818
67821
67835
67835
67837
67875
67877
67882
67885
67893
67908
67926
67933
67937
67943
67950
67952
67965
67967
67976
67980
67990
67994
67996
67999
68038
68046
68091
68096
68119
68146
68148
68152
68159
68160
68164
68164
68167
68176
68179
68192
68195
68207
68207
68210
68226
68237
68246
68257
68259
68269
68270
68295
68296
68298
68317
68323
68326
68341
68355
68356
68366
68371
68376
68387
68393
68420
68431
68436
68443
68466
68478
68484
68485
68513
68514
68518
68540
68558
68565
68582
68587
68596
68602
68603
68606
68621
68645
68648
68653
68666
68682
68696
68707
68725
68746
68761
68767
68768
68795
68797
68799
68800
68803
68803
68812
68822
68827
68827
68840
68849
68855
68859
68867
68872
68876
68891
68908
68910
68911
68922
68927
68931
68932
68933
68945
68946
68948
68950
68960
68965
68967
68968
68974
68994
68996
68999
68999
69004
69024
69052
69066
69073
69080
69087
69113
69154
69160
69175
69183
69188
69220
69225
69228
69231
69231
69242
69255
69255
69289
69292
69297
69301
69332
69335
69337
69338
69348
69362
69371
69378
69379
69380
69380
69383
69406
69425
69425
69425
69426
69471
69472
69472
69491
69501
69511
69522
69531
69542
69562
69568
69582
69601
69609
69625
69631
69631
69636
69638
69638
69646
69674
69678
69683
69688
69693
69699
69704
69731
69742
69745
