16
25
29
51
58
58
74
83
83
91
109
114
114
124
141
159
160
161
164
168
178
196
219
220
224
232
235
247
249
253
254
259
282
282
288
294
305
312
320
322
332
342
346
348
355
360
368
378
379
384
392
394
412
450
512
521
521
536
540
541
547
548
566
577
578
584
598
600
610
617
629
632
664
672
694
699
713
733
734
743
750
751
763
764
768
771
774
774
777
797
799
827
848
850
853
869
871
884
888
896
905
906
910
922
935
941
950
957
959
966
968
1005
1006
1022
1030
1048
1050
1050
1057
1070
1072
1080
1083
1103
1112
1116
1120
1126
1141
1181
1182
1195
1201
1203
1204
1212
1213
1239
1240
1242
1279
1282
1285
1298
1305
1316
1318
1385
1385
1391
1395
1406
1409
1437
1445
1451
1467
1468
1471
1473
1474
1488
1507
1509
1516
1528
1547
1554
1554
1563
1565
1572
1572
1612
1621
1637
1638
1654
1667
1671
1678
1688
1689
1708
1713
1717
1726
1726
1728
1730
1733
1739
1739
1741
1747
1757
1759
1760
1769
1784
1788
1801
1813
1814
1822
1823
1831
1854
1868
1871
1882
1883
1893
1904
1917
1920
1921
1942
1949
1979
1981
1983
1984
1994
1997
2006
2017
2020
2023
2030
2035
2041
2044
2062
2065
2069
2077
2085
2087
2089
2109
2120
2185
2185
2207
2213
2232
2241
2259
2259
2266
2273
2318
2318
2325
2333
2357
2368
2380
2393
2400
2400
2403
2410
2418
2418
2420
2426
2433
2437
2441
2442
2455
2456
2457
2461
2476
2476
2479
2483
2529
2531
2534
2544
2550
2562
2578
2589
2592
2597
2600
2616
2637
2642
2646
2663
2665
2668
2669
2682
2683
2690
2692
2699
2707
2707
2711
2719
2721
2722
2728
2747
2766
2784
2807
2814
2841
2860
2870
2871
2875
2882
2888
2895
2927
2938
2952
2952
2956
2956
2957
2959
2963
2964
2982
2993
3013
3016
3016
3018
3040
3051
3056
3056
3063
3067
3068
3073
3087
3102
3106
3117
3136
3137
3145
3146
3152
3161
3176
3180
3189
3201
3202
3222
3247
3253
3259
3261
3267
3291
3293
3299
3299
3301
3302
3303
3320
3324
3331
3332
3340
3342
3350
3368
3375
3375
3387
3398
3401
3401
3402
3427
3440
3442
3485
3490
3506
3510
3515
3525
3529
3530
3556
3562
3573
3574
3576
3598
3598
3599
3603
3604
3623
3623
3640
3643
3647
3653
3653
3657
3667
3673
3688
3713
3721
3730
3744
3745
3759
3760
3763
3788
3801
3811
3812
3817
3817
3819
3831
3836
3845
3845
3861
3864
3890
3892
3896
3896
3901
3905
3929
3947
3953
3957
3965
3966
3988
3990
3994
3998
4013
4019
4029
4035
4038
4055
4064
4068
4070
4073
4082
4083
4091
4094
4100
4103
4110
4110
4115
4118
4121
4126
4134
4137
4146
4147
4179
4183
4188
4192
4200
4229
4230
4233
4237
4237
4239
4243
4254
4269
4273
4274
4280
4285
4288
4312
4341
4342
4343
4348
4349
4349
4351
4355
4375
4386
4393
4401
4403
4404
4416
4417
4428
4430
4430
4431
4452
4457
4466
4473
4485
4501
4504
4520
4521
4544
4553
4556
4557
4570
4573
4577
4588
4609
4620
4623
4623
4654
4656
4676
4693
4694
4708
4709
4711
4716
4716
4716
4722
4733
4733
4738
4749
4749
4756
4764
4777
4784
4787
4787
4796
4813
4818
4819
4819
4822
4829
4834
4838
4841
4863
4866
4900
4920
4929
4932
4954
4959
4962
4964
4997
5004
5019
5033
5035
5054
5055
5067
5070
5074
5078
5089
5094
5101
5128
5142
5149
5152
5163
5166
5177
5183
5206
5225
5258
5266
5269
5278
5289
5294
5299
5311
5324
5336
5342
5344
5365
5379
5380
5385
5396
5397
5400
5407
5408
5409
5421
5430
5442
5442
5448
5454
5489
5499
5507
5511
5515
5521
5535
5539
5539
5543
5544
5550
5571
5572
5576
5595
5636
5639
5643
5653
5653
5662
5665
5713
5723
5733
5735
5736
5742
5751
5757
5764
5774
5782
5792
5801
5805
5806
5815
5816
5817
5836
5839
5840
5847
5849
5853
5861
5867
5882
5905
5907
5924
5926
5936
5940
5941
5960
5967
5978
5991
6011
6014
6024
6028
6029
6039
6050
6058
6068
6070
6075
6081
6087
6096
6118
6132
6148
6149
6156
6159
6166
6176
6188
6191
6199
6201
6203
6205
6218
6221
6223
6230
6231
6261
6277
6288
6288
6291
6296
6303
6310
6340
6347
6348
6353
6358
6376
6378
6384
6391
6398
6417
6425
6438
6443
6446
6450
6476
6497
6499
6502
6509
6514
6517
6527
6530
6531
6531
6546
6553
6557
6561
6566
6568
6574
6582
6585
6590
6592
6604
6611
6613
6614
6637
6644
6659
6662
6665
6670
6670
6689
6708
6714
6733
6764
6765
6767
6768
6777
6780
6781
6784
6827
6833
6857
6861
6865
6869
6878
6894
6908
6919
6937
6940
6948
6963
6963
6963
6964
6975
6977
6985
6985
7003
7011
7013
7015
7015
7028
7030
7038
7038
7047
7057
7061
7086
7089
7094
7101
7104
7112
7135
7141
7148
7153
7162
7164
7167
7172
7184
7186
7195
7222
7239
7241
7243
7258
7266
7274
7281
7286
7288
7293
7299
7303
7305
7309
7314
7315
7320
7329
7329
7330
7337
7338
7346
7359
7362
7363
7365
7367
7374
7374
7400
7407
7419
7454
7455
7461
7461
7461
7480
7486
7489
7491
7497
7499
7509
7511
7513
7536
7537
7539
7540
7550
7576
7586
7599
7607
7612
7613
7617
7620
7638
7640
7649
7651
7655
7661
7666
7667
7675
7679
7685
7688
7694
7706
7711
7713
7719
7731
7731
7732
7757
7758
7761
7761
7784
7791
7809
7824
7835
7855
7859
7866
7872
7895
7912
7922
7929
7935
7965
7966
7980
7990
7992
8005
8018
8027
8034
8039
8042
8050
8078
8080
8083
8086
8090
8092
8092
8109
8114
8115
8118
8134
8142
8145
8147
8154
8156
8166
8168
8170
8173
8184
8210
8212
8225
8230
8238
8264
8280
8284
8290
8295
8297
8316
8324
8338
8340
8343
8348
8354
8358
8360
8376
8398
8408
8421
8421
8427
8459
8496
8502
8513
8520
8521
8525
8528
8536
8538
8546
8548
8549
8554
8554
8563
8565
8566
8568
8573
8581
8594
8597
8599
8600
8603
8612
8617
8623
8628
8638
8638
8639
8669
8672
8690
8703
8706
8711
8715
8726
8741
8751
8763
8766
8769
8779
8799
8832
8835
8841
8841
8850
8864
8869
8885
8889
8891
8909
8915
8916
8921
8925
8936
8937
8947
8957
8958
8969
8972
8981
8981
8986
9000
9002
9006
9010
9018
9027
9029
9044
9047
9051
9053
9064
9065
9072
9079
9082
9083
9092
9095
9122
9130
9131
9175
9177
9185
9185
9195
9217
9224
9229
9229
9251
9255
9259
9263
9304
9304
9312
9321
9332
9339
9362
9374
9378
9378
9379
9379
9388
9396
9402
9404
9414
9420
9431
9457
9459
9460
9465
9468
9470
9471
9472
9478
9484
9485
9501
9507
9516
9527
9532
9537
9545
9547
9554
9576
9579
9590
9604
9607
9612
9612
9625
9629
9632
9635
9650
9667
9686
9687
9695
9707
9716
9717
9719
9736
9763
9777
9779
9804
9807
9811
9812
9813
9813
9821
9825
9831
9839
9854
9854
9866
9868
9892
9923
9924
9974
9977
9996
10017
10024
10024
10031
10041
10045
10046
10047
10061
10062
10065
10066
10102
10117
10124
10124
10125
10149
10174
10192
10204
10210
10212
10232
10233
10246
10250
10252
10254
10260
10266
10271
10278
10284
10284
10296
10297
10300
10334
10342
10368
10374
10390
10401
10415
10430
10450
10459
10471
10474
10479
10490
10499
10509
10513
10520
10521
10521
10558
10567
10574
10577
10585
10590
10593
10604
10607
10616
10624
10627
10631
10638
10640
10648
10657
10666
10676
10683
10689
10715
10720
10736
10742
10744
10758
10764
10771
10773
10780
10781
10799
10812
10814
10817
10822
10823
10823
10828
10831
10839
10864
10873
10873
10887
10905
10907
10914
10919
10928
10935
10943
10946
10950
10957
10965
10965
10979
10980
10980
11000
11005
11013
11020
11026
11031
11059
11062
11066
11066
11072
11074
11082
11084
11090
11092
11106
11126
11132
11143
11150
11190
11235
11243
11254
11260
11267
11284
11302
11310
11315
11316
11329
11353
11357
11386
11405
11408
11443
11461
11461
11465
11468
11468
11488
11493
11501
11506
11525
11526
11532
11537
11540
11551
11577
11586
11595
11615
11620
11628
11641
11646
11648
11650
11670
11672
11686
11687
11691
11700
11701
11703
11724
11771
11778
11781
11784
11800
11804
11805
11820
11835
11848
11864
11864
11866
11869
11870
11879
11905
11938
11943
11951
11965
11984
11989
12000
12002
12005
12005
12006
12008
12010
12026
12033
12056
12067
12071
12073
12073
12099
12112
12148
12149
12155
12178
12197
12208
12212
12224
12228
12231
12232
12243
12243
12248
12262
12275
12285
12313
12315
12315
12331
12340
12343
12349
12365
12389
12398
12402
12403
12423
12432
12440
12442
12444
12452
12458
12465
12471
12487
12505
12507
12513
12525
12527
12541
12573
12580
12583
12585
12598
12645
12649
12670
12674
12683
12690
12692
12714
12727
12728
12729
12730
12735
12736
12748
12749
12770
12771
12776
12806
12808
12819
12834
12842
12847
12856
12864
12869
12876
12895
12901
12902
12907
12910
12915
12919
12923
12928
12931
12954
12955
12958
12960
12962
12975
12981
12998
13000
13004
13016
13019
13021
13024
13040
13047
13050
13056
13062
13064
13067
13071
13079
13079
13088
13097
13103
13112
13135
13142
13144
13147
13151
13154
13156
13161
13163
13168
13170
13180
13194
13195
13212
13224
13229
13243
13251
13262
13265
13273
13279
13279
13318
13326
13336
13342
13343
13354
13358
13361
13372
13394
13395
13409
13414
13435
13439
13439
13456
13502
13531
13545
13556
13560
13563
13568
13588
13591
13591
13595
13601
13608
13624
13634
13642
13644
13648
13663
13664
13692
13697
13700
13704
13722
13730
13732
13748
13748
13789
13795
13795
13800
13817
13839
13843
13846
13851
13852
13853
13872
13885
13888
13891
13895
13911
13917
13917
13931
13939
13949
13966
13976
13977
13983
13993
14003
14008
14025
14051
14052
14061
14079
14083
14084
14094
14094
14099
14129
14133
14136
14143
14148
14151
14153
14155
14160
14163
14177
14190
14190
14192
14193
14206
14221
14221
14234
14235
14237
14239
14246
14251
14286
14297
14307
14315
14332
14332
14339
14340
14342
14350
14361
14378
14381
14394
14421
14428
14437
14450
14456
14458
14466
14468
14481
14481
14513
14517
14520
14524
14527
14530
14533
14541
14565
14576
14581
14593
14611
14611
14615
14623
14636
14644
14653
14656
14685
14697
14712
14714
14717
14720
14724
14726
14728
14728
14733
14735
14744
14759
14760
14763
14766
14803
14808
14811
14844
14848
14848
14850
14855
14868
14880
14896
14904
14908
14911
14915
14915
14920
14946
14951
14955
14961
14963
14964
14972
14973
14983
14990
14991
14994
14995
14996
15004
15010
15027
15043
15061
15063
15114
15119
15124
15134
15138
15151
15153
15156
15158
15160
15165
15171
15175
15179
15182
15183
15187
15189
15192
15198
15207
15217
15221
15223
15226
15230
15235
15239
15241
15244
15246
15266
15273
15274
15282
15290
15298
15302
15308
15314
15326
15330
15333
15334
15350
15359
15361
15363
15367
15373
15377
15382
15387
15403
15405
15407
15414
15418
15420
15423
15434
15448
15465
15470
15485
15486
15493
15504
15513
15523
15547
15552
15555
15557
15565
15584
15586
15586
15596
15604
15611
15636
15647
15667
15669
15682
15683
15695
15702
15702
15704
15705
15708
15734
15739
15741
15751
15753
15761
15774
15774
15778
15792
15795
15820
15826
15830
15841
15848
15858
15865
15887
15889
15894
15906
15916
15917
15919
15941
15942
15962
15964
15980
15987
15999
16011
16020
16065
16070
16084
16098
16098
16117
16118
16124
16126
16132
16139
16151
16152
16154
16167
16169
16170
16175
16180
16186
16193
16199
16204
16209
16213
16225
16244
16249
16249
16265
16270
16276
16278
16286
16295
16296
16303
16308
16320
16343
16359
16381
16383
16388
16421
16424
16453
16481
16483
16495
16496
16497
16500
16501
16503
16504
16520
16525
16531
16539
16539
16554
16567
16572
16585
16607
16648
16655
16657
16659
16661
16665
16685
16690
16696
16708
16727
16736
16741
16747
16749
16754
16765
16768
16775
16803
16806
16813
16822
16826
16844
16851
16868
16870
16877
16878
16895
16902
16908
16909
16909
16921
16933
16941
16945
16946
16950
16957
16957
16966
16975
16984
16990
16999
16999
17003
17027
17036
17051
17060
17081
17088
17091
17108
17109
17110
17111
17119
17121
17121
17129
17136
17138
17151
17164
17169
17180
17191
17193
17195
17196
17204
17225
17229
17237
17240
17245
17260
17274
17290
17295
17327
17341
17348
17363
17377
17382
17409
17412
17421
17431
17452
17453
17457
17495
17497
17500
17501
17510
17526
17543
17543
17549
17554
17556
17557
17577
17589
17590
17592
17598
17601
17609
17613
17636
17650
17657
17670
17677
17679
17683
17684
17687
17689
17694
17700
17703
17710
17711
17723
17750
17752
17754
17762
17775
17799
17808
17810
17816
17824
17828
17831
17834
17847
17850
17866
17896
17896
17897
17897
17899
17899
17903
17904
17906
17908
17914
17920
17923
17926
17931
17939
17970
17974
17976
17995
17998
18003
18022
18028
18061
18072
18084
18085
18113
18119
18150
18163
18169
18196
18205
18206
18211
18213
18234
18234
18258
18273
18279
18286
18325
18331
18336
18337
18344
18353
18360
18363
18374
18379
18387
18395
18395
18397
18415
18425
18428
18435
18437
18447
18469
18471
18500
18505
18507
18516
18524
18525
18551
18551
18559
18562
18562
18576
18581
18583
18586
18587
18600
18607
18617
18646
18666
18672
18677
18677
18680
18682
18683
18684
18705
18720
18721
18721
18728
18736
18738
18745
18752
18753
18753
18761
18764
18771
18771
18774
18795
18805
18806
18807
18813
18824
18834
18837
18844
18857
18864
18867
18868
18876
18887
18900
18907
18914
18914
18918
18922
18926
18928
18935
18942
18978
18981
18983
18992
18998
19012
19017
19017
19021
19040
19040
19045
19063
19081
19094
19094
19097
19099
19101
19108
19112
19120
19127
19127
19159
19162
19182
19203
19203
19249
19252
19283
19283
19292
19306
19306
19306
19318
19353
19364
19384
19401
19404
19406
19423
19426
19437
19454
19458
19461
19471
19485
19494
19497
19497
19510
19515
19521
19532
19536
19547
19575
19589
19617
19624
19637
19639
19641
19647
19661
19664
19664
19694
19705
19714
19726
19748
19752
19753
19758
19765
19776
19783
19783
19794
19800
19803
19811
19816
19829
19832
19834
19863
19865
19867
19891
19904
19906
19931
19932
19947
19952
19954
19954
19961
19967
19968
19969
19980
19982
19989
20003
20023
20024
20036
20038
20041
20047
20048
20052
20056
20059
20062
20088
20088
20097
20113
20121
20126
20130
20140
20145
20146
20170
20184
20200
20211
20213
20218
20228
20241
20261
20279
20281
20294
20298
20308
20323
20329
20343
20373
20379
20395
20423
20424
20429
20437
20438
20450
20465
20476
20477
20477
20488
20489
20509
20519
20531
20537
20550
20574
20585
20592
20593
20594
20600
20603
20610
20611
20617
20639
20651
20651
20654
20671
20674
20681
20682
20693
20696
20702
20733
20737
20741
20743
20752
20753
20777
20780
20796
20802
20803
20805
20806
20817
20818
20820
20842
20850
20862
20868
20868
20873
20873
20875
20885
20890
20890
20899
20902
20905
20931
20939
20940
20958
20966
20968
20968
20980
20980
20982
20996
21009
21017
21039
21043
21044
21053
21064
21068
21070
21071
21080
21082
21092
21098
21108
21110
21125
21126
21127
21127
21131
21133
21158
21176
21181
21183
21185
21193
21225
21236
21253
21265
21274
21279
21290
21296
21298
21306
21321
21331
21343
21344
21369
21375
21385
21389
21393
21403
21407
21418
21430
21432
21453
21462
21465
21466
21467
21473
21475
21476
21478
21479
21488
21503
21504
21513
21515
21528
21539
21551
21552
21566
21578
21583
21591
21601
21601
21602
21620
21635
21644
21678
21680
21688
21700
21701
21705
21708
21709
21711
21712
21746
21751
21775
21806
21848
21852
21859
21875
21879
21882
21906
21914
21921
21944
21951
21951
21963
21965
21973
21988
21990
21991
22006
22013
22015
22029
22031
22032
22039
22049
22049
22050
22054
22060
22066
22094
22099
22121
22135
22138
22154
22159
22170
22185
22195
22199
22214
22214
22218
22224
22234
22236
22237
22238
22240
22245
22250
22253
22265
22267
22272
22275
22289
22299
22299
22305
22309
22313
22316
22326
22332
22332
22336
22347
22349
22354
22361
22367
22385
22390
22391
22392
22395
22396
22402
22412
22432
22432
22435
22440
22440
22444
22462
22462
22468
22487
22491
22493
22502
22513
22530
22537
22554
22586
22590
22590
22614
22642
22653
22654
22658
22677
22678
22682
22688
22691
22712
22714
22718
22733
22747
22749
22751
22762
22763
22763
22773
22775
22778
22786
22787
22792
22798
22813
22821
22829
22832
22843
22852
22857
22868
22870
22873
22899
22905
22910
22923
22926
22940
22942
22945
22952
22964
22965
22974
22989
22995
23019
23023
23041
23062
23080
23099
23126
23144
23163
23165
23166
23175
23176
23182
23199
23202
23215
23226
23231
23233
23252
23257
23257
23264
23266
23284
23301
23301
23317
23321
23329
23329
23342
23346
23352
23366
23374
23374
23389
23406
23417
23420
23429
23433
23433
23447
23453
23482
23483
23486
23489
23494
23495
23508
23521
23537
23537
23538
23539
23551
23551
23552
23558
23560
23560
23578
23614
23620
23646
23649
23654
23660
23674
23683
23683
23690
23691
23693
23699
23703
23724
23773
23782
23799
23806
23808
23808
23812
23819
23821
23839
23859
23860
23870
23873
23877
23914
23928
23931
23949
23963
23969
23971
23977
23980
23989
24012
24014
24028
24037
24053
24063
24072
24079
24082
24117
24136
24137
24138
24140
24143
24149
24159
24160
24168
24173
24179
24198
24201
24212
24224
24248
24257
24260
24268
24273
24274
24286
24306
24314
24316
24328
24330
24332
24332
24336
24345
24348
24349
24352
24367
24378
24383
24391
24393
24400
24400
24415
24446
24447
24460
24461
24467
24469
24474
24481
24499
24501
24503
24524
24536
24544
24562
24563
24572
24578
24579
24581
24587
24598
24599
24607
24613
24615
24618
24634
24636
24637
24637
24638
24647
24669
24679
24680
24698
24709
24716
24722
24723
24733
24736
24739
24743
24761
24789
24789
24795
24803
24807
24815
24815
24816
24839
24849
24853
24856
24867
24871
24883
24887
24890
24890
24894
24895
24898
24900
24904
24905
24909
24935
24968
24973
24981
24986
24995
24998
24999
25006
25006
25010
25014
25028
25032
25035
25067
25069
25075
25086
25087
25091
25101
25103
25119
25121
25121
25127
25128
25145
25152
25157
25164
25171
25185
25189
25199
25200
25202
25216
25249
25251
25252
25258
25264
25287
25294
25295
25295
25310
25310
25310
25328
25339
25347
25363
25367
25376
25377
25380
25383
25404
25407
25412
25419
25424
25433
25447
25458
25458
25461
25467
25467
25473
25487
25507
25507
25536
25539
25554
25555
25572
25592
25603
25629
25666
25679
25688
25690
25693
25697
25704
25723
25728
25735
25764
25770
25789
25802
25803
25807
25830
25838
25858
25860
25863
25867
25880
25882
25890
25895
25911
25929
25934
25944
25944
25947
25953
25955
25955
25960
25981
25985
25988
25988
26011
26016
26023
26024
26024
26042
26045
26054
26058
26063
26065
26071
26073
26085
26088
26105
26106
26116
26123
26126
26128
26139
26159
26166
26170
26172
26173
26176
26180
26201
26209
26212
26219
26219
26228
26240
26250
26251
26254
26256
26259
26263
26270
26274
26277
26292
26297
26342
26348
26371
26382
26383
26396
26398
26404
26410
26418
26424
26425
26427
26433
26439
26444
26447
26448
26449
26459
26468
26472
26479
26482
26491
26522
26529
26533
26550
26557
26561
26566
26587
26590
26593
26594
26597
26605
26606
26607
26623
26629
26629
26645
26653
26686
26693
26699
26717
26717
26743
26756
26758
26763
26780
26789
26792
26797
26805
26810
26823
26839
26841
26861
26882
26884
26888
26926
26932
26936
26937
26946
26948
26955
26974
27003
27004
27006
27027
27035
27038
27061
27063
27072
27082
27104
27112
27112
27118
27120
27126
27131
27133
27142
27147
27148
27154
27154
27169
27187
27192
27194
27207
27212
27251
27266
27294
27301
27304
27309
27311
27322
27335
27339
27344
27352
27366
27374
27375
27378
27382
27383
27384
27389
27391
27396
27407
27407
27417
27417
27422
27423
27426
27454
27463
27473
27479
27482
27485
27487
27497
27500
27507
27509
27512
27515
27524
27530
27533
27534
27576
27588
27607
27608
27611
27615
27626
27630
27652
27652
27653
27672
27677
27696
27721
27736
27739
27744
27744
27752
27764
27786
27805
27808
27815
27823
27823
27827
27833
27849
27855
27859
27860
27864
27882
27889
27903
27905
27914
27921
27924
27931
27935
27938
27972
27976
27988
28007
28007
28008
28033
28039
28044
28047
28058
28062
28088
28095
28131
28136
28137
28156
28163
28164
28175
28186
28188
28201
28203
28206
28215
28227
28228
28237
28251
28256
28267
28267
28268
28274
28277
28285
28287
28291
28294
28299
28299
28299
28303
28318
28321
28327
28340
28341
28344
28352
28375
28395
28397
28405
28411
28414
28419
28419
28435
28435
28444
28445
28454
28459
28460
28468
28485
28488
28499
28501
28502
28502
28508
28513
28530
28560
28564
28591
28595
28597
28627
28630
28636
28645
28645
28645
28646
28655
28676
28694
28696
28727
28739
28740
28746
28749
28755
28760
28764
28764
28766
28776
28777
28779
28782
28788
28790
28794
28799
28807
28810
28811
28814
28821
28823
28823
28823
28828
28836
28837
28841
28847
28859
28872
28877
28880
28883
28886
28887
28890
28893
28895
28905
28909
28953
28953
28967
28979
28999
29001
29058
29061
29064
29067
29072
29074
29077
29081
29091
29099
29106
29120
29124
29126
29129
29132
29135
29142
29149
29150
29155
29167
29175
29182
29185
29188
29200
29209
29213
29214
29240
29259
29272
29286
29339
29359
29388
29411
29417
29433
29441
29446
29446
29466
29472
29478
29480
29496
29501
29515
29518
29535
29536
29537
29547
29551
29557
29566
29576
29589
29617
29617
29625
29630
29652
29658
29659
29670
29672
29673
29678
29680
29694
29695
29708
29711
29723
29740
29750
29761
29776
29787
29787
29817
29823
29832
29849
29861
29861
29862
29871
29877
29882
29914
29916
29928
29930
29933
29935
29945
29950
29963
29966
29979
29986
29992
30004
30017
30021
30025
30030
30037
30042
30049
30053
30058
30065
30067
30081
30106
30111
30115
30125
30129
30137
30138
30145
30159
30182
30188
30193
30197
30201
30202
30205
30205
30207
30225
30228
30240
30243
30248
30253
30257
30269
30277
30299
30306
30320
30324
30325
30342
30358
30365
30435
30461
30484
30488
30490
30493
30501
30507
30512
30515
30535
30540
30546
30553
30554
30573
30588
30598
30615
30618
30625
30652
30656
30666
30684
30737
30750
30762
30766
30773
30775
30793
30819
30823
30828
30830
30836
30846
30867
30869
30877
30888
30910
30914
30932
30938
30939
30945
30945
30945
30948
30955
30956
30985
30986
30989
30992
30993
31002
31003
31018
31024
31040
31046
31046
31054
31057
31068
31069
31079
31081
31087
31118
31131
31146
31178
31179
31189
31198
31209
31220
31220
31261
31265
31279
31290
31310
31324
31330
31356
31362
31381
31398
31409
31420
31421
31433
31436
31438
31441
31457
31459
31465
31479
31483
31491
31491
31492
31500
31507
31510
31532
31535
31541
31543
31550
31555
31582
31611
31613
31614
31624
31632
31636
31651
31666
31673
31684
31687
31696
31706
31709
31711
31715
31724
31727
31728
31737
31739
31751
31756
31773
31779
31823
31857
31864
31867
31873
31939
31956
31958
31967
31971
32004
32011
32016
32055
32062
32066
32072
32078
32079
32102
32103
32105
32105
32109
32110
32112
32131
32135
32140
32164
32169
32176
32188
32195
32202
32205
32218
32245
32247
32249
32249
32259
32275
32321
32351
32356
32360
32370
32383
32384
32391
32398
32424
32424
32425
32433
32435
32457
32463
32463
32465
32468
32477
32480
32480
32486
32493
32503
32506
32515
32522
32533
32533
32540
32549
32568
32575
32592
32605
32607
32608
32610
32615
32617
32641
32643
32644
32644
32662
32675
32682
32685
32706
32709
32711
32713
32718
32727
32735
32737
32750
32754
32816
32827
32834
32856
32870
32870
32871
32881
32893
32896
32897
32901
32901
32908
32912
32915
32923
32924
32927
32944
32966
32977
32986
32990
32994
33006
33008
33010
33016
33019
33024
33032
33033
33039
33045
33046
33049
33076
33079
33085
33085
33103
33104
33116
33130
33143
33153
33156
33174
33193
33196
33210
33212
33229
33241
33263
33276
33283
33285
33286
33288
33291
33292
33293
33298
33302
33328
33335
33336
33344
33344
33345
33346
33363
33367
33371
33380
33384
33388
33396
33398
33417
33420
33446
33453
33473
33478
33483
33496
33500
33512
33516
33522
33537
33538
33541
33545
33548
33567
33570
33576
33587
33589
33593
33596
33602
33612
33620
33625
33634
33644
33650
33662
33680
33680
33686
33708
33751
33754
33766
33767
33772
33773
33773
33781
33784
33798
33805
33811
33814
33849
33849
33860
33865
33867
33870
33874
33881
33899
33903
33946
33958
33980
33998
34015
34017
34030
34031
34032
34049
34064
34071
34081
34087
34098
34102
34108
34114
34115
34120
34121
34128
34131
34141
34155
34167
34170
34179
34184
34202
34214
34220
34226
34228
34243
34244
34264
34273
34276
34289
34296
34298
34312
34325
34340
34340
34347
34355
34368
34389
34394
34394
34399
34402
34411
34437
34445
34446
34453
34456
34457
34482
34484
34494
34509
34517
34521
34553
34571
34571
34572
34578
34579
34596
34605
34610
34614
34619
34619
34634
34651
34651
34662
34665
34674
34678
34682
34690
34694
34695
34696
34701
34720
34722
34730
34733
34740
34744
34769
34783
34802
34811
34815
34821
34826
34829
34830
34849
34849
34853
34857
34867
34869
34886
34887
34892
34896
34898
34900
34905
34908
34910
34912
34912
34913
34913
34921
34929
34934
34934
34958
34970
34971
34997
35030
35038
35039
35045
35047
35047
35062
35064
35068
35072
35078
35079
35096
35106
35120
35124
35141
35142
35159
35194
35204
35205
35211
35228
35231
35242
35248
35256
35259
35260
35269
35283
35285
35295
35296
35308
35310
35311
35316
35319
35333
35346
35349
35387
35393
35406
35420
35426
35432
35435
35443
35453
35464
35465
35473
35477
35485
35500
35502
35510
35538
35546
35547
35577
35607
35635
35636
35646
35655
35657
35678
35683
35708
35709
35710
35723
35726
35729
35731
35738
35740
35747
35749
35759
35763
35778
35799
35812
35824
35828
35849
35854
35856
35856
35857
35866
35867
35871
35899
35902
35902
35908
35910
35915
35924
35927
35939
35952
35961
35973
35989
35989
35993
36006
36024
36043
36044
36063
36064
36065
36065
36073
36078
36082
36084
36089
36095
36106
36114
36121
36122
36135
36142
36143
36161
36188
36207
36212
36223
36223
36238
36283
36286
36320
36326
36328
36330
36341
36356
36376
36377
36383
36388
36391
36392
36393
36408
36412
36418
36428
36437
36439
36442
36458
36475
36476
36480
36482
36488
36490
36490
36494
36498
36499
36525
36529
36531
36551
36552
36561
36564
36566
36569
36569
36574
36580
36584
36593
36603
36609
36644
36651
36659
36661
36664
36665
36666
36699
36704
36711
36711
36715
36719
36732
36736
36740
36752
36758
36763
36786
36790
36796
36797
36800
36810
36816
36827
36848
36851
36872
36880
36883
36886
36888
36897
36907
36916
36939
36941
36952
36962
36965
36968
36978
36980
36985
36991
37003
37004
37006
37019
37034
37053
37055
37058
37063
37079
37093
37093
37099
37126
37126
37137
37144
37145
37149
37151
37162
37167
37172
37174
37197
37200
37206
37215
37221
37222
37230
37238
37240
37254
37278
37291
37298
37300
37312
37314
37323
37328
37332
37337
37356
37402
37402
37405
37415
37431
37439
37439
37464
37478
37483
37489
37494
37497
37529
37536
37544
37547
37547
37567
37571
37582
37606
37621
37624
37630
37656
37666
37674
37676
37676
37680
37680
37686
37696
37702
37705
37709
37710
37721
37729
37752
37757
37761
37765
37766
37772
37772
37783
37794
37795
37803
37803
37812
37815
37830
37832
37835
37841
37842
37844
37845
37864
37865
37878
37888
37890
37897
37902
37906
37910
37913
37916
37927
37927
37929
37931
37959
37973
37976
37980
37989
37992
37992
37994
37997
38000
38026
38038
38047
38057
38059
38063
38085
38093
38093
38093
38095
38106
38121
38132
38151
38157
38158
38197
38197
38206
38212
38232
38241
38241
38242
38245
38246
38250
38250
38270
38272
38293
38294
38328
38338
38343
38359
38364
38368
38402
38403
38411
38437
38442
38451
38455
38459
38469
38473
38474
38478
38482
38483
38490
38492
38497
38501
38509
38535
38546
38556
38568
38569
38572
38584
38617
38618
38634
38640
38641
38645
38646
38647
38661
38676
38684
38686
38686
38690
38694
38698
38722
38733
38744
38758
38763
38779
38786
38789
38798
38804
38830
38853
38865
38868
38871
38878
38880
38880
38886
38893
38896
38918
38919
38928
38930
38932
38938
38939
38940
38941
38949
38966
38966
38978
38986
38997
39003
39020
39025
39028
39039
39042
39046
39048
39049
39052
39053
39070
39082
39091
39096
39099
39116
39131
39140
39143
39176
39190
39204
39212
39218
39219
39222
39238
39255
39260
39264
39278
39284
39286
39299
39303
39314
39316
39321
39338
39346
39356
39357
39380
39382
39384
39385
39394
39424
39429
39436
39460
39461
39467
39471
39481
39490
39491
39494
39501
39520
39525
39539
39547
39552
39560
39566
39575
39583
39590
39597
39598
39604
39606
39606
39610
39635
39643
39649
39653
39672
39688
39693
39705
39710
39710
39712
39716
39718
39719
39725
39746
39788
39792
39796
39823
39824
39839
39852
39854
39888
39892
39919
39932
39933
39945
39946
39953
39966
39966
39977
39984
39986
39986
40006
40024
40025
40031
40038
40044
40047
40061
40068
40069
40072
40087
40088
40091
40096
40098
40117
40119
40131
40132
40132
40140
40154
40166
40177
40179
40183
40197
40201
40206
40224
40229
40233
40235
40238
40263
40264
40264
40267
40280
40281
40295
40316
40320
40342
40348
40350
40357
40371
40372
40376
40386
40390
40400
40407
40408
40416
40436
40454
40458
40467
40493
40496
40499
40532
40540
40546
40564
40566
40567
40569
40580
40583
40585
40590
40596
40598
40599
40599
40606
40626
40631
40674
40675
40685
40708
40708
40711
40712
40715
40720
40729
40734
40740
40769
40775
40776
40778
40788
40788
40816
40818
40833
40840
40845
40854
40855
40865
40870
40876
40880
40882
40890
40894
40899
40917
40920
40938
40940
40941
40944
40944
40953
40961
40965
40970
40970
40975
40975
40999
41000
41006
41008
41013
41022
41033
41037
41038
41050
41050
41063
41085
41096
41109
41112
41124
41126
41137
41144
41144
41148
41149
41172
41175
41202
41202
41207
41210
41237
41272
41277
41281
41325
41327
41339
41377
41388
41394
41397
41397
41402
41404
41406
41431
41437
41453
41455
41502
41503
41553
41562
41562
41564
41565
41571
41574
41600
41606
41620
41642
41657
41659
41673
41675
41686
41687
41701
41709
41728
41728
41732
41734
41739
41744
41760
41768
41783
41810
41811
41823
41828
41835
41840
41849
41851
41856
41856
41885
41889
41892
41892
41893
41896
41927
41937
41950
41953
41959
41976
41976
41977
41980
41990
41993
41996
42018
42019
42022
42039
42041
42048
42061
42069
42079
42084
42089
42098
42098
42098
42099
42113
42118
42148
42149
42185
42188
42235
42238
42262
42263
42296
42321
42328
42340
42346
42363
42371
42372
42372
42377
42388
42391
42392
42394
42406
42417
42423
42437
42445
42458
42463
42472
42479
42482
42482
42497
42503
42506
42507
42507
42542
42546
42548
42550
42551
42551
42555
42559
42571
42576
42577
42590
42596
42597
42611
42624
42638
42639
42648
42649
42666
42671
42683
42685
42687
42704
42705
42715
42719
42733
42735
42739
42759
42768
42777
42831
42836
42847
42856
42871
42890
42892
42894
42914
42929
42935
42955
42961
42964
42980
42981
42982
42990
42998
43002
43004
43008
43011
43022
43024
43030
43042
43048
43054
43071
43076
43082
43088
43090
43096
43113
43126
43139
43143
43148
43148
43149
43152
43157
43158
43166
43188
43200
43203
43207
43216
43221
43223
43229
43248
43252
43258
43266
43280
43283
43283
43301
43305
43307
43315
43318
43322
43328
43334
43334
43334
43348
43361
43378
43382
43383
43385
43389
43389
43397
43419
43423
43436
43442
43446
43454
43456
43468
43472
43477
43482
43489
43493
43500
43501
43507
43507
43523
43528
43533
43538
43541
43545
43564
43577
43592
43599
43602
43603
43610
43616
43642
43643
43666
43676
43679
43696
43711
43711
43724
43731
43755
43760
43770
43783
43793
43797
43800
43803
43811
43825
43826
43842
43852
43866
43867
43870
43871
43876
43898
43914
43919
43926
43941
43948
43977
43987
43991
43991
44004
44004
44015
44065
44081
44082
44089
44108
44111
44126
44128
44138
44144
44146
44147
44155
44166
44172
44184
44195
44205
44206
44206
44208
44211
44213
44222
44226
44232
44261
44261
44272
44288
44298
44306
44317
44321
44328
44330
44346
44346
44349
44355
44359
44377
44384
44413
44433
44440
44458
44485
44497
44505
44505
44506
44529
44547
44547
44564
44566
44576
44582
44589
44639
44646
44670
44678
44694
44695
44702
44705
44709
44710
44712
44714
44729
44750
44760
44771
44777
44780
44783
44790
44795
44796
44803
44814
44817
44826
44846
44864
44867
44900
44902
44930
44933
44941
44942
44951
44987
44992
44995
45020
45020
45050
45053
45062
45067
45110
45115
45124
45126
45128
45130
45153
45171
45189
45192
45208
45212
45223
45227
45235
45251
45255
45256
45262
45285
45301
45304
45307
45329
45332
45356
45357
45371
45390
45390
45399
45419
45419
45425
45441
45445
45452
45453
45464
45470
45476
45489
45491
45501
45514
45514
45517
45518
45518
45525
45529
45530
45531
45534
45539
45558
45568
45582
45592
45604
45608
45612
45617
45623
45627
45631
45634
45645
45646
45666
45675
45677
45678
45704
45705
45705
45724
45728
45732
45740
45752
45764
45806
45807
45807
45808
45813
45816
45817
45824
45826
45829
45830
45831
45839
45843
45860
45878
45891
45894
45896
45909
45911
45914
45917
45939
45943
45980
45982
45984
45991
45992
46001
46002
46013
46015
46037
46056
46062
46063
46069
46102
46121
46124
46125
46126
46129
46131
46132
46141
46155
46191
46206
46229
46229
46248
46250
46252
46256
46264
46265
46313
46322
46332
46333
46345
46347
46365
46366
46366
46385
46386
46386
46405
46412
46412
46437
46438
46440
46447
46456
46461
46469
46476
46483
46501
46509
46515
46542
46543
46559
46567
46578
46583
46586
46587
46599
46603
46606
46610
46615
46631
46635
46637
46639
46639
46643
46651
46652
46653
46677
46688
46689
46691
46713
46729
46732
46736
46737
46741
46750
46754
46766
46770
46787
46787
46793
46799
46804
46807
46808
46818
46819
46823
46834
46840
46848
46863
46874
46875
46883
46885
46899
46906
46908
46929
46947
46950
46954
46955
46955
46959
46965
46970
46971
46978
46989
47000
47007
47008
47008
47016
47016
47022
47023
47030
47031
47039
47044
47045
47061
47064
47075
47076
47100
47109
47129
47138
47141
47146
47149
47151
47159
47162
47168
47187
47196
47197
47197
47198
47218
47224
47244
47260
47285
47289
47295
47298
47301
47303
47314
47317
47322
47327
47333
47340
47341
47350
47352
47356
47378
47382
47390
47397
47425
47426
47434
47444
47451
47452
47465
47474
47478
47490
47493
47499
47511
47515
47518
47525
47556
47561
47563
47595
47606
47607
47626
47641
47645
47648
47664
47674
47674
47686
47728
47734
47740
47744
47748
47752
47753
47759
47763
47773
47794
47794
47808
47811
47815
47817
47819
47820
47838
47838
47843
47850
47858
47883
47895
47900
47903
47903
47908
47940
47945
47948
47955
47980
47993
48007
48012
48018
48029
48032
48053
48058
48058
48061
48083
48089
48104
48111
48111
48155
48166
48168
48178
48188
48226
48237
48246
48250
48253
48268
48270
48283
48289
48290
48327
48338
48339
48355
48360
48361
48369
48379
48385
48391
48393
48412
48429
48439
48462
48474
48475
48479
48485
48511
48523
48525
48526
48529
48530
48555
48579
48604
48614
48621
48628
48632
48635
48638
48644
48651
48653
48665
48668
48698
48709
48712
48713
48737
48742
48758
48761
48774
48777
48791
48797
48805
48810
48818
48818
48824
48826
48826
48850
48881
48882
48885
48886
48889
48893
48913
48923
48923
48925
48929
48933
48939
48957
48959
48960
48961
48978
48985
48986
48993
48994
49021
49024
49027
49040
49052
49055
49061
49069
49124
49128
49131
49155
49158
49160
49167
49169
49177
49217
49239
49249
49273
49273
49276
49279
49280
49283
49305
49318
49320
49344
49353
49355
49361
49363
49370
49382
49413
49454
49460
49478
49480
49490
49492
49494
49494
49496
49497
49499
49505
49515
49522
49537
49546
49548
49549
49570
49588
49592
49616
49617
49630
49642
49664
49664
49669
49686
49687
49687
49698
49699
49704
49707
49709
49727
49738
49739
49746
49753
49753
49758
49771
49776
49794
49804
49806
49810
49819
49830
49835
49850
49854
49864
49868
49869
49895
49896
49900
49907
49932
49945
49955
49977
49977
49982
49984
49986
49990
49993
49997
50004
50018
50042
50079
50092
50115
50124
50140
50145
50157
50160
50168
50169
50170
50226
50227
50230
50232
50235
50243
50256
50277
50278
50284
50289
50290
50291
50321
50342
50347
50360
50361
50372
50380
50396
50406
50409
50418
50423
50423
50452
50460
50467
50477
50477
50481
50481
50483
50488
50496
50497
50543
50552
50561
50568
50588
50602
50606
50609
50615
50623
50641
50679
50684
50684
50688
50692
50692
50701
50702
50703
50705
50708
50710
50710
50717
50722
50756
50763
50778
50790
50796
50804
50804
50804
50815
50817
50818
50825
50831
50831
50834
50835
50846
50847
50860
50862
50863
50869
50878
50881
50897
50900
50902
50922
50932
50946
50958
50974
50997
51002
51013
51015
51016
51017
51028
51038
51045
51050
51051
51070
51076
51080
51080
51080
51080
51090
51098
51109
51122
51125
51127
51132
51145
51145
51150
51194
51240
51242
51251
51260
51273
51281
51292
51294
51299
51322
51325
51331
51338
51352
51352
51368
51370
51373
51387
51390
51403
51408
51422
51437
51465
51466
51479
51489
51494
51504
51504
51522
51533
51534
51562
51585
51592
51606
51609
51610
51659
51675
51680
51695
51722
51730
51735
51738
51744
51753
51759
51765
51769
51773
51789
51793
51805
51810
51812
51814
51831
51836
51842
51843
51847
51850
51856
51890
51903
51906
51917
51919
51920
51923
51958
51959
51972
51982
51983
51988
51996
52005
52027
52033
52039
52041
52046
52063
52084
52085
52086
52092
52092
52094
52110
52116
52121
52123
52125
52136
52139
52145
52146
52146
52148
52166
52178
52188
52194
52194
52197
52199
52203
52204
52205
52207
52221
52223
52233
52245
52245
52251
52251
52251
52302
52303
52326
52329
52331
52378
52387
52388
52404
52408
52417
52425
52427
52431
52440
52448
52449
52460
52464
52476
52477
52483
52506
52514
52516
52519
52519
52519
52531
52535
52540
52554
52599
52607
52608
52619
52631
52638
52648
52664
52690
52694
52706
52714
52721
52722
52736
52748
52749
52794
52816
52817
52820
52832
52834
52840
52844
52880
52880
52883
52885
52897
52898
52900
52904
52916
52930
52930
52943
52951
52964
52983
53011
53014
53017
53026
53045
53061
53062
53067
53069
53075
53110
53119
53134
53140
53144
53151
53154
53159
53174
53174
53180
53186
53186
53208
53215
53225
53237
53247
53248
53249
53273
53287
53287
53290
53291
53303
53307
53311
53314
53326
53330
53336
53343
53358
53377
53396
53396
53400
53403
53411
53418
53419
53420
53422
53441
53448
53461
53464
53479
53480
53523
53529
53551
53553
53555
53561
53564
53571
53573
53578
53580
53582
53593
53595
53611
53612
53619
53630
53653
53662
53668
53673
53675
53681
53691
53705
53709
53717
53720
53722
53737
53740
53754
53786
53787
53789
53804
53813
53825
53832
53844
53844
53849
53859
53870
53871
53875
53880
53890
53900
53904
53911
53918
53927
53937
53955
53962
53967
53970
53971
53974
53982
53995
54003
54006
54018
54035
54038
54046
54053
54056
54057
54097
54106
54108
54112
54114
54116
54129
54130
54142
54146
54148
54148
54181
54185
54185
54185
54200
54200
54203
54209
54231
54234
54241
54243
54257
54258
54269
54272
54286
54287
54293
54297
54300
54305
54328
54330
54334
54352
54355
54376
54392
54398
54400
54418
54424
54447
54457
54478
54491
54498
54501
54503
54524
54531
54542
54543
54546
54566
54573
54575
54577
54598
54601
54602
54639
54644
54678
54719
54722
54723
54724
54724
54726
54727
54730
54741
54746
54747
54768
54777
54789
54791
54809
54810
54817
54821
54821
54824
54826
54828
54833
54855
54861
54888
54895
54895
54905
54916
54927
54928
54941
54941
54961
54965
54968
54972
54973
54975
54984
54990
55004
55027
55031
55046
55064
55070
55073
55077
55083
55094
55101
55105
55122
55126
55129
55134
55137
55139
55146
55147
55157
55160
55165
55169
55176
55196
55206
55225
55267
55270
55275
55313
55317
55342
55342
55350
55353
55365
55367
55376
55377
55386
55403
55408
55422
55440
55448
55460
55466
55468
55487
55502
55517
55519
55542
55560
55563
55567
55571
55584
55598
55609
55611
55632
55633
55639
55653
55656
55660
55664
55667
55668
55668
55675
55678
55682
55684
55687
55688
55696
55700
55713
55714
55717
55723
55724
55736
55741
55745
55770
55775
55785
55789
55798
55805
55808
55809
55813
55814
55817
55818
55818
55820
55826
55829
55842
55851
55858
55867
55876
55877
55878
55883
55902
55903
55905
55943
55973
55975
55982
55989
56002
56003
56019
56026
56035
56048
56062
56070
56073
56074
56078
56090
56110
56111
56120
56121
56121
56127
56141
56148
56160
56163
56166
56170
56189
56200
56206
56215
56232
56233
56237
56241
56244
56254
56272
56291
56292
56293
56294
56309
56313
56315
56316
56317
56326
56330
56357
56359
56360
56370
56376
56376
56381
56393
56400
56403
56411
56423
56431
56434
56448
56453
56456
56458
56468
56471
56472
56475
56478
56490
56504
56514
56518
56521
56523
56524
56526
56528
56535
56545
56545
56549
56549
56563
56574
56584
56597
56606
56609
56611
56611
56615
56617
56658
56673
56679
56682
56693
56698
56710
56713
56715
56717
56721
56728
56753
56776
56777
56796
56800
56800
56803
56812
56823
56831
56840
56864
56878
56883
56884
56891
56911
56923
56934
56938
56941
56963
56964
56970
56978
56981
56982
56985
56992
57013
57014
57014
57036
57037
57042
57044
57044
57047
57051
57053
57056
57057
57062
57064
57074
57079
57086
57106
57111
57114
57114
57121
57131
57142
57144
57151
57163
57167
57181
57183
57196
57211
57213
57219
57223
57231
57234
57237
57246
57262
57277
57280
57293
57311
57311
57314
57315
57315
57333
57336
57347
57367
57375
57405
57451
57467
57474
57480
57486
57489
57489
57491
57513
57520
57523
57532
57533
57536
57541
57544
57563
57568
57574
57582
57583
57585
57594
57620
57621
57626
57631
57647
57647
57653
57663
57670
57678
57683
57683
57683
57696
57704
57709
57711
57719
57727
57733
57738
57739
57741
57747
57749
57769
57787
57788
57793
57800
57801
57807
57824
57826
57840
57858
57887
57889
57903
57924
57925
57928
57934
57936
57982
57985
57990
57993
58001
58008
58021
58047
58048
58050
58053
58065
58066
58066
58084
58085
58095
58102
58143
58161
58181
58186
58192
58195
58208
58211
58219
58225
58229
58237
58249
58287
58298
58352
58378
58398
58401
58405
58407
58408
58409
58413
58421
58438
58441
58448
58459
58459
58473
58477
58501
58502
58509
58527
58529
58532
58540
58553
58564
58568
58569
58573
58574
58583
58590
58594
58597
58602
58604
58617
58619
58620
58628
58638
58638
58638
58652
58653
58662
58671
58672
58674
58678
58680
58685
58708
58719
58720
58720
58723
58730
58739
58763
58770
58771
58779
58779
58784
58808
58809
58809
58821
58822
58837
58870
58880
58885
58891
58902
58930
58933
58934
58946
58948
58973
58995
59014
59026
59031
59036
59059
59062
59116
59136
59144
59153
59158
59164
59173
59181
59193
59199
59208
59209
59213
59214
59231
59232
59237
59255
59260
59268
59272
59274
59282
59301
59303
59311
59325
59330
59333
59339
59378
59394
59395
59398
59408
59408
59418
59423
59424
59424
59429
59455
59457
59457
59457
59462
59462
59492
59498
59508
59511
59523
59539
59540
59540
59553
59555
59556
59557
59561
59567
59572
59580
59591
59596
59597
59598
59604
59608
59609
59613
59627
59636
59638
59642
59643
59652
59654
59657
59664
59672
59679
59688
59689
59693
59694
59699
59700
59725
59726
59731
59733
59734
59743
59745
59751
59753
59758
59786
59800
59813
59822
59847
59854
59856
59861
59867
59888
59894
59894
59898
59898
59904
59904
59906
59907
59918
59924
59934
59950
59959
59959
59962
59972
59976
59982
60000
60005
60012
60026
60040
60058
60062
60062
60068
60071
60084
60085
60089
60091
60100
60115
60117
60127
60133
60143
60147
60147
60148
60148
60154
60162
60172
60185
60198
60199
60204
60204
60218
60230
60236
60265
60266
60272
60276
60296
60304
60362
60390
60404
60428
60432
60434
60453
60456
60467
60468
60475
60481
60482
60489
60494
60512
60518
60527
60528
60529
60556
60576
60578
60594
60605
60614
60615
60623
60631
60649
60659
60661
60670
60684
60703
60707
60716
60720
60756
60764
60773
60783
60784
60786
60788
60797
60801
60806
60817
60822
60835
60836
60849
60851
60853
60866
60867
60876
60878
60878
60881
60891
60909
60935
60949
60968
60969
60971
60977
60978
60981
60983
60985
60990
60991
60995
61001
61004
61015
61021
61039
61047
61048
61049
61051
61051
61057
61083
61101
61122
61138
61139
61142
61152
61154
61167
61173
61185
61188
61189
61190
61192
61211
61212
61219
61221
61232
61249
61270
61273
61274
61280
61291
61292
61296
61312
61315
61320
61322
61327
61328
61328
61329
61330
61342
61360
61387
61389
61394
61398
61404
61404
61419
61425
61425
61431
61450
61480
61484
61484
61486
61502
61520
61541
61544
61545
61548
61576
61579
61579
61584
61586
61589
61589
61599
61599
61604
61612
61613
61634
61642
61652
61660
61666
61667
61671
61673
61685
61706
61711
61716
61722
61733
61736
61742
61755
61768
61779
61787
61788
61790
61793
61799
61809
61813
61832
61847
61850
61856
61861
61874
61896
61906
61907
61907
61911
61915
61922
61927
61941
61943
61945
61949
61954
61958
61974
61982
61982
61985
61987
61994
62015
62021
62023
62030
62036
62037
62043
62044
62051
62055
62057
62058
62064
62067
62071
62098
62098
62116
62125
62128
62132
62152
62170
62175
62186
62189
62194
62207
62217
62220
62221
62224
62228
62228
62236
62238
62246
62246
62252
62271
62274
62278
62291
62295
62297
62312
62330
62355
62356
62357
62367
62368
62371
62377
62381
62383
62389
62395
62395
62399
62406
62407
62414
62415
62427
62437
62443
62444
62447
62449
62466
62489
62498
62506
62519
62529
62535
62538
62551
62552
62556
62562
62591
62607
62619
62624
62643
62659
62680
62684
62685
62697
62702
62728
62739
62742
62748
62755
62763
62766
62773
62782
62784
62792
62797
62798
62798
62800
62802
62804
62804
62815
62819
62831
62837
62857
62861
62862
62882
62888
62900
62900
62903
62905
62908
62911
62925
62930
62933
62936
62947
62961
62976
62996
62996
63001
63002
63006
63008
63009
63018
63024
63041
63047
63059
63063
63069
63071
63072
63073
63079
63081
63101
63103
63110
63129
63140
63150
63161
63177
63190
63192
63211
63213
63222
63236
63248
63251
63262
63272
63283
63288
63293
63297
63308
63311
63314
63318
63319
63331
63333
63349
63355
63360
63363
63368
63370
63374
63380
63381
63382
63384
63386
63388
63391
63398
63400
63403
63405
63406
63407
63424
63425
63432
63433
63438
63462
63484
63489
63490
63499
63516
63534
63541
63541
63546
63546
63551
63552
63562
63568
63578
63579
63591
63599
63601
63608
63618
63644
63654
63654
63686
63694
63696
63707
63716
63728
63735
63751
63752
63752
63799
63800
63809
63809
63812
63824
63831
63840
63847
63854
63871
63903
63904
63917
63923
63929
63931
63944
63945
63955
63963
63969
63972
63972
63976
63983
63988
63991
64004
64007
64030
64032
64037
64056
64058
64065
64083
64094
64094
64102
64106
64112
64122
64123
64124
64124
64131
64134
64157
64165
64168
64179
64188
64197
64204
64209
64222
64235
64241
64245
64249
64249
64255
64258
64258
64259
64263
64264
64265
64265
64291
64299
64299
64308
64309
64315
64324
64329
64359
64370
64380
64389
64389
64406
64424
64424
64438
64449
64467
64470
64479
64489
64495
64533
64543
64556
64568
64569
64574
64575
64579
64583
64593
64622
64638
64639
64648
64652
64654
64660
64669
64670
64671
64673
64683
64693
64705
64741
64741
64746
64747
64759
64765
64776
64781
64796
64797
64837
64889
64912
64918
64924
64929
64932
64933
64940
64944
64962
64962
64967
64989
64994
65003
65009
65023
65025
65049
65062
65063
65065
65076
65077
65081
65082
65095
65104
65110
65110
65116
65120
65152
65160
65173
65180
65183
65192
65206
65207
65220
65220
65226
65234
65238
65243
65250
65266
65268
65269
65271
65273
65279
65298
65311
65314
65316
65316
65320
65323
65327
65327
65332
65332
65340
65340
65342
65348
65354
65357
65371
65379
65386
65396
65402
65430
65455
65462
65465
65465
65467
65468
65479
65499
65512
65523
65524
65524
65543
65597
65609
65615
65617
65628
65628
65640
65668
65673
65679
65687
65689
65689
65693
65703
65711
65721
65721
65724
65726
65729
65740
65743
65751
65774
65787
65791
65806
65818
65827
65837
65839
65852
65872
65872
65872
65877
65896
65900
65909
65921
65923
65928
65928
65956
65968
65971
65972
65978
65979
65986
65996
66015
66018
66019
66025
66026
66049
66051
66075
66078
66081
66084
66086
66088
66099
66107
66116
66118
66119
66122
66134
66143
66172
66174
66186
66186
66197
66199
66204
66205
66208
66210
66218
66226
66237
66242
66251
66259
66262
66264
66267
66278
66278
66293
66294
66305
66307
66314
66320
66326
66328
66328
66332
66336
66337
66356
66356
66372
66386
66397
66399
66412
66413
66433
66437
66443
66450
66467
66470
66475
66486
66488
66490
66497
66503
66504
66518
66528
66533
66543
66546
66558
66568
66581
66582
66610
66611
66615
66632
66653
66665
66666
66675
66679
66697
66702
66710
66712
66713
66715
66720
66724
66755
66764
66777
66780
66787
66796
66796
66797
66810
66814
66820
66855
66855
66872
66896
66912
66940
66942
66958
66962
66986
66997
67002
67019
67044
67053
67060
67061
67062
67070
67080
67102
67107
67117
67124
67132
67137
67139
67149
67166
67183
67185
67193
67196
67204
67211
67214
67224
67225
67237
67255
67263
67264
67300
67323
67329
67332
67333
67336
67338
67341
67342
67351
67365
67366
67380
67391
67395
67423
67436
67439
67445
67445
67448
67449
67465
67468
67477
67489
67494
67496
67507
67522
67523
67523
67539
67561
67570
67595
67619
67624
67637
67637
67641
67651
67652
67653
67654
67669
67675
67703
67703
67707
67712
67713
67720
67722
67733
67747
67760
67765
67769
67784
67786
67789
67797
67799
67803
67810
67822
67829
67851
67854
67855
67860
67860
67877
67884
67896
67901
67910
67914
67918
67923
67924
67925
67931
67951
67952
67968
67973
67980
67986
67992
68030
68031
68069
68074
68076
68077
68077
68092
68097
68100
68113
68113
68118
68137
68158
68161
68163
68163
68175
68181
68203
68204
68205
68206
68217
68218
68233
68241
68241
68246
68251
68279
68284
68300
68301
68309
68313
68338
68348
68351
68362
68367
68369
68375
68390
68398
68429
68429
68458
68460
68466
68468
68482
68484
68488
68495
68500
68501
68504
68524
68531
68540
68545
68556
68569
68573
68584
68602
68609
68613
68622
68624
68624
68646
68649
68659
68662
68669
68671
68678
68680
68685
68694
68698
68700
68711
68715
68723
68750
68757
68764
68768
68771
68776
68789
68803
68816
68849
68875
68880
68881
68893
68898
68902
68908
68921
68923
68924
68929
68933
68945
68959
68959
68962
68963
68964
68977
68979
69001
69013
69016
69017
69035
69037
69056
69056
69059
69064
69071
69077
69080
69082
69088
69092
69094
69095
69095
69103
69109
69127
69142
69147
69172
69173
69179
69184
69208
69209
69224
69229
69230
69234
69237
69242
69255
69260
69264
69277
69279
69283
69287
69307
69311
69319
69348
69353
69353
69359
69364
69367
69379
69382
69386
69388
69388
69395
69397
69412
69417
69421
69439
69440
69455
69472
69482
69483
69494
69496
69510
69514
69516
69518
69519
69524
69524
69541
69566
69584
69615
69622
69625
69636
69666
69671
69674
69677
69736
69739
69741
