40
56
123
170
183
197
213
291
311
351
370
395
487
505
508
515
527
583
608
641
647
690
849
894
957
985
1004
1109
1232
1245
1263
1265
1276
1304
1328
1374
1421
1435
1439
1447
1449
1465
1474
1532
1609
1625
1627
1771
1890
1928
1946
2013
2031
2096
2121
2125
2233
2270
2330
2362
2394
2402
2577
2604
2636
2669
2695
2713
2717
2731
2740
2757
2763
2823
2846
2878
2913
2916
2936
2964
2979
2991
2997
3023
3082
3103
3187
3198
3282
3333
3426
3428
3477
3573
3608
3638
3641
3645
3669
3790
3805
3844
3858
3865
3901
3907
3909
3911
3926
4003
4044
4056
4065
4066
4074
4117
4169
4298
4343
4383
4390
4421
4448
4462
4481
4496
4526
4662
4683
4702
4755
4800
4806
4832
4846
4900
4931
4937
4961
4965
4982
4999
5010
5012
5043
5082
5119
5131
5137
5154
5180
5209
5334
5391
5405
5415
5450
5475
5478
5494
5518
5702
5792
5793
5816
5845
5909
5934
5981
5989
6022
6094
6144
6181
6193
6242
6254
6277
6322
6322
6489
6516
6517
6524
6548
6636
6666
6770
6811
6827
6882
6885
6900
6936
6938
6981
6988
7065
7070
7085
7108
7117
7140
7141
7146
7179
7204
7226
7258
7293
7314
7377
7413
7421
7440
7445
7454
7481
7496
7504
7541
7546
7630
7849
7853
7922
7986
7993
8008
8071
8108
8114
8120
8186
8264
8310
8323
8332
8359
8366
8493
8493
8594
8618
8630
8645
8658
8711
8728
8734
8792
8820
8863
8898
8999
9024
9039
9051
9055
9116
9125
9188
9235
9236
9266
9316
9324
9326
9333
9338
9424
9427
9428
9447
9483
9487
9558
9572
9593
9610
9620
9636
9645
9653
9681
9728
9734
9781
9834
9955
9962
10005
10014
10070
10080
10133
10157
10179
10264
10289
10289
10322
10345
10365
10535
10554
10645
10652
10678
10766
10788
10808
10814
10846
10855
10857
10907
10918
10920
10922
10992
11063
11087
11104
11126
11166
11170
11210
11253
11341
11369
11405
11438
11450
11460
11581
11614
11620
11650
11657
11663
11664
11678
11736
11781
11783
11789
11883
11932
11967
12053
12100
12144
12244
12260
12282
12292
12320
12365
12399
12402
12475
12509
12557
12575
12603
12631
12707
12719
12720
12724
12753
12764
12771
12786
12828
12931
12958
12986
13002
13089
13116
13118
13174
13274
13378
13410
13433
13459
13491
13550
13566
13582
13666
13688
13699
13730
13784
13800
13804
13837
14015
14069
14174
14199
14214
14307
14449
14453
14471
14499
14528
14541
14552
14584
14639
14642
14653
14678
14711
14738
14760
14762
14782
14798
15007
15033
15072
15203
15242
15285
15362
15364
15428
15438
15526
15541
15549
15551
15584
15588
15618
15636
15641
15665
15673
15685
15730
15789
15815
15826
15862
15867
15920
15923
15941
15970
15972
15979
16027
16028
16078
16150
16192
16210
16313
16317
16325
16353
16365
16395
16426
16531
16532
16547
16556
16648
16704
16820
16841
16843
16854
16911
17009
17041
17178
17184
17195
17202
17203
17233
17234
17283
17294
17411
17421
17449
17476
17541
17545
17637
17642
17708
17712
17806
17829
17834
17867
17947
17971
18112
18113
18130
18171
18201
18211
18227
18227
18274
18321
18372
18404
18413
18423
18526
18604
18619
18631
18725
18728
18746
18782
18824
18837
18873
18877
18884
18932
19074
19080
19114
19140
19151
19170
19210
19248
19261
19289
19400
19449
19562
19577
19593
19629
19637
19641
19643
19713
19715
19801
19858
19993
20048
20079
20104
20151
20175
20225
20321
20438
20461
20494
20564
20737
21112
21116
21158
21228
21234
21252
21345
21394
21513
21525
21558
21610
21710
21734
21747
21787
21797
21808
21946
21977
21995
22001
22042
22072
22091
22303
22369
22404
22486
22514
22531
22566
22587
22606
22637
22643
22680
22698
22753
22837
22864
22880
22890
22895
22898
22934
23036
23054
23063
23112
23115
23157
23194
23255
23263
23309
23365
23408
23503
23555
23563
23579
23698
23744
23772
23772
23791
23899
23954
23991
23993
24002
24011
24014
24045
24064
24110
24141
24146
24163
24189
24250
24319
24324
24386
24386
24470
24514
24534
24575
24592
24598
24614
24636
24639
24653
24673
24727
24733
24869
24960
25046
25069
25145
25178
25184
25274
25359
25360
25563
25590
25620
25637
25639
25640
25798
25894
26015
26023
26041
26070
26089
26124
26132
26153
26179
26274
26276
26289
26365
26394
26444
26512
26574
26707
26708
26771
26787
26810
26828
26923
26924
26950
26953
26972
26984
26988
27027
27064
27072
27099
27145
27162
27179
27191
27290
27305
27331
27438
27448
27529
27588
27609
27646
27668
27682
27763
27814
27862
27903
27960
27982
27982
28056
28058
28098
28114
28192
28234
28256
28291
28299
28326
28387
28432
28444
28451
28459
28468
28486
28548
28600
28617
28697
28811
28858
28860
29012
29059
29075
29117
29117
29145
29228
29290
29291
29310
29382
29425
29439
29487
29511
29540
29571
29581
29663
29702
29788
29791
29959
29967
30008
30009
30012
30020
30021
30059
30069
30075
30227
30336
30352
30360
30370
30414
30426
30485
30636
30639
30646
30653
30708
30717
30727
30729
30747
30760
30790
30863
30993
31042
31086
31103
31140
31141
31155
31171
31175
31238
31302
31333
31372
31412
31422
31493
31539
31557
31558
31691
31705
31799
31843
31873
31874
31886
31901
31995
32033
32040
32042
32059
32114
32166
32233
32270
32372
32411
32432
32517
32538
32555
32569
32589
32593
32616
32624
32630
32638
32777
32799
32801
32821
32834
32842
32854
32879
32985
33075
33076
33212
33222
33249
33278
33387
33427
33441
33443
33541
33577
33665
33667
33685
33700
33737
33778
33848
33859
33882
33905
33911
33939
33957
34002
34049
34059
34148
34188
34199
34269
34286
34298
34299
34366
34465
34467
34503
34537
34572
34631
34667
34671
34677
34711
34716
34741
34758
34796
34828
34847
34850
34862
34878
34895
34901
34910
34918
35036
35046
35056
35123
35131
35147
35176
35187
35191
35202
35227
35228
35258
35332
35373
35424
35445
35462
35465
35469
35504
35644
35679
35731
35738
35765
35771
35797
35803
35886
35909
35938
35964
36029
36054
36125
36126
36135
36191
36202
36204
36287
36313
36401
36419
36468
36505
36510
36543
36551
36654
36657
36692
36706
36772
36776
36777
36786
36806
36854
36858
36864
36899
36906
37010
37054
37056
37069
37080
37094
37213
37258
37312
37371
37516
37561
37573
37612
37755
37762
37818
37873
37965
38076
38088
38119
38225
38334
38343
38364
38385
38394
38430
38443
38460
38492
38510
38518
38557
38611
38620
38708
38716
38778
38804
38858
38874
38891
38907
38912
38935
38961
39059
39065
39127
39133
39177
39267
39285
39304
39335
39357
39365
39427
39518
39526
39545
39598
39608
39648
39680
39710
39725
39731
39769
39787
39809
39812
39942
40011
40012
40028
40036
40039
40062
40079
40096
40109
40140
40172
40277
40278
40324
40409
40423
40435
40552
40554
40590
40599
40604
40624
40666
40692
40803
40886
40975
41026
41030
41125
41134
41139
41177
41217
41229
41271
41312
41376
41458
41473
41592
41607
41618
41622
41631
41654
41665
41669
41730
41774
41789
41851
41879
41891
41909
41936
41949
42020
42042
42085
42117
42152
42169
42185
42198
42232
42234
42259
42283
42299
42322
42357
42361
42386
42387
42391
42416
42466
42483
42513
42553
42562
42579
42588
42609
42715
42720
42800
42823
42886
42893
42901
42905
43172
43322
43327
43338
43340
43479
43482
43510
43546
43642
43794
43886
43983
44071
44147
44163
44183
44236
44241
44273
44318
44354
44385
44385
44505
44510
44530
44591
44736
44868
44873
44924
44944
44988
45033
45036
45080
45088
45111
45142
45214
45235
45237
45249
45306
45320
45344
45403
45473
45482
45523
45583
45588
45651
45688
45746
45773
45775
45899
45933
45933
45934
45953
45958
45995
46031
46078
46087
46105
46258
46333
46388
46455
46465
46488
46519
46531
46538
46562
46573
46585
46623
46656
46701
46724
46773
46825
46888
46905
46940
46965
46991
47026
47041
47052
47077
47103
47154
47156
47258
47301
47318
47356
47432
47470
47505
47541
47542
47555
47563
47586
47602
47620
47641
47667
47670
47671
47696
47711
47722
47733
47805
47813
47859
47880
47904
47958
48027
48040
48070
48084
48094
48157
48207
48221
48231
48305
48321
48343
48397
48427
48438
48460
48511
48591
48598
48608
48608
48619
48632
48633
48680
48687
48702
48709
48721
48724
48824
48863
48870
48870
48894
48991
48993
48998
49022
49027
49060
49126
49153
49166
49167
49193
49239
49252
49327
49354
49365
49407
49408
49472
49612
49634
49683
49699
49740
49819
49849
49850
49902
49914
49917
50051
50062
50072
50097
50134
50147
50168
50205
50217
50237
50360
50388
50431
50457
50491
50547
50570
50652
50784
50879
50896
50934
50962
50966
51044
51064
51138
51150
51151
51279
51282
51283
51286
51332
51333
51399
51433
51460
51498
51591
51633
51688
51706
51794
51811
51843
51872
51880
51881
51996
52050
52070
52114
52126
52128
52155
52158
52185
52248
52299
52303
52361
52432
52457
52491
52674
52687
52709
52736
52778
52818
52857
52861
52921
52979
52984
52990
53098
53120
53161
53203
53207
53231
53280
53337
53377
53395
53415
53450
53455
53474
53513
53527
53590
53746
53764
53774
53818
53872
53924
53930
53935
53953
54007
54068
54069
54089
54092
54114
54152
54186
54192
54202
54214
54241
54246
54341
54353
54411
54436
54492
54536
54548
54701
54809
54842
54876
54943
55039
55077
55107
55196
55220
55231
55249
55286
55310
55332
55343
55376
55378
55384
55422
55547
55635
55660
55669
55744
55813
55818
55820
55833
55886
55892
56011
56033
56072
56079
56109
56115
56121
56206
56218
56245
56305
56315
56327
56418
56445
56466
56469
56484
56494
56499
56567
56571
56657
56707
56745
56748
56782
56809
56821
56838
56852
56937
56970
56970
56976
56985
57036
57061
57081
57088
57118
57161
57163
57291
57416
57478
57513
57615
57623
57656
57662
57664
57685
57693
57695
57699
57712
57751
57772
57806
57825
57837
57863
57869
57939
57943
57943
57981
57984
58033
58079
58083
58083
58230
58347
58354
58369
58371
58401
58425
58456
58486
58503
58511
58543
58548
58586
58587
58669
58676
58724
58754
58933
58990
59008
59041
59045
59151
59160
59165
59209
59211
59225
59241
59321
59329
59376
59436
59453
59464
59527
59551
59552
59742
59764
59764
59770
59851
59865
59898
59912
59970
59974
59983
60039
60049
60205
60222
60240
60340
60343
60371
60385
60392
60429
60556
60563
60635
60692
60757
60788
60847
60952
60962
61005
61005
61029
61074
61081
61083
61120
61156
61249
61256
61274
61409
61482
61548
61557
61639
61693
61734
61846
61928
61969
61975
61990
62056
62059
62078
62211
62220
62234
62303
62370
62425
62432
62436
62447
62464
62485
62497
62507
62602
62607
62621
62641
62665
62670
62850
62856
62866
62895
62925
62940
62966
62976
62985
62993
63005
63016
63066
63087
63137
63160
63313
63327
63337
63344
63346
63392
63394
63419
63437
63439
63441
63560
63570
63592
63599
63600
63617
63627
63640
63744
63794
63856
63913
63923
63945
63993
64021
64025
64058
64168
64186
64188
64199
64236
64256
64262
64285
64307
64327
64366
64409
64409
64424
64504
64519
64539
64551
64587
64604
64604
64630
64632
64643
64731
64960
64977
64991
65018
65023
65024
65041
65049
65144
65159
65162
65182
65186
65196
65236
65276
65276
65435
65497
65526
65542
65582
65617
65640
65694
65706
65733
65868
65946
65948
65964
65969
65989
65998
66013
66024
66027
66031
66108
66168
66177
66496
66515
66569
66574
66620
66642
66673
66699
66778
66796
66832
66844
66855
66925
66976
66978
66989
66991
66993
67023
67053
67060
67061
67100
67139
67167
67187
67226
67279
67298
67305
67333
67358
67389
67401
67453
67489
67500
67506
67541
67544
67583
67602
67730
67787
67826
67830
67863
67874
67907
67921
67973
67995
68061
68073
68090
68123
68126
68148
68237
68269
68274
68328
68330
68365
68368
68390
68475
68497
68515
68529
68561
68565
68577
68611
68640
68652
68675
68678
68681
68708
68759
68759
68849
68876
68919
68931
68937
68938
68947
68954
68957
68989
69053
69079
69132
69226
69239
69310
69370
69452
69485
69541
69555
69616
69667
69688
69696
69718
69719
69737
69740
69740
69743
