145
159
225
627
745
843
858
870
872
936
945
1001
1011
1117
1211
1270
1307
1309
1311
1416
1451
1485
1723
1906
2048
2214
2301
2406
2454
2515
2519
2548
2614
2666
2839
3019
3120
3132
3138
3140
3162
3263
3397
3767
3979
4107
4262
4397
4414
4835
4866
5030
5086
5296
5591
5897
5920
6232
6380
6441
6585
6833
6841
6952
7139
7265
7345
7507
7603
7741
7779
7945
7956
8033
8112
8115
8131
8208
8360
8515
8571
8618
8690
8858
8979
8984
9267
9327
9336
9421
9445
9447
9553
9573
10070
10144
10218
10483
10662
10682
10800
10824
10885
11513
11684
11688
12019
12068
12290
12427
12481
12590
13021
13173
13321
13474
13567
13962
14172
14178
14197
14212
14287
14493
14841
14867
14972
15201
15251
15423
15528
15554
15608
15894
15938
16052
16240
16293
16403
16410
16495
16577
16582
16676
16726
16800
17082
17090
17121
17164
17195
17358
17369
17402
17482
17525
17542
17596
17695
18051
18295
18571
18873
18902
19079
19216
19317
19340
19577
19625
19640
19669
19728
19836
19926
19939
20419
20503
20726
20746
21022
21047
21169
21228
21261
21324
21534
21561
21664
21791
21834
22033
22102
22172
22255
22290
22423
22627
22701
23084
23152
23164
23333
23438
23485
23537
23668
23705
23813
24229
24239
24503
24651
24921
25115
25146
25216
25282
25302
25543
25781
25890
25956
25998
26061
26117
26142
26305
26462
26774
27231
27258
27311
27715
27730
28188
28206
28337
28425
28449
28581
28750
28843
28931
29138
29149
29170
29185
29607
29647
29718
29733
29822
29941
30073
30513
30539
30592
30798
30866
30954
31358
31380
31553
31565
31819
32084
32259
32380
32428
32541
32776
32869
32895
33799
33979
34032
34049
34202
34352
34422
34428
34473
34496
34573
34646
34736
34895
34960
34964
35022
35097
35116
35222
35341
35375
35506
35797
35921
35925
36062
36113
36225
36326
36401
36499
36538
36685
36797
36906
37087
37291
37379
37392
37613
37639
37913
37970
38004
38213
38590
38966
39297
39506
39632
39665
39692
39803
39924
40051
40077
40171
40189
40255
40264
40352
40397
40423
40461
40669
40976
41117
41297
41484
41496
41612
41656
41765
41902
41982
42028
42067
42124
42162
42323
42576
42685
42692
42754
42785
42873
43013
43179
43215
43266
43297
43419
43424
43550
43567
43715
43721
43917
43942
44025
44099
44431
44447
44611
44894
45175
45435
46102
46157
46166
46344
46375
46420
46453
46923
47119
47204
47228
47347
47462
47653
47683
47756
47818
47843
47878
47983
48065
48826
48829
48944
48953
48981
49089
49389
49425
49438
49535
49910
50123
50324
50488
50565
51635
51812
52186
52302
52731
52741
52872
52964
53037
53062
53132
53494
53527
53648
53877
53886
53966
54098
54277
54339
54393
54408
54428
54743
54776
55215
55332
55410
56305
56309
56330
56465
56554
56734
57011
57197
57343
57370
57665
57818
57920
58086
58223
58319
58380
58466
58482
58752
58825
58883
58942
59061
59128
59194
59254
59326
59369
59375
59449
59648
59666
59740
59779
59849
59952
60075
60171
60464
60475
60637
60742
61058
61334
61495
61547
61642
61668
61954
62190
62297
62318
62803
63353
63398
63555
63848
64133
64138
64365
64386
64482
64497
64526
64546
64620
64750
64777
64795
65108
65228
65413
65414
65578
65590
65656
65999
66025
66195
66223
66231
66314
66378
66511
66574
66766
67099
67429
67549
67595
67818
68011
68120
68257
68318
68407
68461
68498
68562
68647
68804
68826
68834
69084
69168
69259
69297
69303
69320
69326
