7
32
60
60
63
82
87
87
96
127
233
291
297
299
315
391
410
441
469
471
475
484
486
487
487
499
528
544
548
553
555
562
572
591
614
619
654
664
774
780
797
811
837
838
843
857
857
859
871
874
879
892
892
909
912
923
941
955
965
971
973
976
986
991
999
1023
1042
1049
1052
1055
1078
1084
1085
1105
1172
1205
1222
1245
1272
1294
1301
1314
1352
1375
1389
1397
1403
1404
1404
1405
1516
1565
1579
1587
1599
1646
1658
1748
1749
1786
1827
1884
1907
1973
2013
2035
2035
2044
2081
2082
2119
2136
2149
2150
2150
2158
2160
2207
2207
2216
2220
2233
2255
2262
2274
2292
2292
2295
2303
2311
2324
2333
2369
2373
2389
2420
2487
2508
2524
2531
2543
2566
2601
2623
2662
2680
2685
2712
2723
2724
2739
2739
2797
2803
2820
2844
2855
2899
2952
3001
3003
3009
3038
3048
3063
3074
3096
3114
3127
3142
3143
3166
3191
3290
3303
3312
3330
3382
3390
3393
3407
3416
3422
3429
3475
3480
3480
3494
3535
3538
3538
3549
3556
3666
3700
3723
3743
3744
3781
3812
3821
3852
3858
3860
3873
3874
3883
3894
3917
3927
3939
3948
3954
3962
3970
3972
4023
4031
4050
4058
4133
4157
4157
4198
4199
4199
4243
4263
4270
4272
4279
4285
4292
4305
4311
4315
4332
4335
4385
4433
4473
4490
4494
4561
4566
4580
4595
4599
4634
4636
4640
4644
4664
4699
4700
4712
4755
4797
4851
4865
4873
4885
4923
4947
4964
4972
4976
4976
5044
5087
5111
5138
5145
5187
5193
5202
5204
5225
5256
5265
5309
5317
5318
5318
5356
5358
5388
5429
5469
5472
5477
5483
5502
5523
5547
5588
5602
5619
5621
5644
5688
5689
5700
5757
5771
5784
5788
5808
5808
5838
5858
5865
5866
5876
5892
5894
5903
5908
5916
5931
5947
5952
5959
5994
6006
6034
6052
6064
6069
6082
6091
6142
6188
6205
6245
6251
6288
6301
6330
6364
6429
6456
6478
6482
6501
6503
6504
6535
6540
6556
6575
6600
6607
6635
6643
6651
6653
6682
6687
6691
6706
6709
6775
6778
6802
6834
6843
6863
6875
6919
6927
6939
6951
6954
6980
6998
7022
7024
7061
7100
7101
7125
7125
7165
7173
7188
7211
7221
7267
7290
7320
7320
7324
7325
7339
7353
7356
7367
7373
7375
7379
7413
7430
7439
7440
7444
7445
7457
7509
7524
7532
7536
7550
7574
7579
7591
7630
7639
7651
7677
7679
7703
7758
7772
7780
7831
7857
7898
7899
7899
7910
7910
7947
7994
8009
8020
8025
8044
8045
8048
8080
8094
8099
8100
8126
8143
8146
8167
8179
8193
8207
8220
8226
8238
8240
8243
8246
8297
8320
8350
8354
8412
8415
8427
8447
8474
8475
8495
8505
8517
8528
8553
8575
8577
8582
8612
8624
8643
8645
8673
8691
8698
8721
8761
8777
8800
8802
8830
8853
8862
8865
8871
8881
8883
8886
8900
8911
8920
8926
8928
8977
8980
8983
9017
9040
9086
9090
9103
9114
9149
9180
9196
9212
9222
9235
9240
9318
9321
9334
9349
9349
9403
9412
9450
9453
9479
9482
9489
9495
9523
9530
9548
9550
9567
9578
9587
9598
9605
9618
9621
9637
9676
9740
9742
9760
9762
9768
9787
9792
9793
9810
9849
9861
9880
9891
9903
9928
9945
9977
10009
10026
10099
10100
10232
10297
10312
10321
10331
10331
10346
10350
10365
10375
10375
10381
10401
10415
10417
10432
10455
10483
10495
10498
10510
10530
10533
10540
10560
10591
10613
10630
10677
10684
10724
10735
10757
10768
10785
10787
10796
10801
10802
10814
10850
10863
10891
10903
10949
11009
11029
11032
11046
11049
11080
11102
11104
11123
11140
11147
11151
11171
11226
11244
11261
11264
11291
11294
11299
11310
11361
11379
11384
11384
11389
11390
11403
11423
11428
11449
11451
11459
11468
11524
11542
11544
11550
11601
11627
11635
11642
11655
11655
11683
11697
11725
11737
11742
11761
11786
11788
11810
11816
11839
11854
11878
11890
11926
11946
11989
12027
12049
12053
12062
12108
12141
12146
12163
12177
12216
12230
12260
12307
12307
12314
12323
12358
12385
12395
12396
12397
12492
12507
12542
12557
12579
12608
12635
12669
12675
12689
12697
12698
12700
12721
12744
12768
12774
12800
12827
12837
12841
12846
12854
12899
12924
12938
12990
13023
13037
13075
13094
13097
13111
13157
13178
13206
13223
13269
13273
13275
13290
13297
13301
13303
13315
13326
13337
13338
13341
13344
13346
13352
13357
13364
13383
13399
13402
13406
13432
13463
13485
13488
13502
13504
13515
13530
13568
13582
13599
13601
13614
13662
13670
13681
13688
13705
13714
13773
13776
13778
13801
13807
13861
13873
13874
13882
13892
13910
13911
13921
13930
13937
13991
14001
14015
14083
14095
14099
14111
14142
14147
14192
14216
14224
14225
14247
14254
14258
14330
14419
14437
14478
14483
14487
14497
14505
14518
14532
14534
14535
14545
14573
14628
14632
14636
14660
14663
14741
14744
14833
14862
14892
14910
14911
14928
14953
14954
14961
14963
15020
15028
15046
15047
15054
15093
15104
15111
15112
15143
15144
15164
15166
15174
15256
15265
15268
15287
15288
15299
15321
15337
15366
15373
15378
15387
15408
15409
15466
15479
15488
15492
15510
15525
15593
15616
15639
15649
15653
15691
15692
15752
15788
15807
15823
15827
15844
15848
15894
15908
15916
15924
15978
15990
16018
16024
16055
16058
16062
16079
16108
16115
16116
16136
16142
16190
16194
16197
16236
16238
16268
16272
16309
16347
16374
16381
16383
16392
16401
16436
16496
16502
16505
16525
16534
16541
16546
16562
16562
16566
16588
16625
16667
16674
16694
16699
16714
16733
16739
16744
16783
16791
16808
16808
16876
16888
16936
16969
16982
16986
16994
17005
17024
17064
17072
17077
17081
17102
17122
17158
17160
17207
17233
17245
17246
17255
17260
17312
17330
17373
17392
17398
17404
17417
17432
17433
17464
17509
17537
17597
17604
17613
17628
17628
17650
17657
17690
17721
17721
17731
17736
17737
17744
17754
17756
17771
17772
17775
17817
17862
17877
17921
17928
17934
17985
18002
18046
18048
18109
18128
18138
18152
18211
18219
18234
18254
18273
18279
18281
18285
18299
18308
18352
18361
18368
18376
18385
18392
18395
18410
18421
18438
18440
18443
18447
18455
18461
18485
18486
18489
18490
18509
18529
18541
18542
18542
18544
18551
18585
18595
18625
18631
18643
18646
18650
18652
18669
18696
18697
18724
18728
18752
18793
18809
18810
18821
18863
18868
18876
18883
18922
18924
18928
18959
19004
19019
19023
19055
19070
19070
19082
19105
19149
19154
19162
19178
19194
19206
19219
19231
19242
19252
19254
19260
19261
19303
19303
19303
19380
19382
19394
19400
19462
19463
19477
19517
19545
19581
19584
19597
19605
19608
19612
19624
19664
19669
19674
19723
19728
19752
19755
19780
19800
19814
19849
19868
19875
19885
19896
19903
19946
19950
19982
19986
19997
20030
20046
20055
20061
20155
20168
20170
20178
20196
20211
20225
20230
20247
20291
20315
20317
20320
20411
20427
20437
20441
20443
20453
20458
20506
20521
20522
20556
20604
20622
20647
20702
20715
20768
20781
20784
20800
20812
20814
20838
20848
20860
20875
20880
20892
20908
20987
21023
21058
21072
21073
21103
21120
21128
21135
21138
21144
21159
21163
21170
21212
21228
21242
21244
21291
21300
21307
21323
21327
21334
21353
21361
21400
21403
21415
21427
21428
21453
21457
21502
21502
21552
21604
21609
21611
21634
21638
21666
21666
21690
21692
21696
21698
21744
21754
21777
21789
21790
21804
21822
21834
21840
21853
21863
21899
21917
21925
21947
21954
22017
22040
22043
22056
22082
22125
22128
22162
22199
22240
22257
22277
22278
22280
22281
22282
22311
22318
22325
22353
22367
22368
22381
22386
22389
22393
22435
22464
22473
22494
22500
22502
22512
22529
22541
22579
22617
22642
22702
22713
22758
22761
22779
22779
22790
22798
22806
22831
22841
22842
22843
22857
22857
22863
22916
22945
23000
23018
23055
23083
23097
23140
23208
23212
23226
23247
23250
23251
23252
23257
23261
23265
23269
23269
23269
23276
23278
23327
23335
23348
23352
23379
23430
23434
23443
23448
23455
23457
23461
23462
23497
23538
23545
23617
23638
23689
23722
23739
23746
23763
23802
23885
23908
23949
23957
23977
23991
23992
24003
24053
24054
24082
24098
24135
24195
24198
24206
24247
24251
24257
24258
24302
24325
24346
24348
24353
24440
24441
24457
24469
24475
24479
24480
24497
24502
24535
24535
24645
24648
24667
24668
24683
24708
24722
24801
24831
24856
24886
24901
24909
24932
24935
24945
24968
24980
25009
25017
25035
25039
25042
25066
25095
25130
25133
25146
25152
25174
25232
25240
25260
25281
25297
25310
25311
25336
25351
25352
25401
25424
25449
25456
25467
25469
25471
25472
25499
25505
25512
25529
25534
25534
25534
25534
25565
25587
25601
25736
25763
25781
25797
25810
25810
25812
25815
25843
25858
25885
25893
25918
25920
25923
25931
25934
25945
25960
25981
26001
26016
26026
26027
26041
26044
26065
26083
26177
26213
26217
26255
26258
26261
26279
26299
26324
26327
26327
26359
26359
26417
26421
26423
26431
26432
26497
26515
26535
26565
26597
26613
26614
26625
26672
26695
26720
26731
26740
26784
26791
26816
26820
26828
26838
26846
26848
26864
26898
26907
26933
26951
26960
26973
27011
27035
27047
27072
27090
27103
27106
27132
27139
27145
27150
27210
27214
27214
27218
27219
27237
27276
27320
27326
27349
27360
27369
27378
27392
27394
27414
27435
27478
27490
27499
27500
27510
27523
27527
27529
27537
27564
27630
27655
27710
27737
27742
27748
27758
27776
27781
27820
27831
27843
27888
27893
27911
27917
27923
27960
27962
27970
27980
27983
27996
28109
28125
28143
28146
28191
28203
28213
28213
28223
28243
28275
28346
28346
28372
28396
28406
28422
28450
28481
28487
28488
28537
28541
28573
28574
28604
28644
28647
28649
28682
28684
28771
28784
28789
28794
28816
28819
28859
28862
28878
28878
28913
28921
28929
28956
28967
28976
28999
29003
29025
29027
29035
29035
29041
29047
29077
29091
29101
29179
29194
29217
29223
29258
29260
29264
29290
29298
29322
29335
29349
29366
29375
29389
29392
29402
29416
29434
29441
29441
29457
29459
29493
29499
29520
29541
29571
29576
29585
29587
29614
29619
29670
29671
29710
29710
29734
29750
29760
29783
29795
29808
29825
29833
29836
29845
29876
29898
29934
29936
29958
29960
30023
30051
30093
30097
30104
30106
30112
30116
30129
30140
30150
30212
30221
30280
30280
30295
30311
30326
30349
30382
30398
30427
30454
30493
30503
30503
30504
30508
30513
30558
30571
30582
30583
30692
30782
30792
30808
30831
30846
30890
30901
30913
30919
30936
30954
30964
31047
31049
31071
31074
31085
31093
31117
31190
31211
31232
31276
31278
31319
31349
31385
31415
31434
31453
31464
31477
31527
31543
31553
31576
31586
31600
31626
31675
31685
31701
31703
31743
31787
31841
31889
31898
31947
31966
31978
31980
31981
32002
32016
32049
32081
32083
32094
32145
32161
32198
32229
32234
32254
32294
32313
32360
32395
32397
32397
32416
32440
32461
32477
32505
32553
32585
32602
32607
32608
32610
32628
32638
32644
32655
32664
32669
32728
32750
32771
32803
32858
32859
32970
32980
32989
33052
33077
33082
33094
33140
33147
33159
33175
33175
33184
33195
33196
33225
33244
33268
33371
33374
33375
33381
33438
33459
33475
33527
33550
33684
33689
33699
33734
33762
33772
33782
33792
33795
33797
33818
33841
33877
33898
33910
33941
33944
33944
33962
33980
33995
34001
34043
34050
34065
34080
34081
34149
34179
34233
34235
34267
34304
34327
34332
34339
34404
34407
34457
34462
34463
34468
34470
34486
34504
34515
34590
34598
34620
34621
34628
34630
34640
34649
34681
34701
34718
34791
34854
34871
34882
34914
34950
34954
34956
35018
35033
35035
35037
35086
35111
35120
35126
35130
35132
35144
35150
35159
35194
35245
35246
35252
35255
35292
35311
35317
35318
35328
35336
35345
35345
35355
35361
35363
35373
35375
35400
35421
35425
35473
35496
35523
35537
35552
35568
35571
35587
35590
35602
35641
35693
35721
35723
35738
35790
35828
35884
35896
35916
35919
35926
35927
35932
35980
35992
36008
36044
36055
36070
36092
36129
36138
36144
36146
36206
36230
36264
36285
36300
36323
36325
36332
36333
36372
36374
36374
36398
36413
36419
36423
36464
36478
36503
36533
36550
36579
36582
36597
36631
36657
36659
36680
36691
36705
36731
36743
36767
36767
36770
36783
36808
36811
36817
36824
36830
36883
36902
36903
36961
36963
37014
37026
37050
37104
37125
37133
37143
37145
37151
37152
37175
37196
37199
37232
37269
37279
37283
37285
37311
37341
37361
37365
37369
37375
37380
37396
37415
37455
37474
37476
37511
37532
37537
37541
37601
37635
37643
37659
37665
37688
37711
37785
37819
37822
37834
37834
37888
37903
37912
37923
37928
37973
37994
38031
38033
38053
38076
38078
38078
38094
38117
38122
38129
38172
38206
38244
38269
38283
38302
38321
38333
38335
38336
38338
38339
38348
38363
38368
38391
38399
38414
38420
38428
38434
38450
38479
38506
38556
38560
38567
38586
38620
38624
38627
38649
38656
38657
38665
38677
38680
38708
38732
38734
38750
38759
38787
38824
38860
38876
38877
38896
38899
38922
38926
38928
38930
38930
38939
38949
39023
39024
39061
39067
39071
39093
39166
39174
39224
39231
39245
39284
39295
39295
39299
39317
39332
39367
39376
39405
39410
39443
39466
39479
39504
39517
39517
39543
39549
39578
39615
39625
39637
39640
39650
39660
39662
39684
39685
39690
39690
39709
39730
39738
39779
39819
39860
39867
39872
39903
39909
39951
40016
40056
40113
40118
40145
40171
40200
40234
40235
40296
40304
40334
40419
40501
40513
40523
40584
40608
40612
40624
40642
40654
40662
40663
40685
40699
40705
40711
40736
40786
40791
40832
40842
40855
40874
40898
40929
40946
40963
40964
40998
40999
41042
41054
41073
41083
41089
41108
41128
41137
41140
41154
41164
41171
41173
41199
41230
41266
41277
41284
41312
41316
41338
41352
41364
41369
41426
41445
41447
41451
41453
41468
41484
41536
41538
41559
41569
41598
41626
41632
41653
41691
41698
41698
41723
41726
41747
41760
41795
41801
41840
41889
41891
41948
41986
41994
42003
42031
42036
42054
42082
42083
42103
42104
42117
42165
42183
42187
42189
42193
42246
42293
42311
42314
42329
42345
42352
42380
42392
42394
42423
42432
42457
42487
42497
42498
42509
42544
42584
42584
42585
42604
42630
42646
42656
42672
42673
42688
42691
42720
42752
42756
42813
42848
42873
42890
42892
42931
42960
42997
43041
43048
43062
43070
43089
43094
43099
43106
43107
43146
43228
43232
43236
43249
43250
43269
43280
43331
43335
43353
43364
43370
43401
43404
43435
43449
43466
43480
43492
43555
43570
43576
43580
43592
43601
43605
43620
43625
43632
43642
43699
43724
43772
43776
43780
43786
43788
43879
43881
43915
43918
43937
43978
43979
43983
44043
44063
44086
44099
44121
44130
44133
44157
44176
44189
44220
44273
44287
44310
44318
44337
44360
44373
44381
44387
44455
44464
44524
44528
44554
44567
44613
44626
44647
44656
44701
44726
44770
44779
44786
44796
44827
44839
44884
44927
44938
45004
45014
45019
45036
45051
45061
45062
45080
45080
45094
45112
45137
45187
45247
45274
45291
45321
45337
45364
45376
45406
45410
45440
45512
45545
45570
45585
45625
45695
45699
45707
45710
45727
45777
45793
45801
45808
45814
45818
45824
45858
45878
45880
45888
45907
45924
45962
45968
45969
45986
46002
46005
46021
46061
46079
46111
46128
46133
46162
46164
46164
46168
46168
46188
46220
46233
46235
46250
46253
46266
46267
46276
46301
46304
46307
46312
46312
46318
46339
46362
46390
46406
46426
46438
46461
46471
46510
46531
46582
46585
46595
46622
46626
46641
46686
46697
46704
46721
46762
46763
46774
46805
46820
46822
46843
46851
46862
46871
46877
46888
46902
46917
46921
46927
46949
46965
47015
47065
47076
47078
47112
47118
47125
47177
47180
47191
47211
47219
47245
47256
47259
47282
47290
47292
47320
47334
47340
47351
47372
47417
47419
47422
47444
47457
47515
47518
47536
47538
47541
47589
47600
47626
47633
47654
47701
47708
47724
47735
47740
47749
47763
47778
47781
47812
47815
47848
47850
47853
47857
47860
47899
47901
47980
48019
48020
48024
48059
48112
48112
48120
48130
48132
48134
48164
48201
48211
48219
48255
48267
48274
48298
48311
48333
48364
48370
48393
48406
48415
48439
48449
48470
48471
48472
48473
48486
48488
48499
48523
48538
48546
48556
48595
48616
48621
48632
48666
48671
48673
48733
48798
48839
48841
48848
48853
48958
48959
48964
48965
48970
48982
49006
49018
49058
49119
49179
49208
49223
49270
49282
49329
49331
49341
49356
49358
49374
49377
49393
49436
49457
49465
49465
49478
49480
49565
49584
49592
49631
49640
49641
49647
49651
49660
49675
49693
49694
49753
49755
49759
49788
49816
49839
49840
49864
49902
49909
49914
49949
49965
49977
50000
50088
50091
50095
50101
50106
50115
50142
50146
50158
50163
50206
50211
50214
50237
50239
50255
50273
50296
50313
50331
50341
50402
50408
50412
50430
50434
50435
50480
50486
50494
50508
50525
50572
50582
50623
50629
50655
50709
50720
50727
50786
50814
50873
50898
50934
50940
50966
50988
51000
51014
51040
51096
51097
51108
51113
51133
51151
51171
51188
51291
51291
51316
51330
51340
51356
51357
51368
51391
51397
51413
51416
51416
51461
51476
51505
51511
51515
51530
51563
51564
51591
51593
51600
51644
51645
51664
51671
51686
51697
51706
51715
51726
51732
51752
51752
51775
51803
51819
51827
51847
51849
51864
51906
51927
51929
51948
51961
51979
52012
52013
52024
52048
52072
52085
52086
52088
52102
52107
52110
52156
52167
52176
52187
52189
52197
52200
52255
52272
52290
52294
52296
52302
52306
52323
52325
52394
52409
52431
52432
52460
52475
52511
52512
52521
52524
52528
52530
52549
52557
52565
52571
52589
52635
52682
52718
52751
52758
52769
52775
52776
52786
52811
52817
52843
52874
52875
52890
52895
52922
52947
52999
53001
53003
53016
53030
53046
53048
53052
53053
53055
53135
53146
53165
53216
53228
53236
53237
53239
53276
53297
53306
53350
53371
53426
53438
53450
53482
53516
53540
53588
53594
53616
53644
53664
53695
53698
53708
53714
53717
53731
53745
53774
53775
53788
53801
53801
53827
53917
53924
53928
53940
53948
53972
53974
53987
53994
53994
54005
54007
54038
54041
54049
54055
54119
54125
54140
54145
54155
54186
54199
54208
54245
54285
54329
54349
54392
54393
54395
54406
54422
54434
54440
54469
54477
54487
54508
54551
54555
54570
54597
54614
54628
54629
54644
54691
54694
54720
54725
54725
54728
54743
54760
54764
54769
54774
54780
54786
54795
54800
54803
54842
54852
54870
54888
54891
54943
54987
54997
55003
55008
55008
55009
55034
55076
55077
55109
55176
55185
55214
55218
55222
55228
55231
55234
55250
55251
55265
55272
55273
55274
55276
55288
55371
55382
55390
55398
55400
55467
55471
55484
55487
55523
55551
55583
55585
55585
55597
55658
55684
55686
55690
55706
55755
55779
55781
55797
55803
55809
55828
55873
55880
55918
55923
55928
55950
55955
55974
55993
56004
56025
56026
56036
56200
56204
56207
56218
56249
56277
56315
56318
56343
56381
56405
56406
56432
56441
56478
56489
56498
56504
56527
56530
56550
56589
56628
56661
56697
56755
56761
56824
56838
56861
56890
56891
56930
56932
56944
56949
56967
57011
57035
57053
57071
57071
57104
57120
57125
57126
57139
57142
57152
57156
57212
57230
57236
57249
57261
57264
57265
57296
57323
57396
57398
57462
57473
57477
57477
57483
57495
57502
57511
57512
57519
57521
57587
57607
57643
57653
57694
57712
57740
57743
57755
57767
57804
57809
57818
57830
57852
57888
57978
57985
58002
58005
58010
58015
58027
58087
58106
58144
58144
58171
58175
58183
58205
58224
58230
58243
58251
58284
58296
58314
58321
58327
58331
58344
58357
58359
58363
58374
58384
58414
58414
58488
58520
58551
58552
58553
58564
58581
58583
58615
58645
58659
58665
58675
58705
58759
58787
58792
58798
58822
58839
58856
58888
58902
58936
58967
59013
59034
59119
59132
59150
59192
59268
59289
59313
59314
59324
59348
59357
59374
59375
59400
59403
59409
59416
59421
59467
59473
59485
59492
59517
59543
59572
59670
59681
59729
59736
59776
59778
59793
59802
59810
59833
59853
59857
59867
59870
59950
59958
59980
59987
60001
60033
60038
60053
60056
60073
60089
60106
60134
60153
60157
60166
60168
60181
60195
60245
60246
60299
60326
60341
60344
60347
60364
60364
60373
60377
60385
60415
60429
60452
60456
60464
60488
60540
60550
60594
60602
60603
60628
60632
60657
60658
60663
60667
60687
60690
60694
60700
60711
60718
60725
60729
60738
60739
60743
60763
60763
60778
60793
60793
60829
60860
60892
60906
60929
60942
60975
60985
61000
61009
61015
61040
61047
61074
61086
61109
61137
61204
61209
61232
61233
61241
61259
61314
61324
61333
61360
61368
61369
61389
61398
61414
61496
61500
61506
61528
61557
61569
61574
61618
61624
61629
61664
61694
61705
61728
61740
61767
61774
61784
61784
61800
61803
61811
61824
61831
61840
61855
61860
61875
61885
61893
61902
61904
61914
62004
62043
62048
62140
62164
62173
62180
62198
62199
62206
62206
62245
62251
62251
62276
62277
62289
62290
62310
62310
62335
62336
62381
62393
62405
62456
62466
62469
62485
62489
62496
62515
62529
62553
62579
62600
62604
62634
62658
62659
62661
62733
62736
62753
62756
62830
62871
62880
62899
62903
62977
62978
63021
63023
63039
63049
63110
63125
63141
63278
63293
63294
63298
63300
63315
63330
63335
63427
63436
63440
63458
63479
63501
63508
63509
63535
63537
63545
63545
63558
63574
63645
63684
63704
63752
63758
63761
63789
63818
63826
63862
63868
63880
63904
63954
63978
64008
64033
64062
64070
64075
64098
64121
64161
64168
64183
64203
64246
64247
64257
64266
64277
64335
64341
64349
64352
64359
64361
64376
64378
64379
64389
64433
64441
64453
64457
64505
64512
64528
64539
64553
64623
64657
64676
64689
64694
64704
64705
64746
64760
64778
64801
64826
64839
64850
64875
64880
64896
64964
65003
65065
65080
65093
65095
65124
65136
65137
65138
65138
65195
65225
65233
65255
65281
65286
65288
65291
65297
65332
65338
65377
65425
65452
65477
65494
65512
65514
65518
65540
65545
65577
65608
65619
65638
65648
65656
65678
65694
65717
65717
65724
65758
65760
65775
65797
65799
65818
65841
65842
65846
65864
65911
65924
65929
65965
65966
66004
66018
66024
66030
66056
66077
66134
66148
66205
66211
66258
66269
66338
66351
66359
66362
66368
66420
66493
66494
66513
66515
66520
66538
66545
66571
66580
66582
66621
66656
66753
66759
66784
66810
66826
66830
66841
66858
66881
66883
66946
66962
66977
66981
66988
66991
66997
67021
67056
67084
67104
67109
67114
67137
67143
67168
67196
67224
67228
67237
67256
67292
67295
67324
67331
67341
67372
67418
67419
67419
67423
67428
67429
67483
67515
67525
67530
67534
67553
67582
67589
67590
67591
67602
67615
67616
67645
67688
67724
67752
67785
67788
67797
67815
67822
67823
67839
67862
67882
67886
67900
67963
67979
67984
67991
67992
68005
68043
68050
68059
68065
68102
68135
68143
68171
68215
68229
68253
68272
68334
68365
68379
68423
68425
68428
68449
68453
68456
68456
68468
68476
68483
68500
68541
68558
68564
68570
68570
68579
68591
68597
68609
68611
68622
68643
68649
68680
68682
68752
68762
68765
68792
68837
68854
68870
68875
68884
68920
68926
68930
68954
68991
69011
69033
69034
69055
69068
69084
69123
69194
69211
69212
69253
69257
69265
69281
69301
69313
69317
69318
69324
69326
69361
69363
69372
69385
69437
69462
69468
69478
69494
69497
69521
69521
69529
69570
69580
69592
69629
69634
69658
69687
69701
69702
69714
