42
83
89
111
115
126
164
179
182
189
210
215
216
230
262
266
272
280
287
290
296
298
310
312
312
349
350
360
364
372
383
384
395
407
409
415
417
441
449
458
476
498
507
511
512
533
534
552
556
565
580
584
594
596
601
607
609
631
640
648
654
662
682
683
703
714
719
721
733
737
746
754
767
786
802
821
852
894
900
920
938
942
946
957
975
978
988
996
1000
1019
1024
1054
1074
1075
1155
1169
1180
1184
1199
1208
1209
1232
1282
1285
1287
1335
1337
1349
1352
1356
1356
1374
1388
1392
1407
1412
1449
1449
1452
1479
1479
1491
1495
1502
1515
1559
1560
1563
1568
1571
1580
1594
1595
1609
1632
1664
1668
1675
1676
1688
1689
1689
1693
1700
1703
1712
1714
1727
1762
1768
1778
1795
1811
1814
1839
1841
1844
1854
1856
1867
1870
1876
1884
1887
1891
1921
1927
1928
1943
1946
1966
1978
2019
2037
2055
2079
2081
2092
2095
2100
2101
2103
2108
2126
2140
2144
2149
2162
2163
2163
2208
2214
2231
2253
2268
2282
2294
2297
2312
2324
2331
2356
2367
2367
2375
2387
2395
2400
2416
2431
2436
2447
2450
2479
2492
2519
2521
2541
2557
2568
2589
2600
2612
2640
2648
2650
2655
2661
2670
2702
2720
2725
2730
2769
2769
2773
2798
2830
2842
2869
2869
2890
2891
2896
2896
2913
2931
2938
2945
2949
2979
2991
3014
3027
3041
3061
3071
3098
3099
3120
3131
3136
3146
3150
3152
3159
3191
3198
3200
3205
3232
3243
3266
3276
3285
3289
3306
3310
3314
3315
3317
3318
3343
3348
3358
3359
3373
3378
3382
3402
3405
3413
3436
3453
3456
3459
3466
3470
3489
3505
3517
3521
3536
3552
3569
3591
3592
3593
3602
3614
3616
3622
3631
3639
3641
3672
3680
3705
3709
3737
3757
3776
3780
3785
3794
3815
3823
3837
3852
3885
3903
3906
3923
3926
3931
3995
4015
4017
4019
4037
4040
4051
4070
4080
4084
4124
4133
4133
4136
4150
4154
4162
4162
4163
4163
4166
4178
4181
4224
4230
4232
4251
4260
4301
4315
4327
4328
4350
4421
4438
4443
4450
4479
4480
4495
4497
4503
4505
4518
4523
4540
4542
4546
4553
4561
4574
4581
4593
4607
4608
4617
4634
4635
4644
4650
4668
4676
4680
4681
4687
4688
4689
4702
4758
4760
4772
4772
4779
4792
4805
4807
4817
4818
4820
4829
4846
4860
4864
4905
4920
4921
4956
4967
4974
4986
5006
5018
5023
5028
5045
5070
5089
5103
5104
5108
5135
5139
5140
5192
5219
5221
5233
5234
5242
5247
5274
5297
5305
5305
5359
5359
5360
5362
5378
5380
5380
5405
5408
5413
5413
5421
5434
5434
5437
5440
5442
5445
5465
5467
5485
5503
5515
5532
5533
5552
5562
5564
5583
5603
5615
5632
5650
5681
5696
5707
5725
5750
5752
5772
5782
5789
5820
5834
5839
5839
5879
5880
5894
5913
5943
5953
5988
5988
6003
6060
6082
6121
6136
6170
6189
6213
6218
6222
6239
6246
6264
6272
6277
6304
6326
6328
6360
6370
6389
6395
6396
6417
6426
6432
6440
6451
6456
6459
6466
6468
6482
6504
6504
6524
6529
6538
6541
6559
6584
6589
6605
6622
6632
6638
6669
6674
6683
6692
6695
6708
6718
6729
6734
6742
6745
6752
6757
6757
6759
6770
6790
6807
6863
6881
6897
6911
6934
6934
6974
7028
7030
7033
7039
7046
7095
7101
7110
7118
7133
7135
7140
7144
7164
7178
7187
7197
7211
7211
7244
7269
7275
7285
7296
7302
7326
7333
7334
7337
7373
7377
7391
7403
7415
7416
7419
7421
7422
7434
7435
7440
7447
7459
7465
7487
7490
7509
7514
7517
7518
7536
7538
7549
7560
7586
7586
7610
7613
7621
7636
7649
7655
7658
7670
7703
7704
7705
7746
7754
7757
7797
7823
7825
7839
7858
7876
7913
7924
7934
7939
7945
7948
7958
7959
7962
7977
7983
7991
7999
8009
8010
8014
8016
8070
8073
8083
8087
8097
8115
8143
8143
8153
8154
8175
8178
8182
8186
8204
8212
8227
8229
8254
8259
8263
8265
8286
8302
8305
8344
8349
8377
8390
8393
8397
8403
8407
8452
8485
8487
8500
8504
8508
8543
8551
8567
8570
8596
8605
8606
8608
8619
8635
8636
8646
8650
8660
8661
8665
8718
8719
8724
8725
8746
8749
8770
8777
8785
8794
8795
8815
8817
8821
8832
8835
8839
8848
8850
8885
8920
8921
8947
8954
8954
8961
8965
8977
8988
9002
9003
9023
9042
9043
9059
9065
9076
9082
9086
9089
9101
9103
9129
9134
9139
9156
9179
9194
9205
9236
9252
9264
9278
9287
9297
9318
9325
9356
9360
9363
9374
9386
9391
9404
9415
9421
9430
9430
9452
9473
9487
9501
9502
9517
9518
9548
9552
9563
9576
9576
9578
9580
9603
9621
9653
9655
9662
9674
9681
9685
9688
9704
9713
9729
9729
9730
9733
9744
9758
9800
9824
9858
9864
9928
9936
9941
9963
9967
9970
9995
9998
10005
10016
10016
10078
10097
10105
10117
10127
10143
10161
10162
10186
10194
10202
10203
10218
10239
10254
10290
10310
10312
10336
10338
10339
10340
10349
10352
10369
10387
10397
10405
10408
10414
10416
10432
10446
10446
10447
10448
10456
10480
10483
10485
10487
10506
10557
10566
10567
10577
10588
10594
10609
10611
10613
10653
10653
10680
10683
10687
10691
10702
10715
10726
10730
10731
10782
10794
10798
10811
10813
10813
10868
10870
10896
10914
10919
10922
10929
10950
10958
10969
10981
10994
10998
11038
11053
11079
11083
11085
11104
11104
11105
11115
11116
11121
11138
11149
11163
11185
11218
11222
11225
11254
11260
11260
11277
11308
11318
11322
11330
11341
11347
11350
11353
11379
11390
11399
11416
11441
11460
11475
11515
11580
11580
11627
11628
11634
11657
11680
11686
11686
11700
11706
11710
11745
11763
11764
11765
11772
11791
11821
11822
11828
11828
11842
11850
11852
11900
11906
11925
11929
11952
11953
11953
11979
11986
11988
12010
12019
12020
12026
12039
12039
12048
12052
12062
12086
12102
12115
12118
12126
12141
12153
12170
12172
12189
12193
12220
12227
12252
12279
12280
12286
12288
12295
12299
12301
12307
12318
12331
12338
12349
12369
12378
12423
12427
12428
12436
12439
12506
12512
12523
12524
12559
12565
12570
12603
12605
12632
12636
12645
12660
12686
12710
12722
12749
12752
12754
12758
12775
12791
12795
12809
12820
12825
12843
12844
12855
12900
12900
12943
12972
12974
12991
12997
13000
13008
13023
13054
13077
13097
13107
13112
13161
13189
13202
13209
13218
13221
13228
13231
13232
13249
13251
13281
13283
13299
13313
13337
13342
13350
13352
13365
13368
13380
13389
13416
13419
13420
13426
13458
13475
13491
13500
13510
13523
13549
13550
13573
13597
13598
13598
13609
13643
13649
13661
13662
13673
13686
13710
13714
13732
13740
13766
13790
13791
13795
13809
13819
13827
13831
13855
13865
13901
13916
13934
13983
13991
14001
14016
14024
14029
14031
14031
14037
14040
14042
14042
14046
14048
14076
14089
14111
14115
14123
14135
14142
14148
14182
14189
14219
14228
14235
14243
14251
14270
14283
14292
14294
14349
14361
14362
14371
14406
14426
14428
14441
14449
14462
14480
14481
14488
14496
14511
14512
14516
14517
14533
14537
14548
14556
14566
14607
14620
14630
14634
14637
14649
14671
14683
14702
14711
14712
14712
14734
14751
14767
14792
14805
14807
14820
14836
14837
14850
14876
14879
14930
14943
14945
14958
14971
14984
14986
14995
15016
15023
15034
15054
15061
15062
15075
15078
15093
15097
15112
15120
15125
15128
15128
15153
15155
15160
15183
15201
15206
15216
15221
15248
15257
15288
15289
15291
15292
15306
15316
15338
15358
15358
15362
15377
15383
15384
15391
15402
15402
15423
15443
15456
15463
15469
15474
15479
15484
15509
15524
15528
15531
15532
15536
15545
15557
15569
15569
15573
15640
15642
15656
15670
15716
15749
15752
15754
15774
15776
15788
15808
15815
15847
15861
15873
15878
15883
15883
15902
15909
15936
15952
15965
15985
16013
16030
16067
16082
16118
16119
16123
16135
16186
16191
16216
16232
16263
16266
16273
16278
16300
16306
16315
16316
16325
16336
16337
16349
16379
16380
16391
16405
16423
16434
16439
16450
16456
16456
16463
16469
16472
16480
16507
16528
16529
16554
16563
16574
16576
16598
16627
16629
16639
16687
16707
16708
16709
16730
16740
16770
16777
16795
16803
16816
16820
16848
16883
16884
16891
16893
16894
16898
16909
16910
16910
16941
16955
16955
16961
16970
16978
16980
16986
16993
16998
17008
17040
17063
17069
17075
17108
17110
17118
17123
17134
17146
17176
17210
17233
17235
17241
17246
17256
17258
17264
17267
17281
17300
17313
17316
17325
17352
17373
17395
17403
17414
17415
17416
17417
17418
17418
17453
17462
17510
17513
17539
17559
17563
17564
17565
17611
17622
17624
17648
17669
17679
17681
17714
17715
17721
17731
17747
17751
17764
17778
17783
17784
17798
17825
17829
17839
17867
17882
17891
17893
17893
17902
17908
17909
17911
17925
17936
17955
17971
18008
18029
18040
18076
18096
18102
18122
18129
18149
18153
18153
18171
18178
18187
18197
18204
18216
18219
18219
18243
18249
18282
18297
18330
18339
18351
18387
18395
18397
18426
18429
18435
18443
18444
18448
18453
18470
18473
18482
18493
18494
18566
18577
18596
18612
18617
18629
18643
18649
18668
18678
18679
18682
18686
18710
18720
18731
18740
18750
18757
18759
18766
18784
18787
18791
18796
18802
18812
18814
18815
18840
18847
18850
18857
18866
18867
18882
18923
18925
18932
18942
18943
18956
18959
18972
18973
18985
19002
19004
19013
19016
19040
19057
19060
19061
19083
19114
19119
19121
19126
19130
19146
19147
19184
19201
19204
19216
19217
19217
19235
19239
19247
19247
19263
19288
19292
19311
19331
19333
19358
19364
19375
19388
19388
19394
19398
19406
19421
19428
19436
19440
19441
19448
19461
19470
19478
19484
19491
19493
19510
19532
19548
19548
19549
19554
19554
19568
19583
19619
19631
19638
19660
19667
19668
19672
19676
19679
19688
19695
19698
19698
19708
19739
19746
19768
19770
19776
19793
19810
19825
19839
19852
19861
19862
19892
19900
19903
19909
19910
19910
19930
19933
19934
19951
19954
19958
19961
19970
19984
19992
19998
20013
20024
20030
20059
20062
20067
20075
20099
20110
20118
20130
20136
20172
20189
20207
20213
20222
20222
20226
20234
20234
20237
20241
20259
20263
20263
20270
20291
20293
20301
20303
20307
20326
20381
20394
20395
20420
20433
20441
20447
20459
20462
20465
20477
20489
20492
20526
20543
20547
20553
20581
20585
20595
20614
20616
20630
20649
20652
20662
20681
20691
20699
20708
20714
20718
20719
20741
20748
20752
20788
20793
20801
20825
20832
20848
20866
20879
20921
20932
20947
20970
20977
20988
20993
21000
21022
21030
21030
21034
21036
21047
21056
21072
21073
21077
21092
21098
21112
21131
21157
21171
21171
21177
21182
21194
21198
21200
21201
21220
21235
21264
21296
21307
21325
21347
21349
21357
21357
21358
21367
21373
21375
21388
21389
21448
21461
21474
21488
21494
21500
21509
21512
21547
21567
21601
21602
21603
21626
21652
21664
21664
21682
21691
21706
21728
21731
21744
21746
21762
21764
21766
21781
21787
21818
21827
21831
21839
21848
21856
21856
21857
21876
21886
21906
21911
21914
21915
21916
21919
21924
21927
21939
21941
21965
22001
22011
22018
22021
22064
22071
22075
22101
22110
22116
22123
22124
22183
22193
22211
22249
22250
22256
22258
22258
22260
22289
22297
22315
22348
22356
22366
22372
22373
22384
22387
22404
22433
22437
22446
22458
22458
22462
22480
22488
22526
22534
22543
22547
22553
22589
22598
22616
22617
22618
22619
22652
22659
22673
22684
22689
22696
22700
22733
22738
22752
22754
22765
22782
22795
22828
22835
22837
22848
22863
22867
22887
22890
22904
22922
22943
22965
22992
22993
23021
23021
23028
23030
23035
23046
23056
23069
23089
23105
23110
23111
23167
23168
23168
23169
23171
23182
23201
23206
23208
23216
23231
23266
23284
23324
23331
23338
23341
23357
23372
23376
23385
23385
23399
23402
23408
23423
23440
23443
23454
23466
23476
23478
23482
23502
23517
23522
23538
23599
23606
23618
23623
23625
23640
23655
23676
23693
23693
23718
23726
23735
23748
23809
23824
23826
23846
23852
23852
23925
23930
23944
23954
23959
23978
24033
24041
24062
24072
24073
24082
24084
24096
24129
24153
24158
24169
24179
24191
24193
24222
24230
24247
24263
24265
24269
24278
24292
24326
24327
24329
24382
24402
24427
24429
24440
24443
24457
24459
24463
24468
24501
24514
24521
24522
24538
24538
24545
24570
24586
24603
24608
24626
24632
24633
24681
24691
24720
24725
24730
24742
24756
24772
24772
24782
24825
24837
24844
24860
24868
24885
24904
24909
24926
24932
24948
24950
24962
24973
24973
24977
24996
24996
25006
25036
25071
25076
25085
25090
25117
25138
25148
25165
25182
25183
25201
25214
25247
25304
25315
25316
25324
25337
25341
25350
25358
25360
25374
25429
25440
25452
25452
25471
25484
25498
25518
25546
25548
25549
25550
25551
25554
25559
25575
25581
25587
25599
25615
25626
25651
25652
25705
25706
25706
25722
25736
25745
25752
25769
25771
25778
25798
25814
25815
25821
25833
25845
25846
25870
25882
25893
25896
25908
25921
25924
25924
25925
25938
25942
25951
25970
25982
26024
26034
26065
26092
26132
26143
26162
26167
26169
26170
26173
26205
26211
26224
26250
26254
26256
26266
26274
26326
26332
26358
26373
26392
26399
26418
26422
26426
26427
26428
26429
26436
26436
26437
26447
26454
26470
26475
26477
26498
26511
26513
26521
26569
26576
26579
26586
26603
26614
26638
26651
26652
26662
26679
26707
26708
26711
26716
26720
26725
26753
26781
26785
26788
26798
26807
26814
26820
26821
26827
26841
26846
26874
26877
26887
26906
26907
26908
26915
26930
26976
27012
27022
27028
27045
27055
27082
27096
27132
27136
27138
27138
27144
27150
27151
27157
27164
27165
27180
27185
27190
27190
27207
27222
27226
27255
27300
27320
27341
27346
27355
27372
27372
27394
27394
27407
27419
27421
27426
27427
27430
27459
27459
27460
27465
27468
27475
27482
27492
27496
27533
27552
27554
27554
27563
27587
27587
27595
27630
27635
27643
27650
27653
27662
27666
27667
27672
27674
27678
27682
27688
27691
27693
27709
27709
27712
27736
27740
27749
27777
27781
27786
27792
27809
27811
27818
27818
27833
27858
27858
27860
27863
27867
27874
27874
27883
27893
27894
27916
27932
27935
27938
27942
27954
27967
27985
28003
28004
28009
28028
28044
28057
28075
28077
28104
28113
28117
28120
28127
28128
28134
28138
28151
28165
28165
28181
28194
28197
28214
28223
28224
28265
28272
28274
28277
28311
28313
28342
28346
28348
28353
28363
28364
28374
28376
28379
28383
28419
28428
28428
28438
28440
28443
28444
28452
28454
28469
28476
28487
28495
28497
28499
28503
28508
28513
28525
28531
28537
28610
28610
28616
28627
28639
28646
28653
28660
28666
28671
28679
28680
28687
28699
28711
28712
28717
28726
28732
28743
28751
28765
28768
28776
28780
28792
28794
28796
28815
28818
28836
28844
28846
28847
28860
28861
28879
28885
28889
28894
28898
28905
28914
28931
28932
28949
28967
28981
28993
29035
29035
29058
29062
29083
29093
29110
29122
29155
29163
29186
29190
29208
29214
29231
29241
29249
29250
29293
29298
29299
29311
29341
29359
29359
29368
29387
29387
29408
29427
29430
29440
29446
29452
29454
29482
29490
29493
29494
29501
29504
29520
29525
29581
29589
29606
29607
29637
29640
29647
29651
29659
29667
29682
29718
29720
29727
29737
29759
29764
29770
29776
29796
29805
29805
29826
29828
29841
29857
29860
29870
29887
29905
29972
29975
29981
29987
30025
30030
30030
30034
30039
30070
30071
30102
30105
30108
30113
30113
30136
30139
30144
30167
30191
30207
30208
30222
30246
30246
30246
30277
30282
30282
30283
30313
30314
30324
30353
30368
30372
30377
30378
30387
30395
30410
30413
30448
30449
30455
30485
30487
30541
30579
30579
30615
30636
30657
30666
30674
30679
30680
30683
30695
30715
30718
30721
30725
30734
30734
30773
30781
30791
30797
30816
30817
30819
30820
30820
30821
30824
30829
30865
30870
30877
30881
30885
30904
30911
30913
30930
30930
30933
30933
30939
30946
30948
30979
30988
30994
31004
31013
31044
31044
31054
31059
31063
31065
31089
31089
31095
31097
31100
31114
31117
31127
31146
31149
31152
31160
31161
31166
31173
31180
31202
31216
31218
31236
31241
31264
31269
31274
31285
31300
31323
31324
31329
31331
31333
31334
31335
31336
31339
31368
31392
31393
31394
31450
31464
31480
31482
31490
31490
31504
31508
31509
31539
31554
31554
31610
31613
31624
31639
31662
31669
31674
31678
31687
31747
31753
31760
31771
31771
31771
31781
31784
31812
31844
31873
31901
31904
31925
31929
31942
31947
31966
31975
31991
32008
32014
32014
32036
32096
32122
32139
32140
32158
32161
32172
32196
32196
32199
32200
32204
32208
32216
32224
32233
32236
32248
32264
32315
32344
32363
32386
32404
32408
32415
32419
32422
32440
32440
32446
32455
32465
32468
32475
32497
32507
32509
32519
32553
32605
32617
32619
32633
32634
32642
32643
32648
32651
32659
32659
32682
32684
32685
32688
32690
32706
32717
32729
32736
32738
32791
32794
32794
32805
32810
32811
32817
32822
32856
32873
32879
32889
32891
32901
32904
32944
32947
32954
32987
33006
33033
33041
33052
33077
33105
33107
33150
33150
33154
33156
33169
33178
33182
33227
33241
33244
33246
33258
33268
33269
33273
33277
33285
33304
33326
33330
33330
33361
33373
33374
33389
33397
33400
33401
33407
33410
33451
33455
33462
33466
33470
33470
33479
33507
33529
33552
33605
33630
33645
33658
33679
33689
33692
33693
33698
33698
33702
33709
33718
33721
33730
33740
33753
33783
33793
33810
33813
33817
33822
33828
33840
33847
33850
33853
33855
33857
33899
33919
33921
33926
33932
33932
33939
33980
33980
33995
34006
34008
34038
34042
34070
34090
34101
34112
34123
34129
34132
34162
34167
34171
34182
34194
34225
34242
34244
34249
34263
34272
34304
34330
34333
34348
34361
34381
34383
34389
34389
34391
34446
34447
34466
34468
34519
34530
34532
34532
34537
34555
34565
34570
34572
34577
34579
34583
34593
34595
34597
34604
34622
34671
34671
34686
34698
34701
34719
34721
34727
34735
34736
34737
34753
34760
34764
34791
34807
34812
34825
34833
34837
34857
34868
34872
34878
34889
34903
34950
34959
35002
35006
35008
35022
35027
35061
35068
35071
35090
35092
35093
35095
35106
35107
35118
35133
35139
35172
35184
35192
35195
35196
35218
35243
35256
35265
35279
35282
35285
35287
35287
35294
35320
35348
35349
35354
35355
35397
35406
35408
35418
35421
35426
35497
35498
35500
35506
35518
35527
35536
35551
35559
35565
35569
35595
35603
35626
35635
35635
35674
35677
35716
35722
35749
35755
35759
35788
35793
35826
35844
35845
35849
35856
35859
35861
35867
35871
35880
35885
35885
35887
35893
35934
35940
35948
35948
35952
35962
35963
35968
35980
36014
36017
36065
36068
36070
36083
36099
36110
36116
36116
36120
36129
36131
36132
36142
36145
36150
36168
36172
36188
36214
36229
36229
36241
36245
36246
36250
36262
36269
36314
36316
36327
36336
36355
36359
36387
36387
36393
36397
36420
36424
36431
36432
36437
36442
36474
36481
36483
36505
36535
36543
36577
36583
36620
36644
36645
36645
36684
36697
36700
36714
36714
36715
36758
36761
36778
36810
36817
36833
36835
36840
36852
36866
36884
36888
36899
36913
36915
36926
36934
36947
36955
36993
36997
37037
37045
37050
37062
37066
37076
37094
37096
37111
37133
37154
37162
37207
37216
37231
37233
37271
37279
37280
37282
37295
37328
37349
37351
37371
37372
37383
37429
37434
37464
37466
37474
37480
37491
37493
37500
37501
37504
37507
37533
37546
37607
37609
37616
37622
37626
37628
37634
37656
37664
37678
37684
37693
37697
37706
37710
37711
37735
37755
37755
37759
37760
37761
37773
37780
37788
37789
37791
37822
37834
37847
37851
37883
37887
37898
37908
37932
37965
37967
37989
38003
38035
38044
38059
38107
38135
38136
38147
38159
38164
38172
38175
38189
38208
38238
38265
38266
38286
38295
38309
38341
38362
38370
38375
38394
38398
38401
38403
38421
38422
38423
38451
38453
38453
38462
38498
38498
38538
38541
38546
38580
38603
38619
38622
38640
38649
38653
38664
38679
38690
38701
38714
38714
38784
38793
38801
38802
38814
38855
38870
38879
38885
38892
38911
38916
38922
38927
38931
38946
38970
38973
38973
38981
38987
38989
38990
39012
39015
39024
39050
39054
39067
39071
39075
39077
39099
39102
39114
39124
39141
39146
39164
39168
39170
39179
39195
39199
39199
39203
39206
39248
39258
39267
39304
39310
39317
39320
39322
39323
39338
39362
39364
39369
39397
39415
39418
39421
39423
39456
39462
39481
39486
39494
39513
39522
39541
39563
39567
39576
39588
39594
39603
39616
39619
39625
39626
39657
39667
39680
39710
39723
39729
39736
39758
39761
39783
39809
39825
39850
39864
39869
39893
39906
39917
39920
39921
39942
39970
39994
40008
40023
40041
40043
40055
40075
40079
40091
40103
40109
40114
40119
40126
40129
40149
40156
40174
40180
40239
40239
40244
40247
40328
40331
40387
40416
40418
40425
40441
40443
40445
40493
40524
40532
40544
40549
40561
40565
40568
40577
40593
40618
40644
40651
40671
40676
40680
40687
40729
40734
40744
40744
40759
40765
40777
40788
40793
40794
40808
40808
40824
40837
40905
40908
40918
40959
40966
40982
41012
41014
41041
41074
41097
41111
41116
41143
41144
41144
41156
41171
41177
41177
41193
41199
41200
41201
41207
41214
41233
41237
41240
41247
41249
41253
41273
41295
41313
41322
41341
41348
41364
41398
41407
41419
41449
41455
41456
41460
41476
41487
41487
41491
41508
41522
41541
41552
41569
41587
41615
41639
41641
41642
41651
41667
41667
41677
41716
41723
41725
41740
41763
41796
41812
41812
41812
41814
41815
41856
41858
41858
41861
41861
41881
41904
41925
41927
41948
41971
41975
42004
42034
42035
42042
42054
42065
42094
42105
42108
42121
42130
42166
42169
42175
42187
42203
42207
42207
42213
42216
42216
42266
42271
42319
42340
42350
42355
42400
42407
42420
42427
42434
42436
42444
42451
42484
42486
42491
42491
42522
42527
42533
42535
42538
42546
42551
42593
42601
42618
42619
42639
42659
42673
42678
42684
42743
42744
42760
42781
42792
42802
42805
42809
42828
42829
42841
42844
42863
42863
42865
42875
42884
42887
42916
42933
42950
42952
42991
43035
43054
43067
43069
43071
43091
43101
43102
43113
43120
43126
43155
43156
43160
43171
43175
43187
43188
43190
43198
43225
43251
43290
43307
43327
43331
43357
43363
43417
43428
43430
43432
43433
43445
43453
43495
43499
43511
43519
43526
43536
43541
43546
43560
43570
43600
43616
43627
43630
43656
43688
43708
43709
43722
43746
43781
43805
43819
43828
43832
43840
43859
43891
43902
43910
43922
43947
43954
43978
44018
44022
44022
44035
44050
44053
44066
44081
44087
44094
44114
44129
44174
44201
44221
44231
44248
44253
44254
44256
44256
44257
44269
44303
44322
44323
44335
44340
44395
44419
44424
44430
44435
44439
44462
44477
44494
44494
44499
44506
44512
44517
44538
44558
44583
44589
44589
44595
44701
44713
44715
44735
44750
44751
44757
44770
44776
44793
44799
44819
44830
44846
44863
44874
44874
44938
44946
44952
44961
44964
44968
44972
44979
45053
45054
45057
45072
45098
45149
45154
45162
45167
45183
45202
45271
45273
45299
45303
45311
45312
45333
45334
45336
45338
45365
45374
45380
45399
45402
45416
45420
45448
45457
45464
45474
45484
45485
45490
45491
45501
45502
45504
45510
45512
45520
45539
45544
45549
45555
45566
45570
45579
45580
45583
45588
45598
45600
45621
45630
45648
45660
45663
45664
45676
45694
45700
45720
45748
45760
45763
45767
45781
45789
45791
45820
45870
45890
45932
45962
45963
45967
45996
46020
46040
46056
46065
46069
46078
46091
46107
46108
46148
46162
46181
46186
46198
46222
46228
46236
46253
46254
46264
46271
46289
46291
46292
46310
46313
46321
46368
46429
46430
46434
46438
46439
46440
46451
46464
46471
46502
46518
46538
46546
46605
46607
46615
46632
46635
46640
46648
46656
46662
46662
46664
46669
46675
46680
46696
46715
46726
46737
46739
46762
46766
46787
46787
46790
46793
46807
46814
46824
46824
46837
46861
46882
46904
46910
46930
46933
46942
46944
46948
46948
46961
46969
46975
46998
47010
47048
47057
47068
47071
47101
47120
47131
47140
47144
47155
47168
47190
47217
47264
47283
47290
47299
47304
47314
47317
47322
47341
47368
47376
47377
47393
47401
47410
47433
47439
47441
47450
47456
47467
47475
47486
47488
47494
47518
47543
47545
47562
47587
47614
47615
47640
47659
47665
47677
47690
47695
47712
47716
47740
47766
47767
47792
47792
47797
47802
47811
47813
47839
47861
47884
47924
47928
47931
47939
47943
47951
47951
47952
47953
47955
47966
48001
48003
48015
48021
48023
48024
48025
48032
48034
48040
48042
48049
48071
48083
48091
48108
48114
48123
48137
48142
48174
48186
48196
48197
48217
48226
48243
48246
48260
48269
48269
48273
48288
48294
48332
48356
48359
48365
48370
48377
48379
48387
48389
48394
48426
48433
48442
48456
48462
48471
48504
48509
48527
48532
48536
48545
48561
48575
48576
48578
48584
48593
48597
48609
48619
48655
48661
48684
48685
48701
48728
48730
48752
48758
48795
48799
48811
48811
48821
48846
48852
48860
48861
48866
48940
48959
48994
48996
49002
49016
49021
49021
49030
49030
49033
49034
49057
49058
49059
49062
49066
49070
49080
49083
49083
49124
49127
49130
49183
49196
49196
49210
49215
49236
49242
49273
49277
49306
49333
49335
49358
49381
49387
49425
49426
49432
49432
49445
49459
49470
49479
49500
49512
49530
49548
49558
49560
49564
49567
49569
49574
49581
49613
49637
49648
49667
49685
49693
49718
49719
49745
49748
49752
49753
49767
49778
49800
49804
49805
49812
49821
49826
49830
49838
49850
49855
49861
49864
49872
49873
49883
49884
49896
49896
49897
49909
49918
49936
49938
49962
49966
49982
49991
49993
50011
50012
50025
50050
50053
50081
50087
50110
50134
50142
50156
50172
50177
50209
50247
50251
50260
50275
50278
50295
50305
50323
50342
50354
50370
50370
50384
50388
50392
50392
50419
50425
50458
50474
50479
50486
50498
50506
50510
50544
50569
50593
50597
50599
50605
50616
50633
50658
50681
50682
50683
50690
50690
50693
50704
50706
50706
50742
50755
50775
50784
50790
50798
50803
50805
50807
50821
50835
50848
50849
50876
50886
50894
50900
50914
50923
50933
50936
50953
50966
50970
51003
51013
51013
51043
51082
51099
51115
51123
51130
51130
51136
51137
51141
51142
51148
51159
51186
51188
51201
51213
51221
51233
51283
51301
51313
51323
51338
51361
51363
51367
51373
51398
51409
51422
51425
51426
51434
51437
51466
51471
51492
51495
51500
51504
51513
51522
51523
51526
51529
51544
51566
51573
51603
51607
51615
51618
51633
51649
51651
51652
51669
51693
51700
51734
51753
51757
51759
51783
51806
51814
51829
51832
51843
51858
51858
51879
51880
51892
51896
51905
51925
51926
51928
51934
51944
51956
51988
52015
52033
52036
52052
52053
52072
52075
52085
52099
52121
52124
52126
52135
52144
52148
52152
52161
52184
52212
52221
52234
52235
52239
52255
52266
52286
52288
52297
52300
52301
52330
52331
52332
52348
52357
52377
52382
52408
52414
52448
52452
52470
52476
52477
52493
52494
52498
52504
52541
52542
52554
52571
52574
52590
52603
52619
52619
52643
52644
52681
52694
52731
52731
52733
52736
52751
52757
52771
52786
52786
52790
52792
52795
52804
52811
52813
52824
52825
52832
52833
52849
52852
52868
52898
52907
52919
52928
52936
52948
52958
52961
52963
52983
53002
53008
53010
53014
53055
53055
53058
53079
53080
53100
53127
53137
53143
53164
53168
53179
53221
53239
53243
53244
53248
53249
53255
53274
53293
53318
53322
53335
53340
53345
53382
53393
53407
53407
53438
53457
53461
53509
53523
53524
53543
53545
53559
53559
53565
53566
53566
53578
53581
53598
53599
53607
53615
53622
53631
53639
53657
53661
53684
53686
53691
53693
53696
53702
53706
53729
53733
53744
53750
53761
53764
53770
53797
53799
53825
53829
53831
53834
53849
53855
53856
53859
53870
53884
53889
53896
53897
53912
53925
53927
53927
53941
53943
53948
53964
53966
53997
54009
54029
54041
54044
54044
54055
54081
54096
54100
54109
54134
54174
54188
54192
54200
54222
54225
54227
54246
54248
54255
54274
54281
54284
54309
54309
54318
54318
54349
54355
54372
54378
54395
54401
54405
54407
54410
54427
54447
54460
54478
54493
54494
54502
54508
54549
54561
54587
54594
54624
54650
54652
54654
54656
54665
54665
54666
54666
54681
54682
54682
54687
54691
54693
54721
54722
54735
54743
54756
54779
54801
54808
54813
54835
54862
54876
54883
54884
54917
54926
54929
54932
54934
54979
54985
54993
54995
54995
55027
55041
55067
55077
55082
55097
55118
55144
55151
55193
55199
55205
55211
55211
55219
55252
55255
55256
55270
55274
55283
55288
55298
55300
55322
55329
55335
55353
55358
55395
55401
55401
55417
55427
55482
55482
55493
55496
55516
55521
55524
55529
55535
55546
55561
55571
55584
55600
55602
55602
55605
55622
55634
55641
55646
55661
55669
55672
55675
55675
55691
55694
55704
55714
55739
55741
55755
55781
55800
55803
55837
55837
55843
55860
55865
55904
55916
55929
55939
55941
55941
55943
55955
56000
56010
56010
56011
56042
56045
56048
56050
56055
56059
56069
56074
56078
56083
56087
56112
56114
56158
56178
56187
56204
56257
56259
56300
56346
56347
56364
56369
56387
56396
56396
56397
56400
56403
56405
56406
56407
56412
56416
56421
56427
56445
56456
56479
56481
56493
56556
56558
56560
56568
56575
56585
56587
56597
56614
56627
56631
56638
56644
56648
56649
56660
56673
56683
56690
56693
56721
56749
56750
56763
56785
56788
56788
56789
56791
56799
56802
56822
56824
56836
56839
56844
56865
56870
56887
56889
56895
56903
56911
56916
56946
56954
56978
56988
56997
57002
57011
57012
57029
57032
57042
57047
57048
57125
57126
57146
57149
57157
57163
57166
57166
57172
57196
57228
57254
57269
57272
57277
57302
57314
57317
57319
57322
57386
57391
57397
57405
57407
57423
57432
57433
57438
57467
57497
57505
57516
57517
57529
57565
57572
57573
57573
57574
57585
57593
57598
57608
57611
57619
57675
57690
57693
57709
57723
57733
57736
57753
57787
57792
57804
57812
57814
57845
57853
57880
57887
57953
57957
57957
57970
57973
58010
58014
58018
58025
58027
58027
58038
58055
58069
58076
58093
58097
58131
58139
58155
58157
58170
58185
58210
58234
58257
58266
58273
58283
58284
58285
58336
58338
58360
58364
58381
58387
58387
58389
58429
58434
58446
58461
58481
58484
58519
58530
58547
58547
58570
58591
58612
58617
58634
58675
58695
58698
58703
58703
58703
58716
58724
58724
58731
58741
58782
58803
58838
58843
58852
58887
58888
58893
58906
58910
58910
58911
58913
58915
58922
58928
58935
58950
58952
58960
58960
59014
59021
59031
59038
59050
59051
59059
59061
59079
59102
59107
59109
59119
59127
59131
59133
59137
59156
59169
59180
59185
59188
59234
59238
59261
59270
59273
59282
59285
59286
59286
59288
59289
59331
59334
59338
59348
59349
59349
59359
59359
59366
59366
59368
59378
59393
59408
59430
59451
59458
59463
59469
59473
59484
59509
59528
59529
59536
59545
59552
59553
59560
59574
59577
59577
59585
59588
59614
59614
59618
59630
59635
59638
59640
59649
59652
59656
59668
59670
59676
59693
59695
59725
59738
59756
59765
59767
59819
59820
59834
59885
59895
59900
59908
59930
59943
59959
59981
59996
59999
60010
60012
60013
60013
60014
60015
60027
60072
60075
60078
60098
60101
60120
60127
60158
60166
60188
60204
60222
60246
60262
60285
60292
60295
60321
60336
60340
60351
60395
60423
60433
60450
60454
60478
60487
60496
60497
60519
60530
60544
60549
60550
60551
60551
60599
60604
60605
60606
60612
60617
60617
60627
60631
60637
60638
60638
60642
60647
60653
60657
60689
60699
60703
60705
60715
60725
60738
60741
60754
60761
60764
60776
60794
60796
60798
60804
60822
60824
60826
60829
60830
60833
60855
60900
60907
60910
60911
60911
60913
60922
60946
60954
60957
60965
60971
60992
61026
61042
61047
61051
61054
61057
61058
61059
61068
61073
61093
61122
61129
61156
61167
61190
61204
61213
61219
61219
61246
61246
61247
61253
61260
61269
61271
61281
61295
61316
61322
61331
61361
61396
61396
61400
61409
61412
61421
61425
61425
61453
61463
61474
61476
61484
61491
61503
61507
61513
61518
61532
61545
61549
61550
61557
61604
61617
61632
61652
61659
61669
61670
61680
61686
61703
61708
61709
61718
61721
61725
61727
61743
61785
61789
61808
61829
61877
61884
61886
61899
61913
61917
61920
61922
61928
61933
61940
61942
61987
62013
62023
62024
62047
62067
62076
62082
62091
62101
62102
62107
62118
62125
62133
62147
62173
62175
62180
62225
62226
62236
62241
62246
62249
62292
62317
62319
62326
62350
62351
62353
62367
62387
62393
62397
62404
62405
62424
62424
62440
62443
62453
62463
62466
62474
62498
62529
62549
62563
62595
62608
62615
62616
62627
62637
62651
62653
62657
62709
62711
62719
62744
62752
62757
62757
62759
62761
62791
62808
62811
62834
62835
62865
62876
62900
62911
62912
62918
62931
62946
62951
62978
62982
62997
63009
63018
63035
63042
63058
63060
63062
63072
63078
63084
63090
63092
63095
63096
63101
63101
63109
63110
63122
63147
63158
63160
63164
63201
63214
63215
63230
63237
63273
63276
63280
63283
63287
63292
63325
63334
63369
63394
63401
63417
63418
63438
63449
63458
63461
63473
63475
63476
63476
63477
63482
63485
63496
63500
63504
63511
63516
63552
63553
63571
63572
63576
63581
63581
63611
63618
63630
63635
63660
63664
63673
63683
63692
63714
63727
63731
63734
63734
63773
63775
63811
63816
63837
63845
63864
63867
63892
63896
63898
63927
63930
63936
63973
63993
64006
64008
64008
64013
64016
64053
64060
64096
64112
64129
64140
64140
64155
64187
64198
64201
64202
64211
64215
64227
64231
64258
64263
64266
64271
64275
64311
64315
64336
64382
64382
64419
64425
64445
64451
64453
64459
64460
64462
64545
64562
64566
64573
64577
64600
64608
64614
64614
64620
64665
64674
64683
64690
64693
64703
64714
64726
64729
64733
64734
64739
64742
64747
64747
64748
64764
64779
64786
64792
64806
64818
64833
64834
64835
64836
64844
64846
64854
64870
64873
64887
64894
64908
64923
64928
64929
64931
64932
64958
64959
64973
65000
65014
65038
65040
65050
65050
65052
65079
65127
65158
65162
65169
65171
65172
65186
65195
65208
65250
65254
65261
65276
65292
65294
65310
65312
65312
65317
65320
65323
65335
65372
65374
65375
65422
65433
65448
65474
65495
65504
65505
65509
65510
65511
65551
65555
65561
65569
65596
65604
65619
65652
65652
65656
65664
65667
65668
65675
65679
65689
65692
65698
65700
65704
65714
65720
65722
65729
65735
65736
65747
65774
65775
65789
65794
65801
65813
65836
65852
65859
65890
65896
65907
65908
65923
65972
65978
65997
66016
66021
66036
66047
66066
66079
66113
66120
66131
66159
66160
66176
66194
66197
66199
66229
66235
66239
66243
66245
66248
66280
66283
66299
66301
66322
66323
66323
66328
66329
66334
66338
66367
66372
66373
66377
66379
66401
66425
66438
66443
66449
66470
66484
66511
66515
66523
66529
66547
66572
66598
66599
66625
66631
66642
66658
66685
66699
66717
66722
66750
66760
66769
66772
66773
66775
66776
66786
66802
66839
66839
66851
66862
66873
66878
66880
66911
66918
66923
66930
66937
66967
66974
66983
66991
66993
67028
67043
67056
67067
67075
67075
67080
67090
67125
67144
67147
67149
67192
67208
67210
67215
67219
67227
67229
67231
67263
67276
67280
67295
67309
67328
67329
67348
67349
67355
67366
67367
67406
67407
67410
67414
67440
67455
67458
67468
67476
67481
67555
67561
67562
67565
67570
67573
67593
67596
67618
67619
67636
67653
67659
67667
67671
67675
67678
67735
67752
67754
67761
67762
67791
67795
67800
67811
67815
67822
67823
67842
67850
67855
67862
67870
67891
67900
67907
67919
67923
67932
67941
67960
67991
67992
67994
68009
68019
68020
68023
68026
68033
68038
68040
68043
68055
68062
68064
68077
68105
68140
68141
68158
68188
68215
68237
68271
68273
68277
68279
68289
68292
68299
68300
68303
68313
68322
68332
68341
68355
68386
68393
68398
68412
68421
68458
68461
68469
68470
68472
68521
68536
68542
68545
68564
68566
68567
68593
68622
68626
68676
68696
68703
68715
68720
68754
68756
68763
68766
68768
68791
68792
68809
68812
68847
68851
68879
68879
68911
68914
68915
68926
68932
68943
68947
68947
68969
68975
69025
69030
69044
69066
69078
69099
69115
69133
69134
69135
69162
69181
69184
69185
69210
69233
69241
69255
69278
69308
69328
69343
69385
69407
69440
69447
69457
69468
69469
69495
69507
69536
69572
69584
69594
69596
69621
69629
69639
69641
69671
69705
69709
69712
69713
