1
12
47
63
67
91
97
106
112
116
119
141
146
146
161
167
173
177
178
184
189
193
196
204
211
221
226
239
242
247
257
263
276
289
297
302
323
325
331
361
388
390
396
404
420
423
426
430
436
447
451
454
463
474
482
486
487
508
511
536
546
550
571
572
577
579
582
585
587
588
608
610
627
638
654
690
692
704
712
714
726
730
734
735
738
747
757
760
769
772
779
798
819
820
836
855
867
877
879
928
935
938
943
950
955
972
982
982
984
989
990
992
1004
1012
1028
1038
1047
1048
1091
1105
1107
1112
1152
1180
1185
1185
1188
1190
1205
1211
1214
1214
1215
1218
1233
1233
1249
1250
1253
1263
1268
1284
1304
1305
1312
1330
1331
1356
1361
1367
1374
1384
1386
1386
1387
1407
1416
1422
1437
1452
1452
1457
1470
1472
1484
1490
1502
1510
1521
1524
1529
1534
1536
1538
1555
1566
1585
1589
1592
1595
1595
1620
1630
1644
1658
1659
1677
1687
1697
1706
1721
1728
1735
1736
1752
1777
1785
1785
1787
1798
1807
1832
1853
1865
1869
1882
1882
1884
1887
1888
1898
1914
1919
1930
1932
1934
1935
1936
1937
1942
1950
1960
1964
1966
1976
1976
1980
1981
2000
2001
2008
2016
2042
2061
2075
2094
2106
2109
2115
2127
2145
2154
2156
2163
2175
2178
2181
2195
2208
2209
2213
2215
2220
2229
2236
2246
2246
2248
2254
2261
2266
2276
2286
2287
2306
2311
2316
2321
2331
2337
2361
2374
2378
2378
2385
2391
2404
2407
2408
2415
2425
2427
2447
2450
2450
2454
2457
2461
2465
2474
2494
2522
2558
2559
2565
2571
2579
2589
2589
2597
2597
2607
2609
2616
2629
2630
2633
2635
2635
2640
2652
2697
2706
2714
2725
2733
2735
2738
2746
2753
2782
2791
2792
2805
2826
2828
2828
2835
2838
2841
2847
2858
2868
2871
2873
2881
2893
2907
2916
2920
2926
2927
2928
2937
2943
2947
2961
2964
2971
2979
2984
2993
2996
2996
3008
3024
3025
3045
3064
3081
3086
3090
3093
3095
3097
3123
3123
3124
3134
3136
3150
3153
3167
3182
3185
3190
3194
3196
3196
3201
3201
3204
3205
3211
3215
3216
3218
3239
3240
3270
3284
3288
3292
3305
3313
3337
3347
3353
3370
3375
3380
3402
3414
3414
3420
3424
3428
3433
3441
3450
3451
3456
3459
3461
3462
3465
3473
3473
3474
3482
3492
3493
3494
3517
3542
3547
3551
3556
3573
3573
3576
3583
3593
3605
3619
3622
3623
3627
3630
3640
3644
3674
3686
3695
3711
3736
3736
3737
3746
3748
3759
3760
3761
3772
3777
3801
3813
3821
3827
3828
3830
3835
3837
3845
3846
3854
3859
3861
3871
3874
3880
3883
3897
3898
3910
3918
3925
3932
3941
3950
3964
3969
3976
3979
3983
3995
3995
4015
4045
4060
4067
4074
4076
4078
4083
4085
4089
4097
4100
4101
4111
4122
4122
4135
4155
4160
4186
4193
4197
4206
4217
4219
4220
4221
4225
4248
4270
4276
4304
4304
4316
4324
4328
4337
4338
4340
4345
4348
4352
4356
4360
4363
4366
4370
4378
4378
4388
4406
4416
4425
4429
4437
4444
4458
4459
4460
4460
4461
4464
4467
4475
4479
4487
4492
4504
4518
4519
4529
4536
4541
4545
4564
4566
4588
4599
4601
4603
4612
4622
4626
4626
4631
4640
4649
4664
4664
4666
4669
4672
4673
4684
4699
4704
4710
4716
4725
4726
4727
4729
4738
4748
4759
4769
4778
4784
4794
4799
4809
4814
4818
4818
4834
4836
4844
4847
4852
4859
4864
4875
4877
4885
4890
4924
4925
4942
4951
4980
4986
5008
5013
5019
5025
5036
5041
5060
5060
5063
5070
5073
5085
5086
5087
5091
5102
5105
5107
5114
5119
5121
5131
5139
5139
5145
5169
5175
5178
5178
5189
5234
5251
5255
5266
5272
5283
5297
5298
5299
5307
5328
5332
5337
5346
5357
5358
5361
5374
5396
5417
5426
5443
5446
5455
5461
5466
5466
5476
5483
5488
5511
5515
5515
5524
5534
5542
5542
5542
5554
5577
5578
5585
5586
5588
5593
5600
5612
5617
5618
5622
5636
5636
5654
5664
5664
5668
5678
5683
5687
5690
5699
5711
5724
5724
5742
5751
5753
5754
5768
5768
5770
5774
5774
5795
5799
5799
5804
5810
5818
5821
5825
5849
5853
5855
5869
5875
5878
5891
5902
5906
5910
5912
5923
5926
5943
5952
5971
5973
5978
5992
6009
6010
6024
6029
6030
6052
6053
6055
6057
6060
6073
6083
6088
6096
6101
6108
6113
6115
6119
6133
6137
6155
6162
6170
6174
6176
6190
6211
6226
6237
6239
6256
6265
6267
6273
6274
6274
6289
6302
6313
6320
6322
6328
6331
6336
6336
6339
6353
6359
6366
6367
6370
6385
6387
6393
6419
6424
6440
6446
6461
6463
6474
6477
6505
6515
6517
6528
6538
6538
6542
6553
6577
6593
6604
6608
6624
6625
6639
6651
6659
6666
6666
6670
6685
6687
6693
6717
6727
6728
6728
6734
6737
6763
6768
6779
6779
6809
6816
6858
6861
6877
6877
6885
6907
6909
6911
6922
6930
6939
6951
6951
6964
6966
6976
6977
6978
6983
7015
7019
7025
7033
7034
7045
7046
7048
7049
7068
7074
7095
7101
7112
7114
7126
7126
7127
7127
7140
7146
7152
7173
7184
7196
7197
7200
7206
7220
7221
7227
7239
7241
7245
7254
7260
7260
7262
7273
7274
7301
7327
7336
7336
7345
7360
7381
7386
7393
7393
7401
7403
7414
7416
7420
7445
7458
7488
7511
7516
7532
7535
7537
7540
7545
7548
7561
7562
7562
7600
7616
7625
7629
7642
7643
7645
7658
7660
7686
7688
7688
7697
7703
7706
7707
7713
7733
7737
7739
7744
7752
7768
7784
7802
7806
7807
7817
7826
7827
7827
7829
7831
7837
7860
7872
7875
7876
7876
7894
7903
7904
7925
7930
7931
7935
7952
7960
7968
7974
7981
8009
8027
8042
8042
8043
8044
8048
8070
8070
8072
8101
8111
8120
8140
8145
8154
8163
8168
8178
8195
8199
8200
8209
8210
8216
8227
8232
8232
8232
8261
8262
8264
8264
8266
8268
8281
8287
8298
8304
8308
8314
8336
8351
8353
8357
8361
8368
8377
8377
8384
8400
8430
8443
8446
8461
8462
8465
8467
8471
8475
8482
8485
8489
8499
8503
8519
8537
8547
8550
8565
8568
8577
8581
8604
8611
8632
8639
8644
8647
8648
8654
8656
8668
8671
8673
8675
8676
8685
8693
8712
8718
8730
8738
8740
8764
8770
8770
8772
8776
8787
8804
8810
8838
8839
8864
8882
8906
8907
8925
8929
8929
8931
8937
8949
8967
8982
8987
9010
9017
9025
9030
9057
9067
9068
9073
9078
9079
9089
9104
9133
9156
9157
9206
9209
9217
9220
9221
9231
9248
9249
9249
9260
9264
9269
9278
9280
9281
9283
9286
9293
9305
9313
9313
9340
9343
9352
9382
9386
9390
9408
9411
9425
9457
9469
9472
9475
9475
9475
9477
9479
9485
9491
9494
9507
9515
9537
9538
9541
9546
9553
9553
9568
9572
9582
9582
9587
9624
9658
9688
9689
9716
9720
9721
9721
9722
9726
9738
9750
9750
9760
9764
9766
9768
9769
9771
9775
9781
9786
9797
9798
9802
9818
9824
9834
9836
9836
9844
9846
9853
9872
9876
9886
9905
9910
9916
9922
9925
9930
9951
9953
9962
9967
9976
9977
9983
9993
10000
10002
10004
10008
10014
10017
10033
10037
10067
10068
10080
10082
10086
10092
10159
10191
10204
10216
10218
10236
10241
10244
10248
10251
10258
10259
10262
10263
10264
10275
10316
10317
10318
10331
10346
10353
10354
10361
10373
10381
10388
10388
10389
10402
10408
10415
10434
10434
10462
10475
10507
10517
10523
10536
10568
10576
10583
10591
10596
10600
10632
10635
10637
10640
10642
10644
10657
10669
10682
10689
10690
10696
10702
10706
10724
10728
10741
10741
10741
10742
10746
10749
10764
10769
10773
10777
10784
10787
10789
10806
10812
10815
10833
10836
10849
10850
10853
10862
10870
10873
10881
10910
10925
10935
10956
10977
10986
10986
10993
10998
11013
11014
11022
11022
11026
11043
11045
11047
11062
11069
11078
11088
11090
11097
11107
11113
11117
11122
11122
11125
11130
11131
11133
11135
11145
11152
11163
11169
11170
11170
11172
11179
11180
11211
11213
11214
11215
11221
11225
11253
11256
11261
11264
11268
11274
11289
11293
11316
11334
11335
11336
11340
11341
11346
11354
11358
11359
11361
11366
11366
11385
11394
11395
11411
11416
11416
11420
11435
11446
11447
11468
11471
11482
11485
11495
11517
11518
11524
11547
11562
11571
11571
11578
11578
11580
11590
11596
11606
11609
11611
11611
11626
11654
11661
11662
11668
11670
11678
11679
11689
11701
11717
11731
11777
11785
11788
11793
11803
11810
11836
11871
11874
11884
11888
11889
11894
11899
11907
11914
11915
11918
11921
11948
11963
11965
11971
11973
11982
12003
12012
12015
12016
12026
12033
12037
12056
12061
12063
12084
12089
12103
12104
12149
12150
12151
12167
12186
12186
12193
12200
12201
12207
12218
12235
12263
12269
12288
12305
12317
12325
12327
12332
12343
12363
12372
12385
12413
12413
12414
12416
12419
12435
12458
12459
12476
12478
12481
12483
12487
12488
12493
12500
12502
12520
12525
12529
12534
12549
12556
12580
12584
12592
12593
12599
12605
12614
12615
12620
12632
12633
12635
12637
12639
12639
12650
12655
12662
12675
12676
12677
12682
12683
12683
12691
12698
12699
12704
12705
12709
12718
12728
12728
12733
12735
12760
12767
12769
12770
12774
12778
12778
12780
12784
12785
12790
12795
12803
12814
12827
12836
12839
12842
12848
12853
12855
12856
12871
12880
12884
12897
12901
12918
12921
12921
12925
12935
12950
12952
12952
12963
12998
13007
13009
13011
13017
13028
13030
13037
13050
13059
13067
13073
13076
13088
13099
13120
13129
13130
13136
13148
13158
13165
13167
13182
13182
13188
13193
13194
13203
13205
13207
13210
13264
13268
13269
13283
13284
13287
13305
13306
13311
13312
13319
13330
13332
13333
13340
13341
13359
13359
13362
13371
13371
13371
13373
13375
13380
13384
13397
13404
13408
13408
13409
13410
13416
13433
13434
13439
13450
13455
13455
13485
13487
13494
13504
13505
13508
13512
13550
13555
13561
13563
13568
13568
13583
13584
13590
13591
13609
13610
13613
13616
13627
13641
13653
13675
13686
13687
13724
13753
13761
13769
13773
13778
13781
13782
13796
13802
13805
13809
13827
13830
13831
13832
13837
13850
13851
13857
13876
13879
13884
13885
13893
13901
13905
13923
13926
13934
13939
13939
13947
13952
13958
13964
13967
13970
13978
13979
14000
14004
14009
14013
14015
14022
14028
14037
14038
14050
14069
14084
14086
14089
14090
14102
14103
14104
14106
14113
14128
14130
14140
14140
14165
14172
14173
14175
14190
14207
14209
14212
14220
14229
14232
14242
14250
14253
14254
14269
14281
14303
14309
14318
14320
14324
14326
14334
14348
14367
14378
14387
14412
14414
14429
14430
14436
14437
14447
14449
14453
14467
14469
14470
14493
14512
14514
14518
14522
14522
14529
14533
14539
14567
14573
14586
14594
14604
14611
14623
14630
14646
14659
14671
14673
14674
14685
14688
14702
14709
14715
14724
14725
14725
14726
14726
14731
14733
14753
14766
14774
14775
14779
14780
14788
14797
14803
14804
14810
14825
14863
14864
14866
14869
14871
14874
14874
14876
14879
14887
14891
14896
14898
14912
14916
14919
14946
14951
14952
14962
14963
14967
14971
14979
14989
14995
15011
15011
15028
15043
15055
15057
15065
15066
15069
15074
15078
15084
15094
15106
15114
15116
15123
15126
15127
15131
15134
15135
15144
15146
15152
15159
15167
15189
15198
15201
15211
15216
15235
15240
15242
15247
15249
15253
15261
15276
15277
15278
15288
15292
15293
15316
15335
15337
15337
15344
15348
15350
15355
15357
15374
15385
15405
15412
15426
15437
15467
15472
15478
15485
15485
15486
15491
15504
15509
15511
15516
15531
15538
15543
15551
15578
15588
15657
15661
15662
15681
15681
15701
15710
15719
15726
15734
15741
15746
15755
15756
15757
15759
15764
15765
15781
15781
15789
15792
15796
15809
15815
15825
15827
15828
15838
15849
15849
15852
15853
15853
15855
15855
15863
15869
15874
15877
15911
15924
15927
15929
15936
15939
15971
15981
16015
16022
16034
16038
16046
16069
16083
16105
16127
16132
16133
16143
16147
16149
16169
16173
16175
16175
16192
16193
16199
16202
16223
16224
16235
16248
16249
16250
16254
16281
16284
16295
16301
16303
16308
16317
16319
16323
16332
16355
16364
16365
16367
16369
16381
16387
16390
16393
16394
16402
16424
16445
16454
16462
16471
16474
16489
16490
16493
16494
16512
16514
16533
16546
16554
16568
16568
16576
16577
16590
16592
16600
16602
16607
16614
16623
16624
16627
16632
16644
16651
16651
16660
16661
16672
16680
16683
16703
16704
16720
16726
16732
16735
16742
16762
16763
16763
16766
16777
16787
16787
16788
16794
16798
16801
16802
16805
16833
16834
16838
16842
16858
16865
16865
16879
16883
16888
16899
16908
16927
16944
16944
16962
16967
16992
16995
16997
16997
16999
17035
17041
17094
17095
17097
17097
17128
17129
17164
17164
17197
17197
17211
17231
17243
17249
17265
17287
17288
17290
17292
17305
17314
17335
17336
17339
17346
17350
17350
17356
17364
17378
17386
17391
17391
17392
17431
17431
17435
17439
17441
17442
17448
17467
17483
17484
17485
17516
17522
17526
17538
17540
17560
17562
17569
17571
17579
17579
17588
17591
17594
17598
17612
17618
17618
17660
17667
17717
17725
17743
17766
17786
17793
17796
17800
17803
17806
17838
17847
17848
17857
17857
17859
17875
17902
17920
17934
17938
17945
17957
17965
17968
17992
18004
18005
18006
18007
18017
18021
18034
18076
18083
18097
18109
18111
18129
18129
18133
18139
18151
18152
18156
18165
18166
18168
18174
18178
18186
18186
18189
18193
18200
18233
18246
18249
18262
18274
18285
18299
18299
18301
18306
18312
18344
18347
18373
18382
18386
18396
18399
18415
18417
18428
18429
18434
18438
18444
18481
18483
18483
18484
18497
18502
18511
18515
18541
18554
18561
18576
18577
18581
18627
18635
18637
18658
18661
18664
18670
18679
18680
18685
18700
18725
18726
18735
18737
18739
18790
18794
18794
18800
18806
18827
18830
18839
18850
18857
18859
18867
18869
18872
18877
18877
18885
18915
18933
18937
18940
18950
18953
18960
18974
18983
18983
19010
19025
19026
19033
19034
19035
19043
19045
19051
19057
19064
19065
19110
19114
19119
19125
19139
19142
19148
19162
19174
19204
19212
19215
19217
19220
19220
19222
19224
19230
19244
19247
19282
19288
19288
19293
19307
19307
19328
19330
19331
19336
19362
19366
19367
19369
19370
19376
19382
19383
19389
19413
19418
19421
19441
19451
19466
19467
19470
19472
19474
19479
19481
19483
19487
19487
19490
19497
19509
19510
19510
19515
19526
19530
19538
19539
19565
19583
19604
19611
19612
19625
19633
19648
19658
19666
19667
19671
19672
19684
19686
19694
19695
19703
19718
19724
19733
19748
19752
19770
19772
19791
19802
19810
19810
19818
19829
19838
19841
19848
19850
19860
19866
19866
19880
19903
19904
19920
19944
19952
19956
19963
19970
19988
20006
20018
20027
20029
20031
20036
20038
20047
20051
20062
20062
20104
20109
20110
20113
20117
20121
20159
20172
20191
20195
20195
20203
20207
20222
20225
20253
20254
20257
20258
20275
20283
20289
20295
20302
20338
20339
20343
20354
20357
20362
20366
20387
20402
20414
20417
20421
20421
20423
20426
20433
20439
20441
20448
20449
20451
20452
20454
20469
20472
20473
20495
20503
20509
20511
20536
20547
20553
20555
20555
20560
20573
20576
20593
20598
20600
20604
20608
20623
20635
20636
20638
20639
20641
20647
20652
20673
20676
20677
20677
20677
20698
20711
20725
20739
20775
20777
20787
20798
20815
20825
20825
20834
20837
20837
20842
20877
20885
20886
20896
20908
20936
20943
20946
20972
20973
20979
20989
20992
21011
21023
21029
21030
21032
21043
21071
21078
21092
21098
21107
21115
21116
21116
21116
21121
21131
21145
21170
21172
21176
21181
21194
21196
21206
21215
21216
21222
21223
21236
21241
21250
21253
21258
21262
21265
21268
21268
21270
21278
21279
21285
21293
21294
21294
21297
21303
21305
21322
21326
21329
21364
21373
21387
21392
21406
21413
21429
21430
21430
21437
21457
21476
21484
21545
21548
21558
21562
21570
21602
21603
21604
21624
21651
21661
21663
21674
21675
21691
21695
21709
21717
21720
21724
21731
21740
21740
21761
21795
21802
21805
21808
21828
21829
21837
21840
21842
21849
21849
21874
21874
21878
21888
21892
21895
21897
21901
21908
21914
21922
21922
21932
21935
21941
21950
21956
21966
21982
21985
21988
21991
21996
22000
22004
22008
22014
22024
22029
22037
22043
22052
22061
22062
22087
22102
22108
22111
22138
22138
22147
22150
22164
22170
22173
22179
22180
22181
22181
22191
22211
22216
22216
22219
22226
22232
22261
22266
22273
22277
22283
22295
22302
22304
22308
22320
22329
22337
22340
22341
22392
22397
22404
22404
22405
22406
22413
22420
22424
22431
22440
22440
22441
22443
22447
22453
22458
22463
22475
22478
22481
22490
22496
22498
22566
22579
22593
22594
22595
22614
22615
22631
22631
22646
22649
22653
22660
22662
22665
22673
22673
22673
22679
22679
22695
22702
22712
22713
22716
22724
22726
22739
22743
22774
22791
22801
22819
22836
22842
22843
22847
22854
22870
22873
22875
22875
22876
22880
22903
22908
22910
22920
22923
22931
22936
22936
22942
22959
22965
22977
22978
22987
22993
22993
22994
23021
23024
23034
23037
23038
23043
23048
23054
23068
23076
23091
23102
23112
23126
23127
23128
23131
23140
23161
23165
23166
23177
23196
23225
23233
23238
23249
23250
23256
23264
23275
23277
23294
23308
23310
23321
23323
23328
23329
23329
23332
23335
23344
23350
23353
23359
23362
23376
23379
23383
23387
23391
23393
23418
23421
23422
23426
23435
23440
23452
23452
23453
23469
23470
23497
23509
23517
23559
23560
23565
23576
23583
23583
23591
23606
23631
23635
23640
23646
23657
23660
23660
23671
23678
23704
23717
23723
23723
23734
23738
23753
23760
23762
23767
23785
23785
23797
23803
23806
23808
23813
23836
23841
23844
23846
23851
23858
23858
23860
23860
23866
23867
23892
23903
23904
23909
23920
23921
23922
23924
23933
23951
23959
23960
23963
23973
23974
23977
23981
23982
23993
23996
24009
24019
24034
24059
24065
24067
24083
24091
24092
24107
24117
24124
24127
24142
24142
24149
24160
24174
24182
24204
24216
24217
24239
24241
24250
24267
24280
24307
24316
24325
24332
24334
24345
24354
24368
24371
24380
24392
24402
24415
24434
24451
24454
24470
24475
24490
24495
24503
24504
24509
24514
24524
24565
24566
24573
24576
24593
24595
24614
24638
24653
24655
24655
24663
24677
24680
24681
24681
24683
24683
24697
24699
24713
24721
24743
24743
24756
24767
24794
24801
24801
24803
24803
24806
24813
24825
24825
24826
24828
24835
24841
24850
24851
24857
24867
24876
24881
24899
24904
24906
24911
24919
24923
24957
24959
24961
24969
24973
24974
24979
24985
24996
25003
25007
25013
25014
25018
25032
25032
25034
25035
25047
25059
25060
25062
25065
25080
25084
25091
25091
25100
25102
25117
25120
25127
25128
25135
25169
25182
25199
25201
25215
25252
25263
25273
25280
25286
25295
25298
25300
25312
25333
25335
25356
25362
25380
25382
25386
25398
25418
25437
25439
25440
25444
25445
25473
25477
25478
25493
25514
25515
25517
25525
25549
25580
25600
25611
25629
25640
25640
25652
25668
25673
25673
25673
25678
25681
25683
25686
25690
25691
25700
25704
25708
25715
25717
25720
25724
25729
25730
25738
25741
25756
25767
25772
25775
25776
25788
25793
25819
25822
25841
25842
25849
25849
25856
25863
25866
25869
25878
25885
25898
25898
25906
25909
25910
25914
25919
25924
25924
25926
25930
25936
25940
25945
25950
25958
25963
25966
25967
25969
25975
25976
25978
25980
25988
25990
26007
26026
26038
26040
26044
26044
26077
26091
26093
26101
26117
26125
26132
26139
26145
26149
26152
26152
26177
26190
26193
26210
26211
26217
26224
26229
26230
26234
26234
26249
26255
26263
26264
26287
26299
26303
26314
26329
26330
26333
26337
26358
26363
26379
26390
26407
26412
26414
26416
26417
26430
26436
26438
26480
26486
26492
26500
26503
26505
26529
26539
26541
26552
26553
26566
26570
26581
26583
26599
26611
26613
26621
26628
26629
26640
26640
26645
26649
26653
26656
26656
26660
26660
26670
26673
26677
26682
26686
26694
26727
26728
26732
26735
26745
26753
26755
26757
26780
26782
26803
26810
26842
26857
26864
26867
26868
26875
26889
26902
26922
26934
26937
26958
26962
26962
26966
26967
26971
26973
26974
26975
26978
26985
26990
26993
26999
27010
27018
27034
27035
27036
27041
27046
27057
27063
27070
27075
27083
27088
27100
27106
27114
27119
27136
27151
27152
27153
27168
27195
27195
27203
27216
27223
27228
27231
27236
27237
27238
27246
27250
27251
27252
27262
27262
27263
27268
27270
27285
27288
27288
27292
27300
27304
27310
27313
27329
27346
27375
27376
27378
27383
27385
27404
27405
27415
27420
27424
27429
27431
27438
27447
27448
27462
27463
27476
27483
27486
27486
27487
27491
27504
27508
27510
27515
27524
27533
27546
27551
27573
27593
27594
27594
27604
27611
27616
27617
27620
27625
27625
27629
27630
27635
27651
27670
27674
27681
27690
27695
27715
27716
27718
27731
27770
27782
27788
27809
27812
27813
27814
27824
27828
27835
27836
27837
27839
27845
27849
27856
27863
27873
27881
27916
27917
27924
27932
27940
27946
27950
27972
27982
27982
27991
27998
28018
28018
28031
28038
28051
28069
28075
28081
28082
28085
28089
28095
28104
28133
28133
28136
28138
28141
28150
28161
28164
28168
28169
28173
28174
28194
28205
28207
28215
28219
28223
28252
28252
28252
28254
28262
28272
28274
28277
28286
28291
28311
28324
28325
28343
28388
28388
28421
28461
28463
28468
28470
28487
28500
28500
28506
28529
28533
28536
28544
28552
28581
28602
28617
28640
28647
28652
28672
28673
28678
28681
28684
28692
28695
28705
28711
28711
28712
28723
28727
28750
28757
28763
28766
28781
28790
28799
28834
28840
28854
28872
28881
28882
28895
28905
28912
28912
28917
28927
28928
28942
28953
28953
28954
28961
28962
28964
28970
28976
28976
28979
29012
29015
29027
29044
29051
29063
29074
29076
29080
29085
29093
29093
29096
29132
29139
29145
29149
29170
29177
29179
29186
29199
29199
29212
29235
29236
29238
29239
29248
29249
29252
29257
29264
29264
29268
29272
29278
29282
29287
29290
29302
29308
29309
29311
29315
29322
29322
29329
29334
29346
29347
29348
29355
29355
29379
29385
29385
29395
29400
29411
29418
29420
29423
29430
29436
29439
29449
29450
29451
29455
29475
29478
29478
29504
29510
29512
29520
29548
29548
29551
29564
29567
29570
29572
29575
29579
29584
29598
29613
29620
29621
29640
29663
29664
29665
29668
29678
29681
29683
29687
29697
29702
29709
29710
29720
29727
29740
29747
29755
29763
29795
29804
29811
29831
29836
29839
29848
29865
29869
29871
29877
29878
29881
29890
29891
29898
29901
29915
29917
29920
29920
29922
29929
29948
29957
29960
29960
29960
29962
29978
29984
29991
30006
30009
30022
30032
30036
30045
30079
30093
30096
30097
30100
30110
30117
30145
30145
30152
30153
30168
30172
30180
30185
30207
30213
30217
30220
30221
30229
30243
30247
30266
30277
30286
30287
30290
30300
30306
30306
30323
30328
30347
30348
30362
30368
30368
30373
30379
30384
30386
30389
30394
30401
30416
30417
30424
30492
30495
30498
30503
30517
30522
30525
30528
30534
30536
30536
30537
30538
30542
30551
30553
30560
30564
30590
30602
30615
30624
30627
30644
30650
30651
30665
30679
30686
30691
30700
30711
30713
30725
30738
30748
30758
30759
30761
30767
30786
30791
30798
30810
30811
30822
30827
30839
30863
30870
30875
30878
30909
30913
30916
30924
30955
30970
30987
30990
30996
31003
31020
31030
31031
31039
31041
31058
31058
31075
31076
31079
31114
31120
31129
31140
31142
31150
31153
31156
31187
31213
31218
31224
31241
31248
31252
31256
31263
31292
31294
31296
31309
31315
31320
31347
31348
31350
31361
31366
31370
31373
31381
31382
31383
31386
31386
31393
31396
31398
31398
31398
31445
31445
31460
31491
31503
31514
31515
31527
31527
31539
31542
31547
31554
31560
31582
31590
31593
31621
31622
31623
31626
31638
31641
31641
31650
31659
31661
31665
31668
31674
31701
31702
31702
31717
31740
31774
31777
31791
31793
31794
31798
31801
31807
31814
31816
31821
31829
31834
31838
31841
31842
31845
31853
31862
31881
31883
31884
31889
31893
31906
31907
31910
31916
31922
31934
31943
31944
31955
31956
31956
31958
31963
31966
31969
31977
31999
32003
32006
32017
32020
32021
32024
32035
32036
32046
32048
32093
32099
32104
32111
32120
32132
32148
32150
32150
32153
32199
32203
32204
32205
32220
32239
32241
32252
32257
32261
32264
32268
32274
32281
32293
32313
32314
32317
32334
32351
32359
32371
32371
32376
32383
32388
32391
32408
32413
32426
32432
32436
32445
32446
32446
32448
32450
32451
32458
32467
32493
32499
32502
32505
32511
32521
32523
32555
32557
32557
32565
32586
32588
32630
32638
32638
32647
32649
32653
32657
32667
32684
32700
32704
32710
32732
32735
32736
32744
32749
32752
32759
32780
32793
32793
32802
32807
32810
32820
32821
32831
32834
32835
32848
32863
32864
32865
32871
32873
32888
32910
32931
32940
32942
32944
32944
32952
32965
32972
32979
32984
32988
32995
33006
33048
33049
33052
33055
33073
33085
33088
33130
33147
33157
33168
33178
33202
33204
33226
33238
33259
33260
33266
33273
33280
33282
33287
33293
33297
33313
33317
33319
33332
33333
33343
33345
33346
33348
33350
33374
33378
33382
33395
33409
33416
33418
33427
33429
33437
33456
33461
33471
33477
33498
33506
33514
33517
33518
33522
33523
33526
33530
33539
33559
33564
33565
33573
33578
33578
33593
33609
33612
33615
33635
33640
33641
33650
33653
33658
33667
33689
33689
33694
33710
33716
33720
33726
33741
33746
33761
33761
33773
33774
33782
33784
33797
33807
33810
33840
33844
33844
33845
33846
33850
33851
33863
33867
33884
33886
33886
33889
33899
33909
33922
33933
33936
33947
33952
33952
33959
33960
33960
33960
33961
33968
33987
33997
33998
34016
34035
34040
34041
34045
34048
34054
34060
34062
34069
34078
34086
34095
34098
34107
34124
34143
34147
34153
34156
34171
34182
34184
34185
34201
34207
34216
34217
34230
34247
34248
34251
34253
34254
34268
34279
34288
34293
34294
34305
34306
34313
34328
34356
34363
34367
34370
34387
34388
34389
34390
34390
34398
34405
34422
34429
34437
34447
34462
34467
34486
34488
34489
34493
34497
34504
34506
34506
34521
34531
34534
34537
34541
34559
34566
34573
34588
34595
34618
34622
34629
34641
34661
34673
34676
34680
34681
34691
34701
34704
34714
34726
34743
34743
34749
34751
34751
34762
34764
34766
34767
34769
34771
34781
34791
34798
34817
34828
34829
34845
34856
34858
34862
34873
34873
34875
34878
34899
34900
34901
34905
34908
34912
34913
34922
34927
34933
34934
34944
34969
34970
34979
34996
34997
34999
35012
35034
35053
35058
35072
35101
35101
35121
35145
35155
35172
35193
35198
35209
35216
35216
35219
35237
35260
35263
35270
35270
35272
35272
35273
35293
35319
35323
35327
35341
35350
35355
35355
35368
35369
35371
35382
35392
35419
35419
35423
35423
35427
35447
35467
35477
35483
35494
35504
35520
35520
35551
35564
35573
35575
35578
35584
35590
35595
35597
35600
35611
35628
35661
35663
35689
35690
35698
35699
35718
35722
35752
35760
35761
35764
35767
35773
35774
35776
35777
35779
35785
35788
35791
35797
35801
35826
35837
35842
35843
35848
35851
35855
35867
35872
35878
35884
35921
35939
35962
35964
35987
36001
36014
36015
36016
36022
36024
36039
36042
36044
36045
36067
36075
36079
36084
36087
36112
36117
36136
36141
36144
36158
36163
36166
36181
36191
36195
36196
36213
36225
36230
36230
36234
36244
36245
36257
36258
36263
36269
36271
36275
36278
36287
36291
36292
36292
36295
36299
36305
36310
36316
36321
36323
36326
36327
36327
36344
36365
36371
36371
36374
36378
36381
36383
36386
36387
36391
36395
36396
36398
36415
36423
36429
36441
36456
36468
36472
36511
36515
36520
36522
36534
36542
36549
36552
36564
36566
36569
36589
36590
36594
36595
36597
36598
36599
36601
36607
36610
36610
36612
36632
36637
36637
36639
36656
36658
36694
36704
36717
36718
36743
36748
36749
36825
36838
36845
36851
36857
36862
36871
36872
36875
36886
36886
36891
36904
36918
36919
36923
36927
36928
36947
36956
36961
36965
36977
36979
37018
37027
37034
37043
37050
37050
37062
37062
37066
37077
37081
37090
37109
37113
37113
37125
37129
37137
37140
37153
37164
37187
37195
37227
37231
37238
37264
37283
37286
37294
37318
37321
37338
37341
37347
37349
37368
37383
37397
37399
37400
37410
37430
37432
37447
37450
37457
37462
37466
37477
37487
37494
37498
37502
37546
37551
37556
37570
37577
37579
37579
37580
37589
37591
37601
37607
37613
37616
37616
37626
37631
37635
37642
37665
37698
37714
37720
37722
37734
37741
37745
37753
37764
37768
37789
37790
37791
37820
37824
37829
37831
37850
37864
37876
37877
37880
37881
37890
37891
37931
37937
37946
37948
37971
37987
37994
37997
38010
38012
38042
38049
38083
38090
38091
38093
38109
38112
38125
38144
38148
38150
38150
38158
38159
38164
38165
38166
38180
38183
38185
38189
38191
38202
38216
38248
38269
38301
38316
38320
38321
38326
38340
38358
38369
38379
38385
38398
38400
38408
38416
38422
38428
38429
38457
38476
38483
38485
38486
38489
38491
38495
38502
38503
38540
38565
38578
38581
38598
38600
38606
38629
38634
38655
38656
38683
38685
38698
38698
38700
38713
38728
38731
38745
38748
38750
38773
38776
38778
38779
38786
38811
38831
38840
38846
38848
38858
38858
38864
38878
38895
38902
38917
38921
38927
38936
38940
38940
38947
38963
38971
38972
38989
38991
39000
39006
39009
39016
39018
39022
39047
39060
39062
39066
39077
39080
39093
39097
39102
39104
39110
39118
39123
39126
39136
39137
39141
39144
39146
39149
39184
39186
39186
39191
39200
39209
39209
39211
39228
39234
39242
39251
39262
39264
39264
39270
39278
39278
39286
39289
39295
39299
39302
39313
39314
39324
39334
39340
39341
39341
39349
39350
39363
39366
39370
39376
39385
39387
39398
39399
39400
39410
39414
39420
39427
39431
39440
39444
39461
39465
39468
39472
39490
39494
39513
39533
39541
39553
39554
39558
39571
39601
39608
39616
39618
39621
39625
39627
39644
39649
39654
39661
39679
39682
39682
39714
39715
39720
39745
39747
39747
39749
39776
39777
39797
39809
39810
39813
39814
39821
39834
39837
39842
39845
39847
39851
39862
39862
39876
39884
39887
39894
39941
39941
39944
39952
39960
40001
40035
40047
40055
40065
40066
40068
40069
40077
40085
40086
40096
40097
40110
40129
40131
40134
40145
40147
40149
40157
40162
40163
40178
40203
40206
40214
40216
40220
40232
40242
40268
40273
40274
40276
40279
40290
40302
40305
40323
40361
40361
40363
40372
40388
40396
40411
40423
40429
40431
40445
40447
40452
40477
40488
40493
40493
40500
40534
40536
40549
40561
40561
40583
40585
40592
40599
40599
40618
40643
40647
40649
40663
40668
40683
40685
40687
40700
40700
40717
40726
40733
40735
40743
40756
40761
40769
40775
40779
40791
40799
40809
40817
40818
40828
40838
40847
40849
40855
40857
40871
40880
40904
40907
40909
40914
40923
40930
40932
40936
40961
40965
40985
40986
40987
40992
41002
41010
41011
41021
41058
41066
41075
41080
41087
41094
41110
41129
41129
41150
41166
41168
41168
41178
41184
41200
41219
41226
41230
41231
41243
41250
41260
41262
41267
41279
41283
41287
41287
41294
41327
41335
41383
41396
41401
41406
41406
41430
41439
41447
41466
41471
41476
41486
41507
41517
41517
41527
41531
41536
41539
41546
41548
41562
41562
41565
41566
41568
41580
41594
41627
41632
41645
41645
41652
41662
41674
41693
41709
41712
41714
41716
41719
41720
41727
41731
41733
41741
41746
41780
41795
41802
41805
41807
41809
41814
41821
41833
41836
41839
41859
41877
41882
41906
41909
41920
41935
41947
41950
41952
41952
41960
41978
41993
41997
42000
42006
42015
42021
42025
42025
42040
42044
42055
42059
42061
42067
42067
42072
42094
42106
42108
42110
42123
42163
42165
42166
42187
42199
42221
42227
42231
42233
42250
42258
42258
42262
42266
42282
42283
42293
42308
42320
42345
42349
42349
42356
42358
42359
42369
42369
42373
42377
42379
42392
42399
42401
42417
42426
42438
42451
42454
42456
42481
42493
42505
42506
42514
42521
42521
42525
42536
42537
42540
42541
42541
42544
42554
42559
42585
42587
42600
42618
42642
42661
42662
42677
42679
42688
42688
42689
42700
42702
42707
42715
42718
42721
42722
42723
42729
42731
42746
42747
42750
42755
42756
42756
42762
42764
42774
42775
42787
42790
42799
42800
42822
42823
42831
42836
42840
42841
42842
42849
42856
42858
42862
42862
42863
42864
42876
42888
42891
42893
42914
42915
42939
42952
42955
42965
42968
42971
42975
42985
43006
43016
43023
43039
43041
43041
43053
43053
43072
43082
43088
43093
43111
43114
43124
43179
43182
43185
43216
43232
43252
43268
43274
43288
43298
43307
43311
43315
43322
43327
43328
43360
43372
43377
43386
43394
43394
43406
43406
43412
43413
43418
43426
43430
43457
43458
43461
43467
43467
43481
43487
43492
43511
43530
43534
43541
43552
43559
43582
43586
43591
43600
43601
43625
43654
43659
43663
43665
43665
43667
43673
43692
43710
43727
43757
43766
43771
43775
43776
43786
43788
43797
43814
43832
43843
43844
43877
43879
43890
43893
43893
43898
43908
43963
43966
43969
43969
43970
43971
43981
43995
43999
44008
44017
44017
44018
44018
44023
44043
44051
44058
44073
44096
44097
44116
44160
44160
44189
44211
44214
44224
44234
44237
44243
44243
44249
44250
44260
44266
44267
44276
44284
44302
44311
44322
44332
44340
44341
44360
44385
44391
44393
44409
44410
44424
44431
44433
44450
44474
44486
44490
44493
44501
44502
44508
44510
44510
44512
44513
44516
44522
44525
44546
44585
44594
44597
44603
44625
44630
44674
44691
44697
44719
44720
44721
44736
44740
44754
44756
44758
44769
44772
44777
44784
44788
44810
44811
44812
44826
44842
44848
44858
44861
44870
44871
44935
44946
44949
44950
44964
44969
44979
44979
44981
44990
44991
45005
45013
45024
45028
45031
45032
45034
45034
45035
45050
45053
45055
45061
45080
45091
45095
45097
45103
45108
45125
45146
45148
45154
45156
45157
45160
45171
45174
45185
45207
45216
45219
45232
45233
45238
45241
45244
45256
45271
45276
45276
45284
45286
45287
45292
45309
45312
45335
45337
45350
45361
45362
45366
45379
45383
45386
45389
45407
45410
45430
45433
45451
45475
45485
45487
45488
45491
45493
45497
45500
45503
45504
45505
45507
45511
45515
45518
45526
45529
45531
45533
45533
45537
45541
45546
45548
45586
45593
45607
45609
45613
45617
45637
45654
45664
45667
45675
45681
45683
45698
45698
45701
45704
45710
45737
45744
45762
45771
45771
45772
45772
45807
45833
45833
45858
45863
45868
45883
45887
45888
45892
45895
45900
45903
45929
45946
45949
45955
45960
45971
45974
45981
45990
45993
45993
45996
46000
46003
46007
46015
46042
46055
46067
46076
46086
46089
46096
46107
46118
46152
46161
46169
46170
46183
46206
46210
46219
46223
46229
46234
46246
46256
46265
46266
46266
46306
46309
46330
46333
46337
46358
46361
46385
46407
46410
46414
46439
46440
46468
46470
46492
46493
46502
46504
46505
46506
46528
46538
46541
46569
46571
46573
46574
46580
46590
46601
46613
46620
46627
46629
46633
46649
46652
46653
46664
46674
46678
46680
46683
46690
46716
46717
46724
46730
46746
46746
46747
46754
46784
46790
46794
46797
46800
46805
46815
46815
46834
46863
46875
46879
46890
46917
46923
46931
46952
46956
46959
46960
46973
46976
46978
46979
46999
47001
47009
47023
47026
47039
47040
47049
47053
47068
47080
47082
47082
47095
47109
47121
47122
47141
47182
47188
47193
47205
47213
47217
47217
47226
47232
47233
47238
47243
47247
47254
47254
47258
47273
47275
47304
47312
47316
47323
47342
47343
47343
47349
47369
47370
47381
47382
47389
47393
47396
47397
47413
47415
47421
47435
47436
47443
47445
47452
47454
47465
47480
47486
47487
47488
47493
47496
47510
47515
47515
47534
47536
47537
47574
47574
47577
47590
47601
47602
47604
47614
47626
47659
47673
47676
47686
47709
47721
47724
47741
47744
47750
47754
47760
47772
47772
47773
47778
47779
47784
47808
47809
47827
47834
47835
47847
47849
47850
47851
47859
47860
47861
47867
47868
47884
47887
47894
47896
47912
47914
47918
47925
47960
47969
47970
47973
47980
47980
47991
48011
48029
48030
48030
48061
48086
48107
48108
48119
48135
48138
48145
48145
48151
48166
48173
48179
48208
48220
48227
48227
48233
48234
48235
48245
48262
48268
48281
48290
48293
48294
48306
48312
48317
48325
48326
48328
48343
48343
48345
48347
48358
48370
48374
48382
48392
48398
48400
48402
48403
48403
48408
48411
48413
48413
48414
48415
48420
48426
48436
48440
48442
48472
48499
48501
48507
48522
48538
48563
48574
48575
48578
48597
48600
48607
48609
48618
48633
48639
48639
48641
48647
48648
48648
48650
48665
48667
48671
48672
48678
48689
48690
48703
48703
48712
48718
48719
48738
48738
48776
48799
48802
48804
48829
48832
48832
48840
48854
48866
48869
48869
48876
48897
48902
48908
48910
48914
48926
48933
48936
48946
48968
48969
48971
48983
48985
49002
49003
49011
49012
49032
49035
49039
49041
49055
49059
49059
49067
49068
49071
49088
49111
49116
49124
49145
49151
49172
49188
49193
49214
49220
49225
49226
49241
49242
49245
49245
49247
49286
49290
49300
49306
49309
49318
49319
49323
49339
49362
49370
49371
49377
49383
49383
49390
49393
49396
49400
49409
49411
49412
49414
49429
49436
49440
49443
49447
49449
49462
49464
49474
49479
49486
49517
49530
49551
49558
49569
49578
49579
49585
49590
49598
49613
49614
49620
49620
49632
49636
49638
49642
49644
49645
49665
49666
49669
49671
49683
49697
49706
49724
49731
49741
49742
49756
49766
49777
49777
49782
49783
49786
49792
49799
49839
49868
49873
49875
49876
49888
49906
49918
49926
49941
49946
49952
49960
49967
49982
49986
49991
50003
50009
50022
50035
50044
50057
50067
50071
50086
50092
50093
50096
50098
50100
50109
50112
50113
50118
50140
50152
50166
50173
50179
50181
50190
50191
50193
50195
50198
50209
50210
50213
50213
50225
50242
50248
50260
50278
50291
50294
50301
50329
50331
50352
50355
50363
50369
50378
50382
50386
50389
50393
50394
50403
50405
50414
50428
50444
50444
50447
50448
50457
50460
50465
50467
50467
50468
50473
50483
50490
50497
50498
50501
50502
50519
50521
50522
50527
50554
50562
50569
50574
50599
50605
50605
50609
50613
50630
50660
50662
50662
50671
50687
50692
50692
50701
50702
50704
50705
50705
50710
50715
50718
50727
50733
50733
50751
50773
50776
50778
50784
50825
50826
50836
50838
50840
50858
50875
50882
50884
50893
50897
50916
50918
50919
50938
50954
50965
50989
51024
51032
51035
51036
51039
51042
51083
51093
51094
51096
51100
51111
51113
51117
51118
51125
51132
51145
51150
51167
51167
51178
51185
51190
51199
51212
51213
51221
51253
51256
51263
51267
51271
51280
51280
51286
51288
51295
51309
51315
51318
51319
51320
51323
51331
51339
51358
51388
51390
51392
51393
51410
51431
51435
51438
51444
51449
51465
51474
51490
51491
51492
51502
51510
51513
51514
51536
51541
51542
51549
51563
51564
51564
51570
51579
51584
51600
51601
51630
51647
51652
51658
51662
51676
51679
51684
51695
51711
51714
51714
51717
51719
51720
51728
51729
51786
51791
51809
51814
51822
51829
51831
51834
51847
51849
51882
51884
51885
51887
51900
51911
51925
51926
51927
51934
51942
51965
51965
51971
51975
51976
51988
51989
51991
52017
52026
52030
52032
52034
52035
52040
52041
52070
52072
52073
52074
52077
52082
52083
52120
52122
52122
52145
52145
52147
52148
52149
52150
52158
52169
52180
52192
52218
52222
52224
52226
52238
52241
52244
52249
52254
52258
52265
52265
52270
52285
52287
52301
52304
52304
52308
52316
52318
52338
52358
52358
52362
52364
52364
52369
52394
52398
52402
52414
52419
52423
52425
52432
52433
52449
52453
52468
52469
52469
52479
52491
52494
52495
52495
52498
52510
52514
52515
52517
52526
52528
52536
52561
52574
52576
52592
52603
52617
52620
52624
52627
52633
52634
52656
52706
52709
52714
52720
52720
52735
52738
52740
52743
52744
52745
52749
52749
52751
52754
52769
52780
52790
52793
52813
52815
52821
52833
52840
52849
52860
52874
52878
52880
52883
52904
52905
52917
52935
52945
52950
52951
52953
52976
52993
53000
53029
53034
53034
53041
53066
53068
53080
53094
53109
53110
53114
53123
53124
53126
53163
53173
53175
53175
53176
53180
53181
53182
53187
53192
53193
53199
53217
53239
53252
53258
53260
53267
53305
53316
53317
53336
53351
53375
53387
53397
53404
53406
53406
53410
53414
53418
53421
53430
53439
53448
53463
53481
53512
53522
53533
53549
53553
53559
53561
53582
53600
53618
53626
53649
53654
53657
53676
53692
53693
53704
53711
53721
53724
53734
53739
53740
53746
53757
53775
53778
53782
53791
53806
53813
53817
53826
53827
53832
53842
53859
53862
53862
53864
53879
53897
53898
53903
53905
53910
53928
53930
53958
53968
53968
53968
53990
53994
53999
54008
54017
54019
54042
54075
54085
54087
54092
54093
54111
54129
54131
54135
54135
54142
54147
54148
54151
54160
54169
54170
54172
54179
54181
54182
54186
54193
54208
54209
54211
54212
54214
54242
54252
54254
54255
54259
54265
54290
54308
54309
54314
54317
54319
54321
54328
54337
54340
54349
54352
54357
54357
54358
54374
54378
54400
54404
54429
54432
54451
54452
54456
54459
54462
54479
54500
54528
54539
54540
54543
54547
54559
54567
54584
54600
54612
54623
54644
54651
54661
54666
54685
54687
54699
54708
54727
54740
54741
54742
54745
54747
54765
54766
54771
54776
54782
54785
54787
54812
54824
54852
54859
54881
54881
54892
54893
54895
54910
54933
54933
54934
54937
54947
54958
54968
54975
55003
55006
55008
55012
55015
55016
55024
55026
55033
55051
55053
55082
55085
55091
55095
55095
55110
55113
55114
55120
55138
55145
55151
55160
55163
55173
55191
55205
55209
55210
55222
55228
55238
55248
55279
55281
55287
55292
55301
55302
55326
55330
55332
55335
55351
55357
55358
55359
55402
55421
55444
55446
55465
55473
55479
55483
55487
55530
55534
55542
55553
55570
55573
55579
55582
55583
55583
55598
55599
55603
55609
55615
55621
55632
55632
55641
55645
55667
55670
55684
55697
55705
55706
55713
55715
55732
55741
55749
55749
55749
55764
55781
55789
55795
55807
55807
55809
55818
55865
55870
55875
55880
55888
55891
55892
55896
55906
55915
55917
55935
55952
55961
55982
55985
55986
56018
56025
56027
56028
56032
56034
56044
56058
56064
56066
56084
56085
56095
56097
56098
56102
56110
56114
56129
56134
56144
56151
56154
56197
56198
56203
56217
56222
56233
56240
56245
56311
56313
56323
56325
56328
56340
56341
56347
56353
56367
56368
56369
56371
56375
56376
56405
56409
56410
56427
56432
56440
56450
56451
56452
56464
56477
56490
56494
56498
56510
56517
56517
56528
56531
56554
56584
56603
56604
56606
56608
56614
56614
56636
56636
56668
56673
56709
56721
56721
56729
56731
56743
56758
56779
56790
56805
56816
56835
56840
56854
56856
56867
56871
56874
56877
56881
56883
56883
56906
56917
56917
56922
56928
56936
56936
56939
56948
56952
56953
56986
56988
56999
57009
57015
57024
57031
57032
57041
57043
57050
57051
57055
57056
57057
57058
57073
57075
57095
57098
57113
57114
57115
57123
57153
57168
57174
57207
57209
57211
57220
57221
57223
57225
57230
57232
57236
57255
57276
57277
57300
57305
57306
57353
57354
57370
57406
57407
57411
57416
57419
57425
57426
57452
57455
57461
57462
57467
57468
57482
57484
57487
57492
57499
57501
57531
57540
57540
57548
57552
57558
57568
57587
57592
57593
57595
57613
57621
57630
57640
57647
57650
57651
57652
57664
57665
57669
57672
57677
57678
57691
57694
57701
57709
57713
57715
57717
57724
57728
57745
57749
57756
57764
57766
57768
57769
57772
57784
57793
57807
57813
57827
57827
57833
57837
57844
57854
57854
57865
57868
57871
57909
57919
57927
57933
57939
57940
57947
57969
57974
57981
58018
58020
58026
58031
58041
58042
58042
58045
58057
58059
58063
58069
58071
58081
58088
58112
58116
58126
58137
58164
58167
58176
58185
58199
58205
58207
58210
58213
58220
58230
58238
58260
58276
58280
58289
58310
58316
58333
58351
58359
58366
58368
58373
58376
58381
58384
58395
58425
58430
58435
58454
58460
58462
58478
58489
58508
58510
58526
58540
58549
58557
58572
58573
58574
58579
58579
58592
58594
58609
58614
58622
58631
58631
58634
58636
58637
58643
58643
58664
58664
58675
58689
58695
58716
58719
58748
58749
58757
58760
58797
58803
58840
58842
58847
58852
58862
58867
58894
58897
58916
58926
58928
58936
58946
58950
58950
58953
58975
58986
59001
59006
59014
59016
59023
59026
59039
59042
59045
59064
59081
59102
59103
59108
59117
59118
59120
59126
59138
59138
59141
59145
59153
59156
59162
59167
59171
59173
59175
59178
59179
59188
59200
59201
59209
59210
59235
59237
59268
59273
59282
59302
59308
59312
59313
59317
59319
59331
59333
59334
59336
59358
59361
59378
59392
59399
59405
59405
59407
59407
59408
59415
59421
59448
59454
59462
59481
59499
59512
59520
59533
59571
59580
59586
59601
59601
59602
59606
59617
59620
59623
59633
59634
59635
59635
59644
59679
59691
59698
59704
59713
59715
59720
59727
59729
59747
59749
59753
59755
59766
59768
59773
59773
59784
59787
59797
59827
59837
59842
59854
59874
59884
59885
59902
59947
59949
59950
59964
59965
59970
59971
59973
59982
59995
60003
60005
60009
60013
60018
60022
60022
60027
60035
60046
60047
60058
60061
60070
60079
60081
60093
60109
60114
60116
60117
60139
60143
60146
60167
60190
60193
60207
60211
60211
60216
60236
60240
60240
60251
60254
60258
60259
60268
60287
60287
60288
60303
60305
60306
60313
60325
60327
60338
60352
60357
60358
60368
60370
60385
60410
60414
60414
60415
60428
60452
60463
60472
60480
60486
60499
60500
60501
60505
60511
60513
60515
60522
60524
60529
60549
60556
60564
60577
60580
60588
60602
60612
60617
60623
60627
60633
60636
60646
60656
60662
60666
60670
60674
60681
60705
60725
60726
60737
60740
60744
60772
60773
60796
60798
60805
60813
60821
60823
60835
60864
60868
60875
60876
60881
60883
60890
60916
60924
60930
60930
60932
60934
60943
60944
60959
60965
60972
60972
60973
60977
60986
61019
61019
61037
61041
61050
61059
61073
61084
61104
61107
61115
61124
61127
61132
61152
61157
61185
61188
61196
61201
61202
61205
61222
61233
61236
61241
61257
61260
61262
61262
61264
61273
61282
61283
61288
61295
61307
61310
61311
61311
61327
61339
61339
61340
61346
61351
61353
61372
61373
61377
61377
61379
61394
61405
61405
61406
61425
61434
61443
61445
61457
61464
61475
61479
61496
61514
61517
61526
61547
61561
61562
61567
61602
61607
61617
61623
61629
61631
61642
61652
61653
61659
61662
61683
61696
61713
61717
61718
61733
61738
61746
61754
61759
61762
61770
61774
61783
61790
61808
61810
61811
61813
61823
61839
61840
61850
61857
61865
61865
61867
61872
61879
61889
61904
61911
61912
61914
61917
61918
61926
61931
61933
61940
61943
61945
61948
61950
61963
61970
61982
61991
62003
62010
62011
62018
62021
62024
62038
62039
62049
62059
62061
62070
62084
62091
62092
62103
62106
62106
62109
62120
62166
62170
62172
62176
62205
62205
62220
62223
62223
62230
62235
62245
62247
62248
62250
62255
62260
62264
62272
62273
62275
62289
62291
62328
62332
62354
62359
62360
62362
62367
62373
62380
62384
62386
62401
62411
62428
62429
62436
62442
62446
62466
62479
62488
62495
62498
62527
62530
62541
62549
62588
62593
62595
62598
62634
62637
62657
62662
62671
62684
62692
62698
62704
62715
62715
62719
62735
62778
62786
62806
62814
62819
62831
62834
62841
62842
62853
62853
62854
62872
62877
62879
62900
62904
62910
62937
62940
62941
62945
62947
62961
62974
63001
63020
63022
63026
63033
63042
63044
63048
63048
63058
63062
63064
63065
63066
63070
63072
63077
63086
63087
63089
63095
63105
63116
63116
63118
63127
63131
63145
63147
63149
63158
63163
63166
63172
63184
63196
63210
63211
63215
63217
63219
63221
63227
63235
63245
63248
63274
63282
63298
63314
63327
63334
63366
63368
63369
63376
63381
63383
63390
63406
63413
63416
63417
63418
63430
63434
63437
63438
63440
63440
63441
63449
63494
63520
63534
63571
63575
63586
63589
63608
63626
63628
63630
63631
63639
63649
63661
63671
63676
63679
63707
63715
63716
63717
63772
63772
63774
63787
63801
63807
63830
63833
63849
63860
63867
63869
63873
63900
63909
63918
63934
63941
63944
63946
63951
63961
63961
63963
63964
63969
63979
63979
63993
64002
64039
64066
64085
64091
64098
64107
64114
64133
64139
64140
64142
64144
64158
64165
64179
64182
64183
64188
64194
64208
64216
64244
64245
64245
64246
64257
64263
64267
64268
64268
64275
64294
64300
64320
64323
64324
64327
64335
64335
64339
64344
64353
64359
64362
64371
64377
64386
64388
64394
64401
64405
64406
64410
64413
64430
64437
64452
64454
64458
64462
64470
64476
64477
64478
64481
64481
64483
64492
64494
64499
64502
64507
64510
64524
64536
64559
64584
64591
64593
64595
64600
64607
64616
64622
64624
64624
64625
64633
64635
64639
64647
64650
64659
64662
64670
64672
64673
64673
64678
64679
64686
64688
64697
64699
64707
64709
64711
64723
64729
64730
64730
64739
64752
64756
64766
64767
64772
64775
64775
64796
64804
64806
64812
64817
64826
64836
64857
64879
64900
64905
64907
64922
64937
64957
64962
64986
64991
64993
64999
65000
65008
65010
65011
65012
65013
65013
65019
65019
65024
65042
65055
65056
65064
65067
65085
65089
65107
65110
65121
65124
65133
65155
65173
65175
65198
65198
65203
65206
65207
65207
65229
65233
65239
65246
65248
65248
65249
65256
65268
65288
65300
65305
65311
65312
65321
65324
65325
65330
65355
65357
65360
65362
65364
65371
65378
65379
65395
65410
65417
65423
65432
65433
65441
65461
65470
65471
65476
65483
65484
65485
65487
65488
65488
65497
65502
65506
65510
65524
65526
65527
65528
65534
65539
65553
65602
65602
65609
65614
65621
65624
65625
65630
65637
65648
65654
65659
65663
65666
65670
65684
65690
65694
65709
65713
65714
65714
65737
65746
65754
65769
65779
65805
65823
65837
65839
65841
65856
65861
65863
65864
65864
65869
65878
65891
65909
65924
65927
65942
65943
65958
65958
65968
65970
65988
65992
65993
65994
65998
66008
66014
66028
66035
66039
66043
66049
66075
66079
66098
66098
66104
66111
66120
66121
66124
66148
66152
66158
66170
66173
66192
66206
66206
66223
66224
66230
66239
66243
66269
66269
66285
66289
66338
66341
66361
66389
66393
66405
66408
66420
66443
66472
66490
66495
66496
66499
66501
66519
66531
66534
66547
66550
66554
66564
66565
66569
66569
66590
66594
66598
66611
66643
66644
66649
66669
66681
66685
66703
66709
66723
66733
66743
66759
66795
66803
66810
66816
66818
66818
66828
66830
66837
66839
66846
66855
66855
66856
66856
66857
66860
66880
66882
66895
66895
66899
66906
66911
66917
66926
66957
66957
66959
66963
66986
66999
66999
67001
67006
67010
67026
67042
67077
67080
67081
67084
67088
67088
67096
67105
67107
67109
67109
67125
67131
67164
67174
67190
67219
67221
67232
67236
67240
67243
67249
67255
67271
67278
67285
67298
67301
67302
67321
67327
67333
67337
67349
67355
67371
67380
67381
67410
67417
67419
67430
67433
67446
67466
67479
67490
67491
67499
67519
67528
67547
67557
67558
67572
67595
67597
67609
67614
67614
67620
67621
67633
67634
67639
67644
67648
67649
67657
67658
67667
67704
67711
67725
67728
67740
67761
67762
67765
67782
67793
67797
67807
67822
67836
67839
67843
67850
67856
67857
67870
67872
67887
67899
67910
67936
67938
67950
67957
67959
67964
67965
67969
67974
67991
67991
67996
68013
68018
68027
68035
68036
68038
68042
68063
68070
68073
68075
68078
68084
68089
68098
68108
68109
68131
68134
68151
68179
68187
68194
68200
68214
68216
68217
68223
68239
68243
68244
68246
68249
68251
68257
68268
68269
68269
68275
68280
68300
68305
68308
68336
68337
68350
68352
68359
68364
68367
68383
68412
68427
68429
68436
68449
68484
68490
68496
68509
68512
68521
68529
68557
68560
68565
68585
68598
68601
68614
68618
68628
68647
68656
68660
68665
68669
68674
68692
68695
68699
68701
68718
68720
68722
68731
68731
68735
68744
68750
68759
68775
68790
68805
68877
68879
68890
68898
68898
68901
68919
68928
68936
68938
68938
68940
68959
68968
68981
68990
68994
69000
69026
69031
69032
69037
69038
69052
69055
69058
69058
69063
69070
69072
69074
69090
69098
69104
69116
69120
69124
69154
69182
69184
69207
69230
69236
69240
69242
69245
69249
69276
69277
69281
69293
69311
69312
69312
69312
69317
69320
69321
69334
69342
69363
69366
69366
69392
69410
69414
69424
69441
69459
69460
69462
69473
69477
69510
69520
69521
69533
69533
69541
69542
69548
69551
69571
69575
69584
69588
69593
69615
69616
69617
69621
69628
69630
69632
69638
69642
69650
69651
69669
69674
69696
69698
69703
69704
69708
69727
69730
69743
