16
22
24
40
91
115
160
166
221
226
226
330
383
400
430
457
470
615
673
679
742
750
784
812
868
891
916
920
928
930
994
997
1033
1131
1138
1151
1210
1224
1244
1268
1277
1312
1326
1457
1562
1609
1611
1650
1663
1663
1677
1726
1733
1763
1767
1792
1816
1821
1892
1901
1977
1987
2004
2008
2011
2018
2018
2021
2117
2159
2223
2230
2245
2328
2424
2451
2464
2489
2512
2538
2543
2575
2580
2616
2618
2669
2691
2705
2763
2765
2789
2798
2799
2903
2914
2945
3017
3043
3130
3214
3247
3252
3285
3308
3340
3345
3353
3357
3433
3434
3463
3472
3515
3529
3568
3595
3635
3640
3648
3654
3656
3729
3743
3790
3825
3846
3880
3939
4002
4041
4061
4084
4142
4143
4148
4193
4299
4305
4337
4338
4359
4418
4511
4538
4543
4572
4595
4652
4684
4728
4764
4771
4793
4795
4832
4900
4923
4982
5003
5057
5073
5141
5210
5258
5343
5350
5438
5493
5532
5532
5557
5609
5789
5801
5834
5876
5894
5935
5964
6009
6070
6156
6179
6183
6234
6425
6446
6451
6480
6484
6500
6521
6540
6549
6567
6645
6662
6733
6748
6770
6834
6860
6903
6980
6987
7065
7167
7183
7210
7228
7233
7234
7292
7336
7388
7392
7403
7424
7454
7459
7492
7502
7547
7547
7632
7682
7688
7705
7787
7793
7809
7842
7858
7871
7926
7955
7966
8022
8033
8036
8042
8086
8090
8145
8174
8230
8253
8290
8290
8303
8336
8347
8353
8383
8509
8601
8623
8653
8669
8682
8693
8713
8724
8743
8779
8814
8832
8837
8895
8987
9002
9034
9044
9055
9064
9080
9089
9099
9129
9139
9183
9199
9242
9258
9275
9286
9293
9380
9468
9563
9569
9604
9638
9715
9761
9961
9987
10092
10126
10128
10128
10133
10248
10280
10319
10359
10386
10421
10461
10502
10521
10550
10565
10569
10627
10639
10640
10667
10684
10689
10755
10793
10812
10821
10878
10884
10895
10912
10916
10938
10978
10993
11020
11031
11036
11121
11171
11173
11196
11200
11214
11251
11303
11315
11327
11355
11402
11420
11453
11481
11568
11575
11617
11678
11729
11743
11843
11894
11943
11966
12067
12074
12083
12125
12137
12142
12162
12199
12203
12255
12259
12266
12271
12279
12285
12338
12363
12394
12394
12435
12437
12527
12556
12581
12603
12611
12652
12762
12771
12771
12796
12895
12984
13015
13016
13018
13021
13038
13147
13159
13194
13210
13251
13273
13334
13394
13420
13425
13454
13568
13640
13709
13710
13735
13854
13940
14006
14045
14110
14131
14134
14136
14180
14206
14261
14304
14306
14418
14445
14455
14462
14553
14579
14585
14594
14610
14623
14646
14673
14734
14764
14841
14849
14911
14912
14935
14936
14963
14984
15040
15055
15062
15108
15113
15113
15116
15119
15123
15136
15153
15192
15194
15378
15379
15449
15542
15572
15695
15749
15761
15795
15816
15843
15891
15902
15910
15963
15965
15980
15994
16070
16076
16089
16091
16098
16132
16178
16211
16273
16276
16310
16363
16382
16418
16436
16444
16493
16510
16513
16522
16554
16559
16598
16625
16832
16834
16877
16882
16903
16903
16907
16911
16930
16935
17023
17033
17048
17062
17118
17134
17138
17180
17237
17280
17298
17299
17341
17420
17440
17456
17523
17529
17532
17558
17573
17583
17587
17667
17744
17767
17803
17835
17837
17867
17957
18061
18065
18091
18093
18114
18176
18218
18245
18267
18283
18414
18508
18520
18527
18531
18553
18621
18633
18653
18673
18700
18773
18798
18800
18825
18845
18882
18910
18963
18964
18986
19003
19057
19157
19158
19162
19216
19274
19291
19361
19424
19439
19439
19498
19502
19550
19588
19600
19772
19774
19789
19790
19798
19814
19852
19863
19973
19973
19981
20011
20022
20022
20047
20064
20074
20109
20117
20130
20261
20271
20291
20305
20306
20380
20414
20426
20510
20515
20636
20691
20727
20733
20781
20802
20824
20825
20830
20836
20986
20995
21003
21042
21149
21152
21174
21231
21238
21255
21272
21289
21294
21305
21416
21422
21423
21538
21543
21562
21619
21692
21754
21833
21845
21849
21872
21876
21884
21904
21981
21991
21992
22038
22041
22051
22132
22179
22179
22190
22230
22246
22321
22419
22425
22425
22443
22457
22500
22512
22534
22553
22589
22647
22797
22814
22925
22934
22985
22996
22998
23025
23037
23116
23175
23196
23217
23247
23342
23356
23390
23470
23482
23632
23644
23664
23697
23954
24038
24078
24110
24120
24143
24205
24246
24256
24271
24301
24328
24377
24395
24404
24419
24438
24456
24467
24469
24515
24519
24531
24554
24561
24561
24573
24593
24606
24648
24650
24692
24697
24703
24724
24742
24766
24780
24815
24816
24830
24849
24898
24948
24962
24965
24972
25044
25061
25098
25119
25171
25219
25385
25394
25404
25475
25476
25479
25492
25512
25514
25515
25538
25542
25554
25563
25591
25605
25611
25648
25680
25685
25705
25736
25762
25843
25861
25875
25890
25895
25916
25983
26047
26059
26132
26148
26221
26308
26314
26350
26365
26409
26475
26485
26490
26493
26560
26578
26603
26606
26614
26622
26689
26700
26808
26841
26848
26866
26881
26999
27017
27018
27093
27147
27199
27199
27268
27301
27328
27358
27361
27361
27378
27394
27399
27425
27428
27480
27640
27658
27748
27819
27833
27839
27861
27861
27878
27907
27973
27988
27997
28015
28040
28070
28157
28214
28258
28316
28333
28360
28435
28513
28592
28659
28671
28701
28702
28795
28807
28846
28855
28871
28963
29012
29019
29035
29080
29131
29192
29276
29293
29407
29533
29557
29609
29670
29736
29751
29799
29804
29812
29844
29947
29974
29975
30067
30135
30174
30174
30215
30249
30286
30289
30319
30331
30359
30360
30375
30410
30440
30476
30481
30488
30500
30527
30609
30613
30618
30638
30663
30698
30702
30729
30732
30738
30754
30775
30870
30922
30956
30999
31046
31075
31096
31130
31156
31210
31236
31322
31359
31699
31724
31826
31850
31863
31903
32030
32087
32114
32122
32129
32141
32174
32266
32305
32392
32393
32443
32500
32545
32582
32656
32660
32669
32700
32838
32864
32876
32894
32895
32941
32972
32975
33008
33067
33106
33122
33125
33162
33181
33274
33294
33387
33412
33427
33469
33528
33545
33569
33572
33576
33594
33634
33680
33710
33727
33767
33779
33804
33825
33856
33874
33884
33977
34014
34023
34027
34056
34088
34170
34222
34319
34349
34371
34385
34390
34411
34426
34429
34613
34650
34684
34727
34755
34759
34769
34822
34850
34880
34887
34969
35031
35057
35068
35071
35081
35176
35189
35221
35223
35228
35237
35286
35299
35315
35349
35500
35522
35594
35666
35670
35776
35815
35816
35870
35900
35916
35954
35975
36023
36080
36107
36118
36137
36188
36215
36247
36260
36268
36355
36402
36430
36440
36467
36469
36502
36550
36561
36612
36662
36743
36834
36843
36954
37191
37204
37206
37233
37268
37271
37329
37341
37346
37466
37493
37597
37703
37703
37711
37719
37805
37830
37832
37846
37853
37953
38002
38004
38025
38069
38096
38201
38208
38242
38247
38248
38347
38421
38434
38445
38471
38532
38535
38540
38548
38658
38734
38836
38862
38868
38883
38913
38962
39048
39161
39171
39296
39313
39319
39394
39397
39415
39558
39562
39597
39634
39635
39653
39673
39675
39742
39744
39822
39858
39900
39902
40007
40025
40052
40058
40065
40109
40131
40139
40145
40209
40215
40233
40253
40293
40300
40302
40395
40479
40509
40547
40573
40601
40690
40700
40727
40732
40772
40793
40804
40816
40871
40889
40893
40911
40938
40943
40987
41008
41065
41161
41164
41171
41260
41288
41314
41314
41367
41406
41434
41449
41465
41499
41516
41523
41529
41548
41606
41623
41680
41693
41747
41781
41795
41820
41821
41835
41974
41988
42001
42002
42051
42070
42089
42090
42106
42132
42224
42224
42237
42240
42297
42351
42352
42380
42414
42425
42429
42475
42478
42614
42647
42798
42799
42895
42943
43055
43096
43172
43213
43218
43231
43243
43256
43295
43316
43318
43429
43439
43471
43565
43636
43693
43695
43698
43705
43767
43781
43818
43821
43821
43914
43925
43941
44045
44047
44047
44049
44058
44130
44225
44280
44300
44666
44700
44744
44771
44796
44816
44831
44856
44875
44970
45054
45144
45166
45179
45185
45199
45224
45232
45277
45295
45343
45398
45407
45445
45512
45522
45528
45564
45583
45609
45639
45641
45693
45715
45768
45773
45839
45860
45866
45868
45876
45891
45915
45931
45951
45966
45976
46016
46019
46025
46047
46048
46071
46098
46106
46115
46131
46150
46154
46224
46246
46263
46300
46313
46326
46358
46401
46415
46474
46529
46530
46543
46588
46619
46817
46836
46872
46901
46920
46926
46935
47005
47021
47049
47098
47104
47109
47127
47153
47156
47182
47377
47406
47439
47460
47462
47465
47492
47534
47555
47641
47661
47682
47686
47697
47705
47714
47732
47748
47776
47797
47798
47857
47864
47880
47891
47894
47955
47983
48073
48115
48151
48165
48204
48348
48352
48374
48380
48432
48511
48522
48545
48568
48614
48629
48650
48651
48658
48680
48701
48716
48740
48745
48765
48779
48789
48790
48803
48858
48887
48891
48910
48928
48938
49000
49055
49070
49096
49128
49183
49235
49274
49292
49332
49334
49387
49430
49542
49576
49592
49603
49630
49674
49679
49694
49743
49764
49789
49807
49840
49842
49854
49899
49930
49948
49954
49961
49972
49992
50006
50015
50025
50071
50090
50112
50130
50149
50207
50258
50267
50278
50282
50285
50356
50368
50436
50452
50491
50525
50583
50588
50602
50613
50617
50631
50633
50636
50643
50672
50678
50693
50695
50734
50755
50866
50867
50893
50977
50996
51077
51095
51104
51114
51168
51227
51271
51321
51322
51363
51424
51438
51469
51487
51499
51511
51564
51605
51641
51772
51781
51783
51817
51881
51895
51927
51973
51983
51987
52034
52054
52069
52146
52147
52152
52205
52230
52293
52299
52300
52315
52440
52458
52498
52503
52529
52548
52594
52690
52767
52775
52782
52799
52858
52869
52898
53016
53035
53036
53061
53069
53125
53163
53245
53257
53257
53279
53299
53321
53326
53388
53395
53400
53414
53414
53493
53527
53538
53543
53549
53579
53582
53585
53639
53732
53764
53831
53839
53903
53915
53927
53950
53953
53989
54195
54256
54271
54311
54315
54329
54356
54403
54421
54449
54484
54562
54567
54734
54769
54785
54822
54854
54898
54907
54908
54912
54970
54971
55089
55119
55125
55148
55153
55197
55243
55287
55327
55352
55360
55370
55483
55554
55586
55594
55607
55635
55638
55684
55692
55730
55734
55752
55764
55775
55831
55893
55900
55928
55938
55947
55977
56042
56065
56072
56113
56194
56203
56243
56252
56291
56310
56349
56373
56387
56389
56418
56446
56532
56544
56576
56591
56592
56597
56677
56714
56722
56767
56791
56816
56850
56893
56982
57062
57073
57125
57209
57223
57280
57289
57382
57398
57406
57407
57411
57444
57482
57532
57580
57593
57635
57636
57656
57675
57681
57681
57723
57726
57752
57779
57802
57813
57844
58056
58069
58109
58136
58170
58177
58213
58262
58302
58323
58349
58395
58396
58453
58478
58502
58518
58585
58609
58689
58706
58735
58775
58801
58812
58817
58827
58874
58880
58889
58920
58931
58933
58941
58964
58985
59074
59135
59163
59184
59188
59250
59262
59276
59351
59353
59378
59408
59445
59537
59603
59665
59673
59716
59781
59821
59831
59836
59848
59869
59930
59965
59976
60055
60085
60214
60237
60264
60264
60265
60315
60456
60479
60502
60539
60584
60668
60795
60818
60835
60839
60849
60855
60866
60947
60992
60993
60994
60995
61000
61086
61131
61150
61193
61208
61294
61340
61393
61470
61479
61578
61593
61619
61737
61755
61770
61878
61891
61901
61944
61949
61978
61978
61990
62013
62020
62064
62074
62133
62161
62166
62182
62196
62222
62226
62310
62430
62464
62532
62559
62570
62587
62675
62781
62792
62793
62820
62826
62838
62886
62908
62948
62962
63010
63012
63272
63282
63298
63373
63385
63388
63388
63466
63480
63524
63530
63542
63572
63589
63603
63687
63687
63687
63693
63792
63800
63817
63821
63914
63984
64107
64118
64188
64191
64237
64288
64354
64383
64396
64414
64421
64436
64450
64466
64479
64515
64521
64533
64570
64572
64588
64640
64753
64758
64845
64884
64888
64921
64963
65046
65078
65106
65128
65138
65143
65160
65273
65370
65423
65456
65470
65473
65584
65594
65678
65683
65684
65736
65763
65791
65899
65907
65978
65992
66013
66014
66017
66035
66041
66054
66072
66095
66098
66118
66154
66155
66162
66183
66197
66258
66274
66294
66295
66401
66491
66510
66523
66592
66592
66662
66681
66749
66760
66770
66773
66837
66873
66879
66910
66931
66937
67015
67036
67060
67077
67079
67086
67163
67185
67217
67262
67310
67349
67351
67400
67403
67413
67442
67531
67576
67584
67597
67621
67629
67674
67678
67718
67740
67751
67758
67824
67866
67957
67957
67973
68082
68148
68149
68165
68226
68240
68281
68336
68342
68380
68408
68422
68440
68452
68490
68524
68530
68571
68690
68692
68710
68718
68752
68819
68856
68931
68947
68988
68989
69024
69036
69174
69209
69219
69223
69239
69289
69308
69310
69326
69328
69378
69381
69399
69446
69550
69597
69599
69611
69665
69742
