12
21
31
80
85
106
111
117
147
188
198
201
224
236
260
299
311
320
321
363
399
463
505
527
541
566
578
579
624
636
678
681
682
697
785
788
840
857
878
901
904
945
971
1031
1067
1080
1090
1103
1156
1214
1246
1249
1320
1429
1455
1490
1534
1592
1594
1601
1605
1619
1635
1638
1792
1819
1828
1875
1888
1891
1920
1951
2031
2049
2154
2216
2240
2257
2281
2314
2326
2391
2402
2406
2406
2475
2482
2511
2513
2516
2531
2536
2555
2573
2587
2595
2615
2639
2677
2761
2772
2779
2793
2797
2828
2829
2854
2875
2944
2963
2981
3026
3094
3105
3122
3194
3220
3225
3309
3344
3448
3459
3461
3471
3478
3483
3487
3490
3540
3557
3630
3636
3649
3660
3676
3698
3706
3723
3736
3761
3775
3799
3803
3811
3824
3860
3931
3996
4084
4092
4094
4122
4135
4141
4184
4215
4226
4226
4238
4251
4257
4261
4265
4279
4287
4292
4343
4349
4384
4458
4478
4523
4541
4555
4593
4601
4637
4652
4664
4666
4680
4680
4688
4693
4709
4744
4784
4791
4806
4826
4853
4870
4916
5057
5180
5230
5265
5286
5351
5372
5386
5396
5402
5420
5441
5537
5562
5571
5607
5614
5669
5706
5784
5801
5830
5872
5875
5887
5915
6025
6093
6126
6140
6167
6167
6176
6180
6197
6221
6240
6245
6249
6286
6335
6351
6355
6362
6370
6430
6466
6477
6482
6585
6592
6603
6666
6671
6713
6722
6722
6724
6763
6793
6808
6812
6844
6856
6862
6890
6911
6942
6971
6983
6983
6985
6990
6993
6994
7032
7035
7037
7084
7084
7173
7210
7222
7232
7250
7282
7291
7291
7357
7360
7409
7438
7475
7491
7552
7559
7645
7708
7731
7769
7771
7782
7835
7850
7905
7926
7976
7980
7991
7992
8012
8022
8041
8079
8083
8102
8113
8117
8143
8145
8203
8248
8265
8286
8324
8343
8360
8370
8376
8385
8456
8481
8490
8522
8564
8577
8607
8622
8657
8662
8695
8739
8758
8794
8837
8839
8849
8859
8890
8893
8898
8914
8914
8931
8957
8967
8975
9021
9024
9055
9056
9064
9098
9125
9216
9236
9237
9240
9329
9336
9354
9374
9431
9434
9443
9463
9475
9503
9504
9516
9546
9562
9580
9602
9604
9607
9610
9633
9634
9686
9689
9723
9922
9964
9968
9984
10031
10057
10059
10084
10086
10114
10134
10148
10152
10153
10169
10203
10230
10248
10249
10252
10304
10338
10339
10374
10377
10394
10433
10440
10450
10459
10471
10471
10473
10495
10517
10531
10576
10620
10626
10663
10669
10697
10699
10766
10772
10783
10798
10876
10926
10940
10966
11102
11113
11141
11165
11178
11282
11293
11296
11339
11395
11410
11422
11504
11504
11581
11600
11637
11663
11686
11700
11703
11760
11764
11766
11776
11802
11850
11873
11891
11891
11930
11942
11945
11947
11949
11959
12009
12062
12100
12131
12150
12157
12189
12223
12322
12323
12336
12412
12439
12464
12524
12568
12592
12606
12714
12725
12765
12818
12853
12875
12929
12933
12935
12947
12989
13005
13025
13143
13149
13162
13192
13204
13204
13258
13281
13368
13388
13409
13472
13555
13585
13588
13602
13609
13631
13689
13691
13708
13717
13767
13770
13775
13815
13869
13892
13905
13908
13958
13983
14047
14068
14135
14159
14199
14220
14220
14279
14281
14289
14334
14347
14383
14384
14458
14504
14515
14528
14599
14610
14617
14637
14645
14657
14672
14673
14674
14721
14724
14733
14740
14821
14824
14911
15009
15031
15062
15105
15117
15177
15213
15221
15226
15265
15293
15312
15330
15337
15342
15343
15347
15411
15426
15428
15449
15453
15463
15485
15546
15551
15560
15594
15605
15612
15691
15733
15742
15814
15816
15827
15884
15931
15949
16010
16019
16032
16094
16098
16104
16151
16179
16202
16227
16249
16265
16298
16302
16313
16322
16355
16395
16424
16427
16436
16468
16495
16593
16628
16642
16676
16757
16819
16836
16843
16853
16954
16989
16997
17093
17113
17141
17163
17251
17295
17353
17353
17367
17376
17392
17404
17409
17435
17460
17483
17495
17504
17506
17528
17530
17536
17594
17597
17611
17640
17703
17706
17715
17741
17752
17774
17818
17855
17873
17920
17954
17972
17991
17993
18014
18050
18052
18067
18093
18095
18109
18188
18243
18272
18275
18286
18306
18311
18356
18357
18374
18421
18431
18492
18512
18527
18577
18582
18598
18639
18684
18728
18755
18779
18809
18856
18888
18958
18959
18960
18978
18984
19009
19017
19074
19107
19112
19157
19203
19220
19230
19230
19266
19348
19399
19409
19431
19456
19466
19474
19517
19561
19569
19680
19685
19728
19796
19799
19804
19822
19906
19977
19977
20056
20063
20071
20118
20150
20225
20351
20358
20369
20395
20403
20475
20493
20494
20510
20514
20531
20532
20559
20564
20600
20607
20640
20727
20728
20734
20790
20797
20829
20835
20870
20885
20945
20961
21028
21039
21048
21110
21128
21128
21142
21174
21204
21218
21220
21273
21276
21289
21296
21359
21367
21376
21388
21389
21412
21422
21428
21448
21463
21483
21500
21520
21535
21546
21558
21577
21598
21629
21636
21661
21665
21704
21706
21713
21717
21756
21775
21864
21907
21909
21929
21944
21975
22015
22038
22067
22069
22192
22206
22213
22217
22248
22253
22307
22328
22333
22341
22367
22371
22377
22377
22399
22434
22479
22489
22588
22589
22625
22626
22634
22644
22681
22734
22787
22787
22809
22820
22879
22889
22901
22912
22920
22939
22941
22949
22994
23025
23027
23030
23068
23079
23113
23131
23137
23140
23140
23160
23173
23196
23220
23222
23244
23277
23283
23286
23292
23357
23362
23365
23382
23419
23424
23470
23472
23475
23480
23515
23536
23580
23601
23618
23663
23709
23723
23735
23809
23809
23817
23857
23905
23928
23949
23951
23963
23972
23996
24051
24075
24078
24131
24136
24146
24176
24197
24213
24232
24238
24249
24394
24395
24443
24445
24489
24490
24496
24534
24557
24574
24598
24623
24674
24706
24712
24804
24833
24853
24876
24940
24995
25020
25096
25120
25166
25189
25224
25243
25324
25351
25360
25385
25391
25414
25426
25438
25462
25479
25556
25571
25603
25638
25665
25726
25850
25919
25939
26021
26028
26032
26109
26188
26226
26265
26318
26341
26377
26382
26401
26418
26493
26498
26534
26634
26674
26699
26735
26764
26768
26769
26772
26860
26865
26892
26908
26929
26936
26945
26969
26985
27020
27055
27088
27121
27142
27174
27190
27232
27268
27276
27280
27294
27317
27324
27333
27344
27363
27389
27389
27418
27468
27542
27558
27632
27677
27689
27713
27717
27774
27825
27839
27850
27871
27894
27936
27952
27961
27984
28054
28066
28079
28097
28100
28152
28161
28170
28177
28191
28192
28200
28207
28219
28222
28234
28255
28316
28369
28392
28397
28399
28431
28476
28486
28505
28505
28542
28590
28598
28598
28604
28625
28646
28685
28722
28763
28769
28929
28957
28977
28994
29065
29076
29140
29183
29187
29309
29328
29348
29354
29356
29360
29413
29415
29417
29425
29444
29489
29510
29523
29526
29556
29577
29586
29606
29606
29620
29653
29658
29750
29786
29910
29923
29938
29964
29965
29985
30002
30005
30017
30059
30079
30098
30140
30210
30223
30247
30280
30306
30319
30345
30346
30388
30393
30408
30425
30453
30471
30507
30550
30612
30626
30628
30663
30703
30792
30816
30940
30951
30972
30990
30991
31037
31065
31068
31075
31083
31152
31153
31181
31229
31297
31311
31332
31359
31368
31377
31386
31387
31436
31443
31451
31459
31463
31487
31504
31508
31513
31531
31533
31535
31561
31610
31635
31662
31675
31678
31699
31707
31725
31834
31889
31901
31910
31932
31936
31940
31961
31976
31993
32006
32095
32097
32118
32124
32147
32212
32215
32229
32263
32273
32306
32347
32371
32373
32374
32398
32457
32462
32474
32494
32549
32639
32650
32658
32671
32701
32705
32705
32730
32742
32760
32898
32900
32927
32936
32956
32959
32983
32983
33013
33014
33060
33070
33087
33149
33151
33154
33195
33205
33240
33318
33348
33361
33384
33388
33429
33451
33473
33490
33534
33538
33564
33566
33582
33583
33584
33608
33664
33665
33674
33720
33728
33739
33750
33774
33798
33799
33803
33809
33849
33856
33887
33916
33922
33927
33935
33944
33970
33975
33976
33978
33990
34032
34050
34055
34141
34155
34160
34162
34173
34189
34190
34213
34222
34245
34254
34276
34282
34287
34289
34319
34376
34390
34463
34498
34501
34513
34514
34586
34591
34608
34657
34697
34757
34794
34796
34808
34891
34928
34934
34947
34948
34985
35000
35009
35013
35027
35068
35073
35091
35099
35112
35116
35117
35125
35177
35204
35210
35279
35284
35298
35328
35335
35339
35342
35355
35391
35415
35445
35543
35548
35557
35586
35592
35613
35627
35641
35643
35659
35717
35808
35856
35915
35932
35985
36006
36019
36063
36080
36091
36108
36112
36131
36133
36140
36168
36205
36285
36297
36315
36319
36324
36377
36380
36430
36499
36598
36604
36605
36624
36629
36662
36666
36670
36716
36745
36823
36852
36874
36878
36901
36937
36940
36981
37019
37022
37100
37192
37201
37243
37256
37309
37373
37392
37412
37434
37474
37558
37564
37567
37581
37584
37589
37608
37634
37709
37733
37737
37786
37844
37857
37869
37905
37942
37957
37971
37987
38018
38092
38113
38119
38134
38142
38170
38181
38212
38244
38260
38289
38383
38395
38473
38513
38549
38575
38583
38647
38647
38739
38753
38764
38784
38786
38797
38920
38939
38955
39020
39035
39045
39061
39062
39064
39226
39235
39247
39277
39291
39320
39337
39346
39407
39416
39417
39423
39434
39435
39440
39456
39480
39487
39508
39528
39545
39549
39566
39622
39632
39637
39647
39692
39701
39702
39724
39758
39763
39796
39833
39861
39950
39961
39965
39989
40050
40071
40114
40138
40213
40229
40290
40313
40346
40389
40399
40426
40428
40470
40474
40504
40524
40571
40596
40654
40658
40678
40692
40693
40728
40734
40741
40754
40761
40796
40857
40872
40920
41004
41013
41033
41077
41096
41118
41144
41171
41212
41219
41300
41322
41370
41393
41400
41410
41446
41535
41535
41548
41564
41572
41637
41644
41649
41652
41666
41859
41966
41978
42000
42004
42159
42183
42202
42268
42302
42311
42439
42567
42582
42673
42686
42715
42752
42764
42767
42821
42829
42874
42899
42971
42989
42994
43010
43084
43101
43121
43157
43192
43215
43215
43222
43286
43287
43391
43416
43437
43438
43471
43491
43500
43547
43623
43647
43654
43668
43703
43727
43762
43764
43772
43780
43781
43789
43818
43846
43851
43895
43903
43950
43989
43994
44013
44031
44065
44069
44106
44146
44179
44222
44239
44263
44291
44367
44375
44456
44528
44543
44585
44589
44609
44632
44645
44656
44656
44685
44700
44751
44753
44763
44893
44907
44920
44947
44959
45026
45064
45148
45166
45194
45204
45223
45240
45261
45262
45264
45278
45286
45308
45349
45352
45422
45476
45491
45495
45537
45564
45605
45636
45659
45660
45711
45722
45740
45741
45782
45800
45828
45845
45851
45852
45871
45886
45906
45977
46041
46043
46109
46121
46166
46193
46220
46294
46299
46367
46403
46420
46439
46462
46463
46464
46467
46478
46502
46503
46504
46524
46525
46535
46541
46598
46615
46624
46634
46659
46680
46695
46700
46750
46763
46823
46837
46869
46890
46911
46922
46935
46950
46964
47047
47064
47065
47103
47126
47162
47168
47234
47234
47266
47309
47313
47349
47352
47358
47363
47365
47372
47396
47413
47552
47575
47615
47616
47676
47713
47728
47852
47942
47952
48005
48041
48105
48124
48135
48176
48211
48230
48251
48258
48266
48305
48344
48384
48411
48473
48504
48506
48539
48547
48550
48565
48583
48614
48642
48665
48677
48701
48756
48758
48793
48829
48858
48863
48867
48868
48925
48959
48965
48970
48978
49066
49121
49288
49293
49305
49316
49351
49358
49393
49448
49502
49509
49583
49622
49628
49639
49754
49779
49829
49842
49844
49851
49852
50005
50014
50016
50027
50056
50068
50092
50129
50132
50136
50188
50234
50292
50296
50301
50305
50312
50315
50322
50376
50384
50411
50485
50539
50574
50591
50611
50613
50614
50625
50629
50632
50653
50675
50688
50721
50751
50775
50789
50845
50851
50878
50917
50954
50961
50983
51038
51039
51040
51050
51075
51092
51114
51153
51154
51158
51181
51230
51246
51308
51342
51360
51390
51404
51420
51435
51439
51458
51484
51497
51504
51508
51528
51570
51610
51637
51687
51689
51691
51694
51709
51726
51775
51778
51783
51790
51799
51823
51861
51877
51881
51895
51910
51913
52056
52057
52115
52125
52161
52170
52254
52254
52270
52272
52290
52359
52374
52438
52502
52506
52529
52532
52563
52571
52625
52688
52708
52709
52734
52764
52788
52805
52815
52833
52849
52884
52943
52976
53020
53049
53051
53052
53097
53123
53139
53160
53191
53203
53212
53239
53243
53276
53291
53302
53334
53418
53424
53501
53521
53530
53564
53586
53588
53614
53638
53649
53681
53696
53746
53806
53819
53821
53874
53882
53901
53911
53984
54030
54042
54067
54085
54098
54147
54148
54214
54233
54235
54325
54328
54346
54362
54372
54373
54381
54414
54470
54525
54538
54558
54573
54606
54620
54645
54648
54652
54668
54714
54736
54749
54758
54789
54819
54822
54861
54870
54949
54968
54970
55000
55002
55006
55021
55027
55038
55042
55075
55099
55103
55113
55138
55139
55165
55190
55238
55288
55313
55336
55338
55359
55383
55523
55527
55552
55606
55641
55671
55726
55752
55828
55863
55878
55927
55932
55987
55993
56017
56020
56028
56058
56130
56140
56184
56219
56263
56273
56326
56385
56404
56420
56431
56445
56447
56453
56499
56506
56540
56567
56567
56589
56607
56690
56731
56744
56755
56758
56842
56842
56854
56858
57083
57089
57090
57098
57135
57158
57175
57198
57202
57230
57239
57253
57275
57343
57375
57451
57460
57503
57514
57517
57543
57543
57554
57606
57632
57637
57703
57767
57776
57797
57801
57806
57854
57854
57870
57901
57904
57920
57924
57951
57963
57964
58005
58006
58023
58076
58094
58163
58167
58178
58181
58183
58259
58264
58273
58274
58288
58317
58327
58352
58510
58520
58549
58608
58667
58723
58744
58761
58768
58774
58819
58835
58897
58898
58915
58938
58940
58941
58947
58956
58980
59023
59039
59074
59093
59251
59284
59284
59295
59297
59327
59369
59384
59393
59419
59431
59460
59469
59545
59558
59604
59632
59689
59698
59712
59775
59808
59819
59834
59846
59854
59854
59885
59913
59934
59948
59949
59955
60001
60008
60015
60022
60025
60036
60087
60112
60114
60126
60301
60318
60364
60371
60390
60396
60397
60415
60457
60462
60474
60478
60510
60519
60543
60547
60651
60670
60695
60730
60778
60789
60797
60850
60939
60997
61021
61028
61049
61057
61102
61146
61159
61167
61233
61234
61248
61266
61286
61376
61405
61405
61411
61417
61434
61474
61502
61579
61596
61605
61606
61638
61648
61700
61764
61771
61786
61791
61811
61832
61844
61866
61868
61881
61884
61888
61917
61943
61967
61975
61991
62021
62061
62079
62106
62127
62174
62208
62208
62215
62245
62264
62284
62287
62294
62329
62348
62397
62409
62430
62450
62492
62503
62507
62573
62616
62651
62653
62653
62662
62722
62744
62774
62845
62868
62877
62878
62896
62935
63008
63012
63017
63102
63146
63154
63162
63230
63247
63289
63297
63297
63297
63325
63356
63368
63372
63392
63401
63419
63422
63463
63507
63524
63533
63553
63562
63564
63611
63649
63655
63658
63680
63681
63694
63702
63703
63720
63724
63740
63785
63801
63813
63816
63849
63913
63954
63983
63983
63985
64051
64054
64057
64160
64182
64189
64192
64202
64267
64296
64300
64309
64346
64357
64402
64426
64434
64462
64467
64513
64528
64556
64569
64573
64574
64578
64600
64640
64644
64710
64737
64745
64770
64819
64829
64852
64862
64865
64866
64873
64898
65018
65034
65057
65071
65124
65127
65175
65246
65252
65269
65270
65320
65435
65483
65527
65551
65571
65616
65685
65717
65721
65736
65782
65841
65842
65882
65931
65943
65956
65991
66096
66106
66118
66219
66278
66297
66408
66456
66507
66508
66517
66578
66603
66604
66636
66651
66673
66673
66690
66703
66707
66746
66778
66884
66896
66916
66925
66944
66992
67010
67026
67080
67113
67156
67188
67217
67217
67253
67268
67288
67297
67314
67319
67325
67348
67413
67450
67481
67506
67507
67511
67513
67516
67556
67566
67591
67653
67730
67762
67763
67770
67815
67818
67830
67834
67837
67843
67844
67853
67858
67859
67917
67969
67972
67974
67989
68029
68066
68093
68094
68134
68175
68237
68265
68268
68299
68349
68365
68371
68420
68442
68450
68465
68487
68491
68495
68501
68521
68527
68560
68635
68680
68680
68702
68720
68839
68840
68853
68878
68896
68939
69002
69024
69027
69031
69056
69059
69077
69078
69151
69160
69168
69183
69200
69223
69275
69305
69332
69344
69360
69376
69378
69404
69420
69426
69472
69483
69502
69520
69650
69655
69660
69668
69672
69685
69689
