144
248
617
730
758
816
998
1297
1369
1585
1746
2487
2583
2797
3055
3338
3415
3710
3736
3751
3766
4029
4072
4417
4852
5067
5128
5276
5772
5801
5808
5973
6232
6366
6378
6512
6538
6664
6697
7230
7327
7448
7458
7556
8127
8522
8541
8588
8591
8714
8727
9047
9391
9394
9828
9845
9951
9993
10206
10380
10736
10914
11471
11741
13020
13070
13176
13549
13609
13710
14067
14171
14284
14290
14483
14801
14821
14972
14986
15135
15298
15359
15494
15547
15571
16034
16096
16242
16372
16413
16649
17034
17073
17194
17286
17338
17353
17355
17390
17500
17604
17606
17676
17946
17978
18293
18691
18735
19003
19146
19194
19267
19288
19500
19949
19967
20121
20454
20464
20468
20711
20849
20898
21124
21149
21171
21333
21608
21703
22133
22234
22419
22464
22759
22787
22818
22940
23314
23423
23673
23785
24104
24190
24380
24495
24508
24849
24857
24925
25557
25605
25607
25677
25825
25993
26028
26245
27944
28510
28938
29055
29609
29735
29985
30104
30391
30500
30718
30782
31276
31382
31530
31549
31603
31622
32128
32130
32145
32275
32314
32381
32848
32952
33677
34663
34692
34843
34901
34963
35192
35249
35750
35880
36200
36311
36350
36374
36918
37178
37224
37230
37234
37340
37520
37553
37554
37796
38228
38859
39076
39158
39515
39983
40013
40241
40266
40342
40343
40905
41139
41351
41450
41768
41785
41845
42003
42067
42343
42670
43086
43211
43633
44535
44653
44756
44921
45304
45405
45571
45804
45845
45963
46529
46819
46863
47081
47095
47576
47902
48437
48832
48886
48953
49018
49036
49223
49424
49465
49498
49540
49560
49678
49884
50122
50191
50364
50376
50448
51040
51198
51223
51755
52105
52483
52910
53121
53690
53802
53949
53973
54611
54718
54820
54898
55033
55130
55507
55708
55748
56247
56328
56485
56694
56757
56823
57033
57284
57295
57589
57904
58339
58560
58833
58901
59013
59564
59948
60019
60077
60270
60389
60635
60787
61333
61352
61398
61594
61941
62108
62249
62395
62825
63294
63332
63436
63610
63642
63672
64029
64443
64496
64513
65009
65187
65359
65466
65480
65616
65646
66037
66042
66286
66533
66574
66669
67526
68356
68435
68597
68645
68819
68830
68977
69199
69338
69707
