35
66
68
69
83
95
101
117
119
152
185
210
331
338
350
373
379
387
461
466
497
518
557
574
592
689
716
754
773
795
828
846
887
897
928
1022
1037
1044
1066
1154
1173
1253
1272
1275
1333
1341
1352
1352
1387
1405
1460
1523
1565
1583
1628
1722
1725
1731
1737
1852
1853
1920
1929
1966
1968
1970
1972
2000
2015
2031
2038
2055
2106
2140
2143
2214
2231
2284
2315
2375
2376
2384
2450
2455
2469
2494
2542
2545
2559
2565
2664
2703
2743
2745
2758
2789
2795
2837
2891
2982
2989
3015
3050
3065
3077
3131
3190
3205
3213
3253
3256
3257
3443
3624
3625
3648
3664
3686
3714
3729
3742
3777
3781
3802
3803
3850
3917
3933
3960
3964
3975
3976
3987
3996
4013
4044
4076
4107
4110
4128
4149
4269
4330
4347
4423
4428
4477
4496
4588
4588
4620
4638
4649
4661
4712
4759
4790
4791
4960
5042
5051
5147
5203
5274
5289
5304
5339
5509
5525
5564
5573
5657
5680
5684
5711
5741
5841
5887
5906
5965
5984
5999
6139
6189
6203
6210
6243
6263
6275
6341
6354
6371
6395
6408
6433
6458
6467
6542
6564
6583
6616
6642
6664
6684
6704
6726
6730
6732
6826
6855
6857
6922
6942
7025
7061
7073
7122
7153
7155
7203
7237
7257
7294
7312
7349
7373
7418
7485
7485
7518
7557
7557
7607
7614
7650
7656
7661
7753
7764
7773
7774
7780
7788
7795
7851
7873
7962
7998
8073
8115
8136
8142
8207
8251
8257
8285
8294
8343
8362
8390
8505
8563
8564
8604
8706
8711
8759
8770
8795
8798
8810
8922
8941
9008
9062
9111
9124
9166
9208
9248
9259
9269
9334
9356
9388
9416
9441
9455
9548
9637
9642
9740
9754
9760
9761
9783
9835
9924
10011
10089
10095
10131
10169
10175
10262
10268
10317
10371
10383
10384
10394
10411
10488
10502
10516
10564
10576
10757
10768
10769
10840
10995
11025
11035
11056
11081
11144
11156
11162
11188
11199
11240
11245
11258
11402
11421
11426
11454
11580
11608
11610
11620
11623
11637
11659
11667
11730
11739
11799
11800
11903
11921
11923
11955
11991
12001
12045
12053
12066
12084
12164
12180
12203
12212
12244
12260
12268
12268
12347
12401
12429
12488
12508
12516
12538
12555
12621
12622
12657
12778
12838
12851
12858
12863
12904
12918
12927
12940
13020
13021
13030
13042
13079
13210
13259
13268
13271
13289
13370
13538
13589
13597
13598
13601
13624
13675
13711
13717
13741
13770
13776
13874
13973
13993
14008
14060
14106
14340
14359
14478
14488
14536
14543
14569
14582
14628
14647
14667
14685
14772
14833
14894
14954
14967
14968
14978
15031
15118
15120
15131
15143
15155
15155
15161
15180
15237
15249
15288
15303
15323
15338
15360
15365
15372
15397
15455
15473
15485
15502
15511
15527
15587
15645
15648
15662
15718
15729
15758
15770
15834
15917
15919
15934
15939
15976
16074
16127
16148
16199
16241
16276
16285
16327
16367
16440
16485
16494
16568
16629
16668
16672
16677
16735
16763
16774
16777
16805
16891
16915
16951
16974
17021
17037
17046
17101
17111
17141
17150
17218
17222
17254
17380
17399
17427
17437
17481
17587
17620
17654
17672
17693
17699
17707
17812
17830
17971
18045
18093
18104
18139
18140
18144
18178
18247
18371
18413
18434
18456
18462
18467
18494
18522
18574
18612
18635
18655
18728
18741
18809
18809
18978
19017
19019
19080
19087
19127
19149
19195
19203
19227
19410
19416
19490
19513
19590
19643
19650
19704
19710
19746
19758
19797
19824
19848
19876
19887
19931
19955
19957
19959
20064
20112
20113
20114
20132
20137
20183
20193
20207
20346
20377
20393
20424
20438
20439
20466
20526
20583
20603
20628
20677
20686
20875
20888
20912
20913
20914
20932
20932
20934
20980
20989
21017
21091
21092
21094
21095
21108
21124
21124
21129
21157
21170
21170
21173
21232
21240
21312
21335
21382
21424
21551
21554
21564
21570
21612
21633
21636
21652
21683
21710
21729
21744
21760
21838
21902
21908
21954
21956
21956
21995
22028
22055
22156
22227
22239
22243
22283
22337
22351
22420
22423
22451
22494
22529
22569
22723
22771
22805
22814
22828
22849
22860
22959
22965
22983
23006
23010
23038
23058
23117
23143
23191
23195
23287
23310
23343
23408
23412
23462
23477
23495
23520
23525
23578
23597
23633
23778
23799
23911
23982
24000
24042
24042
24046
24061
24068
24098
24102
24141
24237
24311
24499
24525
24557
24574
24585
24590
24592
24653
24660
24698
24768
24795
24834
24898
24917
24923
24963
24970
24985
25012
25099
25162
25186
25353
25371
25451
25496
25530
25554
25567
25621
25639
25678
25697
25729
25769
25772
25898
25989
26048
26125
26184
26264
26296
26385
26389
26422
26453
26568
26635
26662
26674
26746
26926
26944
26962
26982
26991
27001
27135
27159
27164
27180
27246
27271
27423
27429
27432
27476
27517
27532
27565
27610
27716
27725
27734
27744
27746
27826
27856
27914
27927
27929
27944
27979
27985
27990
28047
28053
28067
28185
28222
28225
28247
28253
28312
28339
28360
28373
28384
28396
28441
28458
28488
28626
28663
28670
28691
28782
28802
28817
28824
28831
28852
28872
28876
28939
29026
29042
29175
29176
29191
29257
29271
29284
29312
29431
29473
29479
29547
29562
29574
29584
29586
29597
29745
29792
29924
29986
29993
30113
30130
30150
30169
30186
30233
30256
30268
30278
30336
30376
30378
30415
30426
30466
30490
30534
30554
30577
30619
30665
30676
30699
30719
30753
30807
30833
30835
30897
30934
30956
30997
31000
31021
31033
31039
31041
31084
31119
31163
31173
31232
31268
31413
31421
31447
31490
31594
31607
31652
31694
31701
31805
31824
31840
31852
31883
31884
31910
31938
32070
32076
32190
32204
32206
32219
32301
32376
32378
32420
32424
32431
32441
32534
32537
32715
32718
32731
32837
32857
33091
33106
33235
33246
33313
33331
33341
33357
33368
33432
33440
33485
33493
33541
33647
33678
33752
33760
33783
33837
33960
33984
33995
34013
34015
34037
34047
34134
34142
34148
34153
34158
34173
34286
34297
34311
34319
34364
34377
34404
34455
34476
34528
34615
34622
34665
34672
34692
34715
34751
34806
34898
34899
34987
35071
35098
35143
35158
35160
35176
35181
35199
35331
35399
35446
35453
35542
35592
35609
35628
35646
35647
35667
35722
35732
35753
35762
35801
35838
35850
35864
35898
35914
35995
36005
36049
36057
36089
36103
36105
36184
36211
36235
36251
36285
36287
36304
36336
36387
36478
36479
36530
36547
36564
36594
36675
36689
36721
36736
36747
36766
36803
36805
36808
36824
36879
36920
36931
36947
37056
37083
37123
37139
37148
37187
37220
37225
37268
37299
37316
37320
37359
37458
37479
37552
37556
37568
37608
37699
37703
37734
37743
37798
37881
37915
37946
37950
37973
37975
38073
38119
38128
38189
38203
38208
38257
38309
38341
38353
38434
38460
38472
38472
38491
38545
38547
38626
38634
38816
38819
38850
38895
38909
38923
38923
38958
39071
39080
39109
39132
39162
39357
39386
39440
39443
39456
39502
39544
39572
39572
39577
39735
39777
39799
39838
39867
39876
39898
39898
39943
40011
40024
40060
40063
40154
40160
40178
40239
40240
40245
40409
40526
40541
40652
40665
40685
40686
40733
40771
40775
40776
40856
40878
40899
40930
40951
40972
41030
41102
41146
41161
41205
41215
41280
41299
41375
41395
41437
41453
41491
41601
41614
41623
41723
41735
41798
41809
41949
41972
41988
41993
42014
42032
42140
42146
42161
42183
42211
42218
42232
42252
42342
42381
42389
42464
42473
42473
42507
42508
42553
42579
42580
42603
42615
42765
42776
42860
42910
42924
42930
42975
43124
43126
43133
43155
43169
43185
43197
43207
43232
43272
43278
43368
43380
43382
43383
43428
43443
43467
43485
43498
43558
43609
43620
43650
43666
43686
43699
43713
43748
43767
43771
43773
43836
43892
43917
43925
43940
43943
43971
43975
43991
44022
44062
44110
44327
44339
44382
44449
44451
44522
44533
44605
44609
44633
44636
44818
44851
44865
44909
44922
44983
44986
44987
45018
45086
45099
45110
45119
45124
45217
45221
45245
45254
45260
45265
45272
45321
45346
45367
45386
45412
45426
45428
45474
45520
45530
45622
45649
45707
45737
45742
45792
45819
45870
45895
45933
45945
46038
46075
46083
46115
46183
46202
46306
46309
46332
46351
46370
46394
46418
46437
46581
46582
46600
46605
46633
46644
46671
46672
46693
46737
46806
46808
46820
46902
47008
47083
47127
47151
47193
47195
47311
47320
47349
47356
47388
47391
47405
47433
47473
47475
47593
47628
47644
47678
47693
47787
47792
47826
47933
47936
47954
47982
48004
48097
48139
48200
48276
48281
48365
48502
48515
48522
48668
48733
48734
48882
48942
48948
49070
49075
49165
49200
49202
49210
49218
49237
49267
49353
49363
49428
49440
49474
49509
49599
49643
49655
49710
49746
49766
49785
49890
49891
49901
49991
50015
50029
50071
50124
50129
50257
50270
50302
50309
50326
50360
50397
50498
50535
50547
50580
50613
50637
50678
50786
50836
50842
50869
50879
51012
51013
51016
51032
51048
51049
51069
51100
51125
51255
51259
51305
51338
51356
51378
51440
51451
51455
51481
51527
51572
51594
51693
51700
51735
51797
51805
51830
51941
51944
51981
51995
52025
52035
52093
52096
52137
52154
52197
52198
52202
52207
52223
52237
52252
52270
52286
52297
52375
52389
52418
52557
52560
52696
52715
52720
52752
52834
52837
52859
52874
52891
52900
52901
52912
52938
52938
52942
52986
53023
53023
53102
53142
53146
53168
53213
53230
53237
53299
53304
53347
53396
53420
53439
53462
53514
53517
53554
53622
53628
53637
53654
53669
53678
53713
53723
53731
53776
53799
53845
53850
53870
53901
53985
54061
54158
54167
54214
54267
54320
54353
54390
54393
54489
54563
54577
54618
54622
54629
54705
54719
54733
54829
54835
54841
54857
54866
54894
54924
55031
55098
55129
55162
55162
55184
55208
55214
55216
55225
55242
55268
55278
55334
55374
55398
55476
55504
55538
55560
55567
55620
55625
55691
55696
55711
55740
55751
55751
55777
55783
55810
55831
55832
55835
55906
55931
55970
55978
55998
56003
56022
56023
56121
56157
56172
56297
56303
56380
56402
56484
56505
56508
56513
56561
56581
56601
56607
56687
56691
56710
56753
56796
56810
56845
56847
56873
56886
56978
56979
56994
57014
57021
57128
57157
57222
57223
57233
57235
57273
57296
57322
57502
57535
57592
57606
57620
57670
57674
57722
57773
57778
57819
57820
57848
57978
57980
58077
58080
58129
58184
58288
58290
58334
58351
58429
58447
58463
58478
58512
58548
58548
58561
58615
58619
58675
58715
58745
58747
58802
58804
58809
58911
58980
58984
59062
59073
59134
59183
59190
59252
59269
59349
59371
59378
59410
59412
59475
59481
59539
59553
59554
59578
59651
59698
59732
59734
59754
59761
59980
60065
60098
60141
60168
60199
60205
60259
60259
60270
60307
60341
60406
60409
60461
60507
60570
60623
60623
60661
60684
60763
60870
60949
61015
61067
61088
61099
61117
61140
61163
61192
61203
61229
61231
61301
61324
61407
61440
61452
61467
61472
61556
61559
61582
61589
61602
61733
61750
61757
61782
61883
61891
61948
62094
62112
62119
62157
62169
62192
62206
62245
62262
62274
62288
62328
62388
62422
62524
62527
62533
62534
62546
62580
62592
62625
62746
62861
62866
62876
62952
62990
62991
63114
63140
63175
63190
63191
63287
63304
63360
63394
63397
63574
63588
63621
63655
63693
63708
63713
63782
63788
63810
63848
63940
63948
63977
64000
64000
64040
64044
64051
64092
64097
64102
64108
64109
64214
64214
64240
64257
64280
64298
64313
64353
64365
64425
64480
64508
64510
64513
64540
64578
64592
64709
64735
64792
64808
64854
64872
64895
64958
64997
65014
65107
65112
65157
65165
65310
65444
65454
65485
65537
65554
65557
65605
65628
65664
65707
65717
65723
65727
65745
65768
65791
65825
65855
65867
65897
65923
65928
65962
65976
65988
66001
66005
66073
66104
66105
66134
66136
66147
66278
66339
66386
66389
66398
66404
66436
66455
66483
66508
66536
66537
66555
66563
66566
66575
66664
66668
66693
66735
66757
66910
66911
66957
67129
67148
67199
67211
67228
67347
67369
67395
67412
67441
67481
67487
67504
67529
67584
67591
67605
67606
67660
67673
67761
67788
67807
67888
67953
68001
68082
68119
68146
68184
68186
68200
68326
68338
68338
68341
68361
68523
68573
68582
68624
68628
68649
68684
68743
68763
68770
68782
68843
68867
68878
68977
68984
69006
69036
69039
69099
69211
69224
69245
69260
69268
69284
69349
69351
69355
69388
69389
69473
69492
69606
69609
69626
69656
