2
9
14
14
27
31
37
43
48
51
54
63
79
97
117
128
131
135
137
165
175
187
191
192
204
215
234
240
255
258
266
266
300
303
304
307
309
341
351
352
365
379
418
427
428
484
488
495
525
558
572
575
592
594
595
606
614
614
616
646
656
662
671
697
717
719
729
732
746
756
756
757
757
760
769
771
777
780
781
797
811
813
815
831
832
850
853
857
875
890
917
920
937
937
949
961
963
963
966
978
1013
1013
1014
1014
1029
1033
1035
1058
1065
1073
1077
1077
1093
1096
1099
1104
1110
1113
1117
1125
1134
1136
1142
1144
1146
1149
1178
1202
1216
1217
1229
1240
1244
1245
1254
1256
1284
1285
1293
1306
1323
1342
1345
1346
1359
1372
1372
1379
1382
1383
1388
1391
1395
1402
1418
1450
1451
1456
1467
1480
1483
1488
1488
1489
1504
1507
1522
1524
1529
1537
1549
1550
1567
1573
1580
1591
1591
1603
1606
1619
1640
1673
1676
1688
1689
1695
1708
1721
1734
1735
1742
1747
1756
1758
1772
1780
1782
1794
1808
1821
1826
1828
1835
1841
1841
1851
1852
1856
1865
1891
1919
1941
1944
1951
1954
1956
1965
1976
1979
1989
1995
2003
2005
2005
2016
2026
2039
2041
2042
2045
2047
2049
2054
2055
2059
2115
2150
2163
2183
2193
2194
2198
2202
2203
2218
2232
2236
2263
2265
2268
2274
2286
2292
2299
2313
2331
2347
2348
2364
2367
2368
2379
2380
2421
2425
2441
2442
2448
2453
2469
2472
2511
2543
2557
2566
2566
2573
2576
2578
2581
2591
2593
2606
2616
2625
2644
2648
2652
2665
2680
2689
2718
2724
2734
2737
2738
2742
2753
2754
2761
2778
2781
2786
2791
2791
2796
2800
2821
2853
2863
2890
2893
2915
2926
2944
2948
2950
2955
2963
2970
2970
2971
2972
2987
2992
3037
3048
3052
3075
3087
3106
3121
3124
3128
3134
3153
3157
3167
3184
3188
3189
3193
3210
3212
3220
3258
3267
3270
3287
3289
3291
3291
3301
3308
3309
3316
3318
3320
3338
3344
3349
3355
3362
3364
3367
3369
3373
3373
3397
3410
3420
3422
3422
3436
3446
3459
3460
3469
3476
3520
3528
3540
3550
3554
3555
3565
3577
3589
3599
3607
3616
3627
3643
3643
3650
3669
3694
3695
3701
3708
3713
3721
3727
3731
3767
3769
3770
3824
3832
3836
3841
3850
3850
3856
3870
3885
3893
3909
3914
3921
3929
3930
3956
3969
3982
3983
3988
3988
3994
3995
3996
4000
4019
4020
4024
4026
4060
4070
4097
4113
4122
4151
4160
4160
4186
4201
4220
4223
4253
4264
4269
4290
4292
4301
4335
4337
4339
4380
4403
4417
4422
4422
4444
4454
4458
4465
4476
4478
4480
4486
4486
4492
4507
4526
4553
4559
4566
4568
4576
4581
4589
4592
4597
4601
4606
4629
4631
4646
4646
4666
4677
4679
4683
4684
4689
4699
4701
4705
4732
4757
4760
4781
4782
4782
4783
4791
4792
4793
4794
4798
4800
4803
4809
4810
4811
4821
4845
4855
4883
4887
4888
4891
4891
4894
4899
4900
4918
4953
4957
4958
4960
4992
4999
5001
5009
5011
5017
5024
5028
5067
5071
5073
5074
5075
5089
5094
5101
5106
5109
5115
5130
5139
5148
5153
5161
5166
5168
5223
5225
5226
5230
5245
5251
5257
5267
5272
5287
5289
5295
5320
5323
5326
5327
5328
5341
5342
5361
5362
5363
5386
5390
5392
5405
5407
5418
5419
5444
5459
5470
5474
5479
5488
5511
5517
5527
5553
5563
5567
5582
5598
5600
5621
5621
5624
5648
5652
5668
5672
5686
5700
5701
5704
5709
5725
5725
5740
5740
5747
5753
5754
5762
5765
5768
5769
5775
5776
5784
5789
5820
5825
5827
5869
5878
5885
5892
5897
5908
5923
5926
5928
5932
5938
5954
5960
5971
5978
5990
5999
6000
6013
6016
6041
6049
6054
6067
6067
6071
6100
6104
6123
6124
6128
6131
6151
6162
6182
6184
6187
6192
6197
6214
6217
6229
6229
6230
6232
6240
6244
6255
6258
6264
6280
6281
6288
6294
6295
6302
6303
6303
6305
6320
6322
6325
6325
6326
6343
6344
6365
6367
6388
6399
6410
6414
6416
6416
6418
6426
6450
6453
6453
6493
6495
6499
6507
6514
6525
6541
6560
6563
6567
6571
6573
6578
6578
6605
6608
6628
6638
6638
6655
6655
6670
6684
6692
6693
6703
6718
6727
6731
6737
6748
6752
6753
6761
6770
6777
6788
6792
6792
6806
6815
6816
6827
6839
6850
6852
6860
6864
6868
6869
6879
6899
6909
6915
6922
6923
6923
6923
6931
6944
6948
6949
6952
6959
6959
6964
6975
6979
6988
6992
6993
6998
6999
7005
7008
7019
7024
7032
7036
7041
7042
7060
7067
7068
7087
7123
7128
7159
7160
7160
7183
7190
7193
7199
7213
7215
7219
7227
7231
7243
7259
7270
7286
7287
7288
7290
7291
7293
7299
7302
7309
7312
7321
7328
7334
7341
7345
7346
7352
7354
7359
7361
7390
7398
7405
7406
7408
7408
7420
7423
7427
7428
7433
7441
7463
7466
7479
7481
7488
7503
7505
7508
7509
7517
7522
7522
7534
7534
7536
7538
7556
7561
7567
7570
7576
7580
7601
7606
7614
7616
7621
7627
7650
7662
7669
7671
7674
7697
7708
7715
7718
7732
7737
7761
7761
7779
7794
7795
7807
7812
7814
7815
7854
7871
7892
7894
7898
7922
7933
7944
7948
7950
7980
8010
8011
8015
8027
8045
8046
8049
8052
8053
8057
8065
8070
8085
8105
8106
8107
8110
8112
8128
8152
8154
8173
8178
8206
8208
8209
8212
8214
8224
8225
8234
8240
8243
8247
8264
8270
8272
8274
8304
8304
8320
8324
8327
8327
8327
8330
8335
8349
8370
8386
8397
8418
8418
8430
8451
8455
8461
8462
8469
8472
8473
8480
8487
8491
8499
8499
8499
8505
8509
8529
8549
8552
8562
8569
8572
8575
8581
8593
8604
8634
8654
8668
8673
8675
8689
8695
8701
8710
8714
8715
8722
8735
8740
8755
8757
8760
8763
8763
8764
8769
8774
8775
8787
8790
8811
8814
8816
8831
8833
8856
8869
8873
8878
8891
8897
8912
8926
8932
8934
8936
8937
8954
8964
8972
8976
8979
8985
8996
9013
9017
9025
9037
9040
9045
9058
9072
9083
9089
9093
9093
9107
9130
9141
9155
9197
9198
9203
9210
9217
9218
9224
9226
9238
9243
9260
9262
9268
9276
9281
9287
9291
9294
9294
9306
9310
9311
9313
9329
9336
9340
9382
9409
9423
9457
9461
9463
9470
9473
9480
9481
9484
9495
9499
9499
9516
9522
9528
9570
9573
9578
9591
9597
9624
9629
9632
9651
9653
9654
9657
9667
9671
9686
9689
9699
9728
9733
9738
9752
9756
9768
9779
9779
9791
9801
9853
9854
9859
9874
9887
9888
9897
9900
9939
9943
9952
9954
9965
9965
9970
9970
9981
9982
9986
9996
10007
10023
10034
10035
10042
10042
10058
10061
10062
10064
10064
10086
10101
10116
10117
10138
10142
10177
10179
10181
10188
10207
10217
10221
10236
10241
10251
10252
10262
10273
10274
10288
10297
10307
10314
10315
10321
10332
10338
10339
10342
10344
10351
10357
10362
10399
10403
10409
10412
10425
10429
10447
10448
10468
10494
10498
10499
10527
10552
10555
10558
10562
10565
10572
10572
10586
10599
10603
10614
10631
10638
10647
10649
10660
10667
10670
10688
10689
10714
10730
10742
10752
10772
10781
10784
10794
10808
10813
10815
10821
10825
10832
10833
10838
10843
10845
10852
10854
10858
10876
10876
10877
10878
10887
10888
10902
10923
10935
10937
10946
10948
10949
10957
10969
10986
11005
11009
11023
11027
11044
11045
11053
11055
11065
11070
11085
11094
11114
11117
11137
11145
11151
11162
11162
11190
11195
11205
11209
11214
11228
11232
11234
11242
11245
11246
11266
11283
11284
11286
11287
11287
11291
11291
11306
11326
11326
11337
11351
11353
11353
11360
11362
11370
11376
11384
11386
11395
11402
11406
11408
11435
11444
11455
11476
11478
11480
11492
11501
11507
11534
11535
11544
11546
11552
11557
11572
11581
11591
11598
11603
11603
11609
11620
11621
11626
11635
11636
11638
11650
11660
11672
11673
11677
11680
11684
11686
11693
11714
11717
11731
11731
11759
11767
11770
11785
11785
11787
11804
11822
11832
11833
11836
11847
11872
11877
11878
11907
11920
11932
11943
11954
11964
11970
11972
11982
11996
11999
12002
12024
12025
12053
12055
12069
12071
12083
12084
12086
12111
12131
12139
12140
12159
12172
12176
12187
12193
12197
12227
12266
12269
12293
12299
12300
12310
12324
12331
12334
12336
12337
12338
12340
12362
12381
12399
12416
12421
12431
12444
12447
12450
12452
12456
12467
12469
12484
12485
12486
12495
12499
12504
12528
12536
12557
12577
12582
12595
12603
12604
12613
12616
12630
12632
12635
12635
12644
12645
12664
12670
12678
12687
12708
12708
12720
12724
12750
12750
12751
12802
12811
12812
12812
12819
12824
12854
12857
12867
12886
12889
12892
12907
12916
12919
12920
12928
12936
12945
12951
12976
12976
12977
12986
13018
13020
13024
13039
13053
13060
13064
13077
13089
13125
13126
13126
13144
13152
13161
13174
13185
13187
13188
13198
13207
13217
13228
13229
13233
13242
13244
13245
13246
13266
13272
13287
13290
13303
13333
13335
13335
13344
13355
13366
13367
13379
13389
13389
13399
13400
13402
13407
13415
13427
13428
13450
13453
13455
13457
13460
13463
13468
13472
13473
13482
13490
13496
13513
13515
13523
13529
13534
13537
13541
13549
13557
13561
13566
13568
13574
13577
13580
13591
13593
13606
13630
13652
13665
13688
13702
13703
13713
13732
13752
13752
13772
13781
13799
13807
13829
13845
13850
13851
13852
13853
13894
13897
13919
13919
13925
13940
13941
13941
13947
13957
13958
13961
13963
13966
13970
13971
13979
13991
13993
14014
14024
14042
14053
14063
14077
14096
14107
14132
14133
14156
14157
14163
14172
14182
14183
14192
14197
14208
14210
14233
14237
14240
14240
14292
14293
14295
14316
14318
14325
14340
14343
14344
14353
14356
14364
14368
14372
14373
14381
14385
14386
14394
14399
14400
14405
14420
14424
14429
14440
14441
14450
14461
14462
14464
14486
14489
14491
14492
14496
14496
14502
14521
14531
14541
14544
14547
14548
14580
14591
14613
14618
14618
14620
14638
14648
14658
14659
14662
14665
14669
14672
14675
14682
14704
14708
14729
14746
14751
14755
14756
14758
14759
14775
14784
14785
14787
14794
14803
14819
14819
14833
14844
14853
14856
14866
14868
14888
14901
14907
14926
14931
14936
14945
14968
14973
14981
15000
15020
15041
15045
15064
15095
15109
15136
15137
15139
15143
15156
15180
15183
15183
15188
15192
15193
15205
15219
15234
15234
15240
15254
15257
15267
15269
15293
15312
15313
15314
15329
15331
15363
15378
15385
15386
15394
15425
15487
15496
15496
15496
15503
15530
15534
15554
15570
15572
15588
15597
15599
15602
15603
15603
15631
15637
15653
15653
15655
15657
15665
15666
15668
15707
15707
15723
15758
15758
15768
15771
15778
15783
15799
15845
15847
15870
15881
15885
15896
15901
15909
15914
15917
15918
15924
15928
15934
15950
15956
15956
15956
15973
15979
15988
15997
15998
16000
16008
16014
16034
16050
16067
16069
16071
16091
16108
16121
16124
16126
16140
16142
16179
16180
16194
16195
16238
16247
16260
16261
16277
16283
16289
16297
16300
16302
16308
16331
16341
16366
16369
16373
16373
16378
16385
16406
16454
16456
16459
16469
16471
16474
16477
16481
16484
16537
16541
16554
16573
16589
16595
16606
16620
16621
16639
16641
16668
16671
16671
16678
16679
16681
16682
16686
16696
16745
16747
16750
16755
16758
16760
16769
16771
16776
16783
16783
16786
16802
16846
16847
16850
16852
16861
16892
16916
16935
16938
16962
16965
16969
16969
16987
17000
17010
17014
17019
17039
17043
17047
17059
17062
17063
17069
17075
17079
17082
17095
17104
17112
17114
17118
17119
17142
17145
17147
17155
17159
17161
17167
17174
17176
17182
17182
17186
17192
17202
17203
17205
17211
17216
17225
17235
17243
17249
17255
17261
17270
17275
17278
17290
17298
17310
17314
17321
17324
17358
17375
17382
17383
17384
17395
17400
17404
17406
17413
17418
17420
17429
17436
17441
17442
17444
17444
17448
17473
17476
17477
17477
17502
17503
17517
17528
17528
17551
17556
17574
17575
17581
17588
17604
17616
17622
17630
17639
17646
17649
17663
17673
17680
17681
17701
17709
17720
17732
17735
17743
17762
17772
17777
17787
17787
17795
17798
17799
17806
17846
17847
17863
17880
17895
17895
17900
17912
17920
17935
17966
17968
17971
17972
17975
17981
18014
18019
18021
18021
18023
18030
18034
18058
18091
18099
18110
18116
18119
18124
18127
18131
18133
18134
18146
18149
18156
18157
18160
18173
18187
18190
18196
18200
18203
18203
18217
18224
18229
18230
18239
18268
18277
18290
18306
18307
18326
18342
18356
18358
18361
18371
18373
18408
18413
18414
18426
18436
18437
18451
18459
18484
18491
18499
18508
18511
18532
18538
18542
18555
18588
18624
18626
18648
18654
18681
18681
18702
18731
18741
18744
18745
18761
18779
18789
18808
18814
18824
18824
18832
18849
18850
18852
18855
18857
18863
18869
18884
18887
18898
18910
18919
18923
18930
18942
18945
18948
18962
18970
18970
18976
18977
18984
18994
19005
19014
19015
19015
19016
19020
19032
19061
19068
19070
19073
19080
19097
19102
19108
19126
19130
19148
19158
19158
19187
19188
19211
19220
19227
19241
19256
19270
19285
19290
19302
19317
19335
19336
19338
19348
19354
19357
19358
19359
19365
19391
19407
19430
19436
19439
19441
19444
19457
19462
19474
19491
19502
19505
19515
19522
19531
19537
19538
19556
19563
19571
19592
19594
19616
19625
19635
19638
19639
19647
19652
19660
19670
19671
19672
19678
19680
19695
19724
19726
19731
19737
19747
19751
19761
19765
19768
19772
19776
19782
19809
19812
19816
19824
19824
19826
19829
19868
19875
19901
19914
19922
19945
19947
19952
19956
19964
19977
19985
19989
19994
20007
20022
20035
20042
20052
20069
20072
20098
20119
20124
20141
20149
20152
20152
20176
20179
20180
20191
20199
20217
20225
20238
20246
20252
20253
20286
20294
20301
20310
20325
20336
20337
20345
20347
20353
20397
20397
20421
20428
20431
20431
20444
20450
20469
20486
20488
20495
20503
20503
20504
20515
20516
20519
20524
20534
20543
20552
20553
20559
20567
20569
20573
20575
20588
20590
20603
20609
20612
20617
20632
20634
20642
20653
20691
20704
20707
20723
20732
20739
20745
20745
20747
20754
20768
20782
20800
20803
20803
20804
20818
20824
20827
20828
20839
20840
20868
20884
20889
20895
20900
20909
20921
20921
20924
20925
20929
20931
20931
20937
20949
20953
20967
20969
20973
20975
20986
20989
21002
21042
21051
21053
21053
21054
21066
21090
21105
21114
21121
21157
21165
21193
21197
21217
21225
21228
21242
21246
21247
21251
21254
21272
21276
21302
21307
21312
21330
21337
21340
21351
21358
21362
21381
21382
21416
21417
21421
21426
21431
21437
21440
21470
21476
21480
21481
21503
21506
21513
21518
21519
21520
21527
21539
21540
21541
21551
21553
21563
21566
21573
21574
21578
21581
21582
21583
21589
21596
21609
21614
21623
21629
21641
21644
21652
21666
21669
21672
21691
21698
21704
21737
21739
21739
21757
21769
21774
21776
21779
21786
21788
21789
21790
21800
21806
21806
21815
21828
21833
21843
21849
21858
21860
21862
21866
21866
21872
21891
21920
21924
21927
21931
21932
21937
21940
21944
21957
21964
21969
21985
21990
21994
22009
22073
22077
22082
22093
22100
22112
22114
22127
22128
22136
22137
22137
22142
22153
22155
22156
22159
22211
22218
22244
22244
22256
22263
22278
22301
22314
22315
22340
22342
22345
22353
22354
22368
22369
22380
22383
22404
22411
22424
22426
22428
22440
22440
22447
22459
22478
22479
22494
22507
22507
22524
22527
22528
22541
22541
22544
22559
22562
22568
22586
22592
22601
22611
22615
22644
22649
22649
22654
22659
22663
22695
22697
22706
22707
22733
22754
22778
22783
22788
22822
22838
22855
22860
22876
22878
22891
22914
22918
22918
22945
22949
22957
22962
22967
22972
22991
22996
23003
23004
23024
23044
23058
23062
23073
23090
23098
23098
23101
23120
23131
23132
23132
23138
23138
23141
23156
23158
23164
23177
23201
23201
23211
23290
23307
23312
23312
23314
23314
23317
23338
23347
23350
23359
23364
23374
23376
23384
23396
23428
23434
23480
23483
23515
23516
23518
23529
23541
23543
23545
23560
23570
23600
23614
23620
23630
23633
23652
23653
23661
23671
23687
23694
23710
23722
23740
23762
23763
23784
23790
23797
23815
23844
23852
23868
23886
23888
23903
23942
23943
23959
23961
23991
24011
24034
24039
24053
24064
24075
24094
24113
24124
24130
24135
24136
24141
24141
24145
24149
24157
24172
24190
24196
24207
24229
24235
24236
24238
24262
24266
24269
24280
24309
24311
24339
24344
24347
24350
24364
24371
24382
24406
24412
24426
24436
24463
24470
24472
24476
24513
24528
24541
24542
24555
24559
24577
24579
24580
24580
24605
24608
24615
24618
24621
24621
24634
24639
24650
24651
24663
24671
24672
24675
24682
24687
24689
24701
24703
24714
24740
24742
24749
24764
24764
24776
24776
24795
24804
24808
24825
24832
24844
24852
24860
24886
24889
24930
24933
24942
24958
24969
24982
24984
24987
24989
24990
24991
25043
25047
25052
25059
25060
25071
25073
25074
25077
25088
25101
25105
25105
25118
25121
25130
25144
25146
25157
25162
25175
25185
25193
25234
25256
25262
25274
25275
25278
25290
25319
25334
25336
25344
25347
25347
25354
25383
25388
25393
25393
25404
25419
25420
25420
25436
25438
25453
25454
25459
25475
25480
25480
25507
25529
25538
25540
25542
25552
25552
25554
25568
25575
25577
25592
25593
25601
25606
25645
25673
25679
25692
25696
25706
25709
25712
25713
25732
25738
25738
25765
25765
25786
25797
25804
25811
25827
25854
25869
25870
25877
25893
25898
25902
25930
25935
25945
25957
25960
25980
25983
25998
26011
26011
26033
26038
26038
26038
26050
26054
26056
26059
26073
26081
26084
26086
26086
26101
26104
26115
26122
26123
26123
26124
26163
26178
26179
26182
26182
26205
26211
26213
26213
26230
26232
26246
26252
26252
26253
26259
26278
26306
26339
26342
26350
26364
26383
26387
26401
26404
26407
26420
26431
26434
26437
26440
26441
26450
26450
26457
26458
26461
26472
26482
26483
26497
26500
26504
26524
26526
26532
26539
26540
26556
26560
26563
26582
26607
26619
26631
26634
26638
26648
26672
26673
26680
26683
26696
26715
26717
26717
26753
26758
26759
26765
26766
26768
26771
26776
26781
26783
26785
26793
26797
26798
26819
26841
26864
26866
26867
26899
26901
26906
26910
26919
26936
26973
26998
27020
27037
27043
27058
27058
27066
27096
27124
27135
27139
27142
27143
27162
27166
27166
27168
27170
27187
27196
27199
27205
27209
27226
27231
27236
27252
27259
27266
27270
27273
27276
27305
27324
27328
27349
27361
27384
27396
27405
27409
27413
27417
27423
27424
27453
27455
27459
27472
27472
27477
27488
27498
27533
27542
27560
27565
27575
27600
27601
27608
27624
27633
27663
27674
27677
27680
27690
27700
27705
27717
27719
27749
27765
27769
27792
27800
27801
27808
27819
27856
27866
27868
27911
27912
27920
27937
27941
27955
27956
27956
27959
27966
27976
27977
27988
27990
27993
27994
28006
28014
28015
28032
28034
28040
28045
28046
28055
28056
28058
28060
28068
28089
28106
28150
28155
28155
28160
28160
28165
28165
28174
28190
28192
28223
28237
28240
28252
28309
28317
28319
28345
28354
28359
28363
28368
28368
28376
28376
28399
28426
28429
28437
28439
28450
28461
28468
28472
28473
28473
28474
28479
28485
28499
28499
28502
28527
28529
28536
28544
28551
28557
28563
28570
28580
28597
28614
28616
28640
28654
28666
28668
28680
28681
28703
28725
28727
28731
28731
28735
28748
28750
28760
28776
28785
28806
28825
28844
28860
28891
28905
28910
28915
28921
28931
28932
28944
28949
28955
28960
28963
28976
28989
28989
28991
28992
29001
29003
29027
29037
29040
29043
29048
29054
29057
29058
29064
29083
29085
29092
29094
29100
29100
29130
29133
29136
29141
29141
29146
29147
29152
29160
29176
29180
29185
29197
29205
29261
29268
29269
29271
29271
29282
29291
29296
29297
29320
29336
29336
29346
29357
29357
29362
29386
29392
29406
29423
29450
29455
29456
29485
29498
29521
29523
29531
29534
29539
29547
29584
29593
29595
29604
29623
29641
29648
29662
29671
29677
29708
29721
29733
29736
29737
29737
29739
29746
29755
29764
29784
29795
29801
29810
29811
29812
29817
29827
29829
29832
29837
29856
29864
29864
29868
29871
29872
29878
29878
29888
29889
29901
29903
29906
29917
29917
29917
29920
29925
29934
29938
29940
29951
29967
29974
29992
30038
30041
30046
30052
30067
30068
30080
30092
30095
30099
30145
30163
30168
30170
30176
30180
30180
30182
30194
30200
30228
30238
30260
30264
30276
30296
30298
30306
30322
30326
30334
30341
30342
30347
30350
30352
30359
30360
30366
30378
30413
30430
30434
30436
30437
30448
30469
30473
30475
30484
30495
30498
30506
30521
30527
30531
30532
30547
30549
30556
30579
30613
30618
30629
30630
30636
30645
30650
30652
30654
30664
30668
30669
30670
30672
30678
30702
30709
30709
30735
30777
30777
30781
30784
30790
30799
30801
30813
30823
30843
30843
30848
30863
30874
30882
30890
30900
30916
30921
30933
30935
30937
30937
30942
30956
30956
30963
30980
30983
30989
31034
31035
31035
31041
31044
31054
31054
31071
31077
31095
31098
31104
31109
31120
31136
31144
31148
31161
31165
31169
31177
31186
31199
31202
31225
31225
31230
31251
31252
31284
31309
31336
31361
31367
31378
31379
31381
31396
31399
31408
31411
31416
31426
31427
31429
31433
31435
31456
31485
31491
31510
31524
31525
31526
31526
31531
31535
31535
31539
31540
31545
31563
31567
31572
31573
31573
31581
31583
31604
31605
31611
31612
31615
31620
31622
31623
31629
31649
31650
31653
31653
31669
31672
31681
31682
31689
31696
31706
31719
31740
31745
31758
31765
31776
31777
31781
31818
31824
31831
31842
31856
31857
31859
31866
31891
31894
31895
31924
31945
31946
31950
31973
31984
32003
32004
32009
32014
32025
32029
32029
32030
32032
32034
32051
32070
32078
32083
32083
32097
32108
32130
32135
32174
32180
32185
32186
32190
32195
32197
32200
32207
32210
32236
32254
32278
32288
32317
32332
32348
32370
32385
32389
32389
32400
32403
32426
32430
32448
32462
32464
32465
32465
32466
32473
32481
32482
32489
32506
32527
32527
32559
32607
32609
32614
32619
32673
32680
32711
32713
32722
32731
32737
32740
32751
32759
32769
32775
32784
32799
32806
32813
32836
32856
32856
32858
32861
32874
32881
32881
32894
32908
32919
32931
32939
32957
32961
32972
32972
32974
32975
32975
32978
32980
32982
32986
32987
32999
33001
33008
33019
33021
33024
33028
33031
33033
33056
33056
33071
33082
33082
33089
33093
33095
33103
33111
33117
33117
33117
33123
33137
33140
33145
33164
33175
33177
33187
33188
33191
33199
33203
33205
33209
33210
33217
33224
33227
33236
33251
33251
33289
33290
33293
33295
33304
33306
33326
33345
33361
33366
33370
33372
33387
33394
33412
33419
33424
33430
33433
33435
33456
33462
33466
33490
33497
33508
33524
33534
33536
33548
33549
33555
33564
33567
33569
33570
33583
33593
33595
33598
33600
33609
33626
33629
33629
33643
33647
33650
33666
33685
33692
33703
33761
33785
33800
33810
33811
33815
33844
33851
33910
33918
33940
33942
33943
33964
33977
33988
33991
34026
34064
34067
34077
34107
34119
34121
34122
34128
34131
34135
34138
34153
34162
34168
34183
34204
34204
34205
34235
34246
34254
34260
34268
34271
34279
34290
34292
34292
34297
34304
34307
34328
34331
34357
34358
34359
34371
34376
34383
34383
34387
34387
34389
34390
34396
34401
34402
34407
34412
34421
34432
34434
34449
34449
34454
34458
34490
34500
34545
34553
34556
34561
34562
34569
34573
34612
34612
34689
34692
34694
34699
34702
34708
34720
34733
34736
34737
34758
34771
34775
34788
34797
34809
34809
34812
34819
34823
34826
34827
34827
34828
34833
34853
34867
34893
34911
34914
34922
34925
34939
34963
34971
34972
34975
34977
34978
34987
34995
35002
35004
35008
35018
35022
35030
35047
35064
35069
35074
35076
35083
35083
35090
35092
35100
35106
35111
35126
35140
35145
35162
35190
35203
35207
35224
35230
35257
35259
35264
35266
35275
35279
35300
35312
35332
35340
35368
35377
35387
35389
35397
35404
35408
35420
35426
35440
35443
35459
35459
35474
35484
35536
35547
35559
35567
35571
35575
35600
35601
35621
35629
35638
35639
35642
35656
35686
35686
35691
35693
35724
35739
35743
35749
35755
35768
35770
35775
35791
35797
35799
35800
35802
35805
35814
35822
35830
35834
35842
35875
35881
35903
35913
35932
35933
35968
35976
35988
35993
35997
36005
36009
36009
36014
36025
36029
36041
36044
36053
36057
36061
36070
36078
36085
36087
36093
36094
36119
36120
36126
36130
36145
36161
36165
36168
36168
36171
36174
36174
36180
36186
36201
36212
36218
36225
36240
36248
36264
36267
36277
36278
36289
36289
36294
36316
36319
36328
36347
36354
36356
36376
36377
36384
36392
36397
36398
36405
36405
36408
36410
36437
36453
36463
36467
36474
36491
36496
36500
36506
36507
36508
36523
36557
36575
36584
36590
36592
36603
36609
36613
36614
36617
36622
36630
36638
36644
36644
36649
36662
36663
36674
36676
36679
36682
36685
36695
36699
36708
36773
36777
36786
36789
36795
36795
36802
36805
36810
36834
36840
36847
36862
36882
36884
36891
36895
36896
36900
36901
36915
36934
36936
36944
36949
36963
36965
36970
36974
36984
36995
36999
37047
37051
37084
37084
37123
37159
37193
37198
37203
37209
37211
37214
37224
37230
37236
37237
37239
37280
37282
37284
37293
37316
37317
37319
37320
37336
37344
37344
37350
37352
37365
37366
37379
37391
37412
37427
37432
37440
37448
37452
37453
37475
37485
37513
37515
37520
37521
37523
37530
37539
37539
37548
37554
37557
37610
37626
37643
37652
37657
37657
37669
37674
37676
37678
37700
37703
37708
37708
37712
37717
37730
37736
37752
37769
37778
37780
37782
37797
37799
37820
37824
37825
37839
37840
37848
37850
37859
37865
37867
37868
37870
37881
37884
37901
37906
37909
37920
37932
37950
37953
37971
37972
37973
37982
37983
37983
37991
37995
38006
38006
38011
38011
38014
38017
38036
38037
38045
38056
38061
38063
38065
38088
38096
38096
38098
38100
38115
38124
38138
38143
38144
38152
38166
38168
38172
38183
38205
38214
38216
38240
38244
38245
38257
38261
38265
38278
38284
38286
38288
38300
38310
38314
38322
38332
38333
38366
38369
38378
38396
38414
38416
38459
38461
38469
38485
38488
38504
38525
38531
38536
38537
38548
38554
38565
38566
38578
38594
38606
38615
38618
38657
38686
38687
38688
38703
38707
38708
38717
38718
38721
38765
38767
38771
38786
38798
38798
38811
38818
38832
38836
38837
38857
38860
38860
38887
38898
38913
38922
38925
38928
38932
38958
38959
38967
38976
39025
39060
39070
39072
39081
39095
39099
39114
39117
39120
39123
39130
39130
39155
39155
39160
39164
39166
39185
39210
39213
39221
39224
39226
39236
39246
39248
39269
39269
39269
39279
39283
39297
39297
39308
39310
39312
39316
39325
39326
39328
39335
39336
39343
39347
39359
39391
39404
39420
39457
39462
39464
39470
39480
39485
39490
39491
39494
39503
39520
39526
39529
39534
39535
39574
39588
39599
39601
39603
39611
39634
39643
39647
39651
39659
39662
39668
39678
39686
39702
39714
39716
39721
39739
39740
39741
39746
39751
39762
39776
39777
39779
39786
39791
39797
39805
39809
39831
39844
39860
39871
39878
39881
39890
39895
39910
39916
39923
39928
39932
39938
39948
39960
39961
39972
39983
39985
39988
39996
40010
40011
40017
40026
40031
40045
40062
40063
40065
40093
40102
40109
40116
40116
40117
40125
40133
40135
40138
40140
40146
40149
40153
40159
40178
40194
40218
40221
40235
40239
40240
40276
40285
40294
40321
40329
40329
40331
40350
40355
40356
40371
40371
40388
40401
40428
40428
40440
40440
40456
40457
40464
40480
40499
40504
40514
40515
40517
40519
40525
40529
40537
40542
40550
40550
40555
40560
40561
40562
40566
40577
40587
40590
40605
40616
40619
40624
40644
40654
40661
40669
40724
40747
40751
40765
40814
40815
40821
40834
40834
40837
40839
40840
40852
40852
40861
40866
40885
40887
40896
40904
40914
40921
40923
40945
40962
40965
40974
40977
40978
40980
40981
40991
40993
41001
41011
41039
41052
41056
41058
41058
41072
41088
41092
41092
41095
41099
41101
41118
41118
41127
41129
41145
41158
41161
41164
41165
41166
41183
41183
41212
41213
41235
41245
41252
41267
41288
41289
41306
41313
41325
41325
41334
41347
41348
41355
41384
41386
41405
41410
41431
41440
41449
41473
41477
41481
41504
41505
41513
41527
41534
41537
41547
41553
41572
41573
41576
41583
41583
41590
41598
41600
41620
41631
41634
41660
41673
41687
41689
41694
41695
41699
41703
41723
41742
41768
41797
41806
41848
41850
41851
41854
41863
41868
41892
41903
41906
41914
41923
41927
41941
41948
41948
41948
41950
41959
41962
41963
41981
41994
42001
42008
42036
42042
42046
42046
42053
42058
42060
42066
42067
42067
42067
42081
42099
42102
42103
42104
42106
42158
42166
42168
42177
42184
42200
42202
42217
42228
42238
42250
42277
42304
42308
42315
42316
42317
42319
42322
42326
42339
42383
42385
42388
42396
42404
42409
42411
42414
42428
42430
42431
42441
42468
42474
42484
42484
42484
42495
42495
42507
42534
42553
42575
42575
42595
42599
42600
42619
42626
42629
42631
42634
42635
42655
42657
42662
42671
42683
42685
42708
42725
42738
42758
42761
42788
42789
42796
42802
42829
42854
42860
42861
42869
42870
42872
42885
42886
42889
42890
42906
42910
42917
42920
42928
42930
42930
42931
42944
42956
42958
42958
42960
42961
42963
42976
42992
42998
43001
43003
43003
43019
43038
43044
43057
43071
43092
43093
43095
43097
43124
43125
43136
43140
43141
43149
43154
43155
43159
43161
43179
43183
43191
43204
43227
43244
43277
43291
43294
43302
43320
43335
43338
43340
43341
43345
43348
43354
43367
43373
43373
43391
43407
43420
43428
43429
43442
43452
43457
43476
43481
43487
43492
43494
43496
43518
43518
43522
43533
43536
43553
43555
43559
43576
43600
43600
43601
43603
43614
43622
43622
43625
43641
43648
43663
43671
43671
43685
43693
43719
43719
43725
43734
43749
43763
43773
43773
43777
43785
43793
43798
43831
43842
43846
43846
43847
43874
43881
43881
43884
43895
43896
43901
43917
43932
43939
43951
43959
43966
43972
43975
43976
43985
43989
44005
44017
44024
44043
44051
44052
44068
44085
44094
44114
44116
44122
44131
44131
44134
44163
44167
44171
44183
44185
44212
44215
44222
44269
44280
44287
44293
44304
44309
44314
44322
44328
44335
44338
44342
44350
44374
44392
44404
44411
44411
44425
44433
44436
44441
44454
44459
44459
44462
44465
44469
44474
44478
44485
44504
44517
44518
44519
44534
44535
44543
44572
44587
44589
44599
44613
44620
44645
44649
44651
44656
44661
44677
44678
44678
44687
44716
44721
44724
44728
44731
44735
44735
44736
44738
44738
44753
44756
44762
44765
44772
44775
44776
44787
44806
44814
44830
44852
44871
44875
44878
44882
44912
44914
44941
44947
44949
44956
44965
44977
44992
45016
45024
45043
45049
45061
45062
45068
45071
45077
45085
45086
45088
45099
45099
45118
45120
45128
45134
45138
45177
45198
45223
45228
45231
45241
45243
45258
45261
45261
45261
45263
45268
45281
45286
45289
45297
45299
45302
45327
45368
45374
45421
45448
45457
45466
45491
45491
45495
45505
45512
45514
45526
45527
45544
45556
45562
45596
45627
45635
45637
45641
45690
45691
45699
45704
45710
45718
45726
45736
45744
45747
45755
45760
45786
45833
45834
45835
45856
45864
45873
45873
45893
45908
45955
45957
45960
45963
45967
45979
45990
45995
46003
46010
46014
46019
46020
46026
46032
46034
46052
46056
46064
46073
46085
46088
46093
46105
46110
46112
46114
46119
46120
46121
46129
46154
46171
46177
46183
46187
46196
46197
46197
46202
46212
46217
46226
46234
46239
46243
46245
46267
46270
46274
46292
46296
46296
46301
46308
46314
46335
46353
46355
46358
46362
46365
46393
46394
46420
46424
46443
46446
46457
46457
46476
46480
46487
46495
46499
46502
46508
46558
46569
46608
46622
46624
46625
46626
46626
46643
46652
46662
46664
46669
46676
46678
46703
46704
46769
46774
46780
46798
46823
46830
46831
46851
46869
46877
46884
46892
46893
46934
46955
46982
46999
47003
47008
47023
47029
47030
47036
47044
47045
47048
47048
47052
47053
47062
47065
47073
47080
47093
47097
47100
47106
47113
47126
47141
47153
47163
47165
47167
47171
47180
47184
47185
47191
47206
47207
47231
47236
47243
47249
47250
47258
47300
47309
47311
47328
47331
47334
47336
47348
47351
47354
47370
47374
47383
47401
47418
47419
47422
47441
47449
47460
47467
47472
47490
47492
47501
47505
47508
47513
47513
47515
47517
47533
47537
47564
47580
47581
47584
47591
47601
47612
47676
47680
47703
47706
47712
47714
47728
47750
47752
47754
47762
47764
47771
47787
47809
47812
47816
47824
47826
47827
47835
47837
47852
47878
47889
47893
47895
47897
47899
47909
47933
47933
47949
47954
47967
47987
47993
48003
48004
48061
48066
48068
48070
48077
48086
48088
48099
48101
48103
48115
48117
48122
48127
48145
48153
48155
48174
48191
48200
48219
48219
48233
48244
48245
48248
48285
48289
48309
48317
48343
48385
48416
48417
48427
48430
48431
48439
48448
48454
48468
48496
48498
48507
48526
48549
48550
48578
48579
48594
48602
48603
48630
48633
48642
48646
48650
48665
48672
48688
48714
48730
48733
48741
48748
48753
48767
48770
48781
48787
48789
48797
48799
48811
48820
48837
48842
48850
48855
48860
48867
48882
48887
48888
48890
48893
48901
48903
48911
48922
48925
48935
48935
48949
48962
48962
48975
48976
48979
48981
49008
49015
49016
49032
49034
49039
49049
49056
49064
49066
49079
49083
49090
49115
49122
49129
49136
49153
49153
49162
49162
49167
49172
49173
49178
49187
49196
49196
49208
49213
49225
49239
49242
49243
49249
49273
49283
49284
49287
49293
49296
49307
49317
49327
49341
49350
49355
49381
49390
49390
49402
49407
49410
49432
49438
49446
49454
49462
49476
49485
49496
49499
49510
49513
49520
49526
49534
49557
49560
49563
49568
49568
49591
49605
49644
49651
49656
49668
49675
49687
49705
49711
49725
49742
49748
49773
49776
49788
49798
49802
49806
49813
49819
49850
49863
49866
49880
49899
49911
49913
49929
49931
49971
49971
49981
49987
49992
50012
50013
50013
50028
50032
50034
50035
50035
50038
50048
50070
50075
50100
50130
50176
50191
50233
50241
50246
50249
50259
50269
50275
50287
50314
50337
50344
50345
50347
50354
50357
50374
50379
50379
50382
50390
50406
50407
50415
50415
50418
50440
50444
50444
50457
50467
50477
50507
50512
50516
50546
50572
50576
50577
50580
50586
50587
50607
50642
50666
50677
50706
50713
50720
50749
50780
50822
50823
50827
50828
50832
50840
50840
50841
50847
50847
50855
50882
50897
50904
50907
50916
50924
50934
50938
50959
50966
50980
50989
50993
50999
51005
51009
51016
51020
51022
51028
51072
51087
51109
51130
51142
51161
51172
51184
51184
51199
51205
51213
51225
51226
51239
51243
51250
51254
51275
51299
51301
51309
51310
51342
51347
51351
51360
51361
51369
51372
51378
51382
51393
51395
51396
51402
51405
51422
51428
51448
51456
51464
51468
51471
51483
51485
51489
51493
51494
51494
51495
51526
51542
51549
51557
51563
51564
51575
51580
51581
51592
51594
51606
51614
51630
51637
51643
51650
51659
51691
51697
51706
51729
51733
51739
51744
51749
51753
51754
51758
51761
51768
51780
51789
51790
51797
51805
51805
51814
51815
51817
51829
51876
51881
51888
51911
51912
51923
51923
51929
51932
51934
51937
51949
51960
51969
51970
51998
52015
52016
52035
52044
52072
52116
52119
52134
52147
52168
52175
52185
52196
52224
52246
52248
52265
52276
52279
52302
52303
52311
52318
52375
52376
52385
52403
52409
52412
52426
52426
52432
52433
52437
52437
52442
52449
52452
52455
52457
52469
52476
52478
52493
52495
52501
52512
52514
52548
52587
52588
52593
52650
52651
52656
52659
52662
52671
52700
52707
52718
52725
52732
52746
52774
52777
52778
52780
52799
52809
52810
52819
52828
52858
52861
52874
52875
52879
52885
52889
52896
52932
52940
52943
52945
52956
52967
52970
52985
52988
53011
53022
53024
53024
53037
53055
53063
53067
53073
53081
53082
53084
53085
53098
53102
53116
53126
53132
53143
53144
53148
53152
53153
53158
53165
53175
53176
53188
53191
53192
53202
53204
53220
53231
53239
53239
53259
53261
53267
53284
53299
53303
53331
53340
53344
53358
53373
53380
53385
53394
53403
53413
53415
53419
53431
53458
53464
53468
53473
53477
53492
53494
53496
53511
53512
53514
53542
53560
53564
53567
53587
53608
53612
53617
53637
53644
53652
53659
53661
53673
53686
53699
53730
53731
53741
53745
53755
53778
53793
53809
53810
53814
53824
53841
53846
53851
53852
53854
53863
53883
53901
53903
53910
53920
53929
53930
53936
53952
53978
53982
53993
54001
54005
54007
54014
54031
54055
54057
54065
54072
54074
54077
54110
54131
54161
54167
54171
54178
54191
54195
54202
54204
54212
54229
54231
54237
54253
54253
54259
54264
54270
54272
54292
54313
54320
54329
54355
54382
54397
54398
54403
54441
54455
54459
54469
54476
54479
54490
54492
54503
54505
54516
54520
54524
54531
54534
54536
54553
54553
54554
54563
54601
54603
54611
54613
54614
54615
54621
54633
54636
54642
54665
54680
54686
54691
54699
54706
54713
54799
54812
54825
54840
54842
54852
54855
54857
54875
54888
54903
54909
54932
54934
54965
54976
54978
54990
54993
54996
55000
55017
55024
55026
55050
55072
55076
55117
55127
55129
55154
55169
55171
55176
55200
55206
55220
55236
55242
55256
55257
55265
55267
55290
55297
55297
55302
55329
55330
55330
55331
55345
55350
55351
55355
55363
55413
55457
55509
55511
55512
55513
55519
55521
55527
55546
55561
55565
55576
55590
55591
55593
55602
55613
55614
55648
55653
55658
55658
55673
55678
55687
55700
55701
55706
55716
55720
55740
55740
55742
55757
55762
55777
55789
55791
55818
55827
55838
55844
55854
55859
55860
55869
55897
55899
55904
55928
55930
55931
55938
55944
55996
56011
56020
56024
56042
56057
56063
56088
56094
56123
56129
56164
56164
56165
56171
56172
56173
56185
56193
56209
56233
56241
56241
56253
56256
56267
56280
56282
56293
56300
56304
56307
56315
56340
56346
56347
56355
56356
56361
56372
56383
56383
56391
56397
56427
56446
56448
56458
56460
56467
56473
56478
56490
56495
56500
56512
56520
56546
56555
56565
56593
56612
56613
56613
56617
56637
56637
56637
56637
56644
56663
56667
56669
56670
56672
56677
56680
56686
56686
56695
56700
56701
56705
56709
56713
56714
56715
56736
56744
56749
56755
56765
56773
56822
56833
56863
56867
56875
56877
56892
56900
56902
56908
56921
56922
56924
56927
56931
56949
56952
56962
56975
56992
57023
57064
57071
57084
57090
57100
57102
57104
57108
57111
57120
57123
57141
57145
57152
57160
57172
57183
57223
57225
57245
57261
57262
57264
57268
57271
57275
57289
57328
57336
57341
57343
57355
57371
57386
57424
57434
57440
57455
57459
57485
57488
57491
57492
57492
57502
57503
57508
57520
57553
57556
57574
57589
57598
57603
57610
57613
57614
57620
57630
57656
57658
57677
57694
57694
57694
57698
57706
57712
57714
57721
57725
57731
57732
57739
57763
57770
57774
57787
57822
57834
57838
57884
57893
57910
57920
57924
57924
57941
57945
57976
57977
57980
57990
57995
58034
58048
58052
58055
58055
58060
58060
58062
58062
58062
58069
58098
58102
58102
58112
58113
58134
58141
58142
58142
58188
58188
58194
58220
58220
58234
58251
58254
58259
58259
58265
58267
58285
58287
58293
58293
58299
58300
58309
58311
58323
58323
58323
58360
58365
58367
58372
58375
58377
58381
58392
58392
58399
58417
58418
58431
58443
58444
58460
58462
58468
58469
58470
58471
58478
58495
58500
58529
58539
58543
58552
58555
58559
58559
58560
58563
58569
58575
58588
58593
58611
58617
58632
58661
58667
58669
58684
58692
58714
58722
58728
58733
58739
58778
58783
58794
58825
58875
58921
58923
58937
58944
58973
58977
58987
58995
59008
59013
59056
59090
59093
59110
59112
59117
59123
59125
59128
59152
59153
59154
59159
59196
59202
59203
59213
59218
59220
59233
59239
59251
59271
59275
59298
59303
59311
59320
59322
59329
59338
59340
59341
59350
59361
59372
59379
59383
59384
59400
59400
59422
59442
59442
59454
59458
59466
59470
59473
59477
59488
59535
59540
59540
59547
59562
59562
59567
59580
59593
59600
59605
59613
59617
59623
59628
59634
59656
59659
59663
59678
59682
59715
59729
59733
59734
59738
59755
59758
59765
59771
59778
59782
59788
59789
59790
59791
59800
59809
59814
59817
59817
59824
59831
59834
59834
59871
59888
59891
59901
59909
59909
59939
59951
59955
59964
59970
59981
59981
59984
59994
60021
60047
60093
60109
60110
60125
60131
60176
60188
60189
60191
60193
60193
60193
60209
60218
60226
60231
60233
60238
60245
60276
60282
60283
60293
60300
60312
60313
60316
60318
60326
60331
60394
60402
60415
60421
60422
60442
60448
60460
60463
60479
60479
60501
60508
60532
60540
60551
60572
60580
60582
60592
60601
60608
60630
60630
60638
60642
60643
60653
60677
60685
60710
60711
60735
60738
60740
60746
60759
60763
60782
60784
60788
60790
60796
60802
60804
60809
60810
60815
60817
60820
60821
60822
60835
60838
60850
60869
60874
60879
60894
60911
60913
60923
60925
60929
60936
60951
60952
60963
60969
60991
61008
61019
61040
61050
61072
61074
61085
61097
61101
61105
61107
61117
61123
61124
61138
61139
61145
61146
61157
61165
61172
61173
61191
61210
61218
61221
61223
61226
61230
61234
61237
61262
61273
61274
61300
61303
61324
61329
61329
61334
61336
61342
61349
61383
61396
61399
61418
61430
61430
61433
61435
61451
61459
61471
61479
61486
61490
61503
61508
61513
61520
61526
61527
61573
61577
61593
61601
61614
61616
61672
61678
61680
61686
61690
61698
61712
61723
61731
61732
61735
61736
61737
61740
61751
61827
61832
61834
61847
61856
61858
61859
61893
61902
61904
61911
61914
61928
61933
61944
61961
61973
61979
61985
61997
62001
62029
62038
62074
62075
62077
62077
62081
62085
62090
62106
62113
62114
62121
62136
62141
62151
62153
62160
62187
62201
62207
62216
62220
62254
62255
62259
62262
62271
62280
62288
62292
62296
62298
62308
62320
62326
62349
62361
62365
62378
62382
62383
62397
62398
62403
62424
62427
62428
62433
62473
62482
62487
62509
62517
62522
62532
62534
62538
62545
62568
62574
62580
62589
62606
62622
62622
62627
62648
62656
62665
62667
62677
62685
62686
62702
62707
62719
62720
62734
62737
62740
62777
62778
62781
62783
62790
62807
62816
62821
62837
62839
62873
62884
62886
62907
62923
62942
62952
62952
62964
62971
62975
62987
62988
62993
62994
63030
63036
63060
63062
63062
63084
63086
63089
63091
63099
63105
63121
63146
63175
63178
63194
63198
63199
63205
63209
63219
63236
63243
63259
63275
63291
63300
63309
63314
63314
63322
63331
63344
63348
63354
63354
63370
63380
63389
63400
63404
63405
63405
63417
63417
63418
63422
63428
63443
63464
63466
63471
63485
63487
63488
63510
63536
63538
63545
63553
63560
63607
63611
63614
63649
63652
63662
63662
63662
63683
63684
63690
63698
63699
63707
63720
63721
63724
63727
63729
63738
63755
63770
63793
63794
63802
63816
63820
63831
63838
63847
63851
63870
63870
63871
63877
63883
63898
63902
63914
63942
63960
63965
63983
64001
64024
64039
64055
64063
64065
64093
64109
64131
64150
64162
64164
64166
64177
64185
64188
64195
64212
64217
64219
64221
64225
64248
64262
64326
64336
64337
64365
64372
64401
64405
64410
64412
64422
64432
64433
64438
64462
64470
64481
64485
64497
64508
64514
64547
64552
64600
64607
64607
64614
64630
64639
64649
64664
64667
64671
64676
64686
64698
64702
64705
64708
64715
64719
64734
64740
64744
64787
64791
64808
64838
64843
64843
64853
64865
64868
64872
64876
64877
64906
64931
64936
64941
64941
64943
64955
64961
64964
64978
64985
65012
65015
65020
65022
65024
65028
65034
65049
65053
65053
65058
65071
65072
65095
65114
65119
65148
65148
65168
65179
65182
65188
65192
65204
65209
65225
65228
65232
65233
65236
65272
65279
65312
65313
65335
65344
65344
65349
65375
65396
65398
65399
65400
65401
65403
65406
65407
65409
65415
65443
65446
65468
65478
65503
65512
65513
65517
65549
65560
65564
65567
65569
65577
65580
65582
65591
65596
65605
65610
65611
65632
65634
65635
65638
65664
65671
65676
65701
65721
65724
65725
65726
65732
65768
65776
65786
65789
65794
65805
65807
65810
65817
65848
65869
65890
65915
65926
65926
65938
65958
65964
65966
65980
65981
65982
65993
66000
66000
66002
66014
66018
66044
66046
66054
66057
66067
66070
66090
66093
66111
66119
66123
66128
66137
66142
66147
66149
66163
66179
66182
66199
66210
66235
66236
66248
66254
66257
66271
66292
66301
66306
66313
66333
66340
66346
66347
66372
66372
66375
66376
66388
66407
66408
66412
66426
66431
66434
66437
66448
66452
66453
66454
66459
66466
66474
66475
66484
66484
66490
66502
66511
66516
66522
66529
66540
66543
66552
66566
66586
66609
66619
66638
66641
66650
66653
66657
66658
66665
66668
66674
66676
66695
66719
66727
66731
66733
66741
66750
66753
66758
66758
66766
66767
66773
66782
66813
66828
66845
66849
66865
66872
66876
66879
66887
66887
66891
66893
66896
66906
66912
66926
66940
66948
66953
66955
66972
66973
66979
66988
66994
67005
67014
67017
67023
67028
67035
67038
67048
67050
67064
67066
67086
67090
67091
67096
67105
67116
67132
67136
67140
67152
67168
67174
67205
67208
67226
67230
67231
67232
67256
67262
67262
67280
67298
67315
67317
67318
67326
67326
67341
67347
67360
67366
67376
67379
67392
67413
67428
67432
67432
67440
67443
67446
67458
67466
67471
67475
67482
67489
67491
67492
67498
67498
67499
67507
67508
67520
67521
67536
67568
67580
67601
67604
67615
67616
67617
67618
67620
67632
67655
67680
67683
67694
67715
67717
67745
67747
67778
67783
67809
67811
67820
67822
67853
67855
67868
67885
67894
67896
67916
67924
67932
67937
67952
67962
67984
67993
67999
68005
68007
68015
68016
68019
68037
68040
68057
68059
68067
68079
68084
68087
68090
68104
68104
68109
68120
68122
68155
68168
68189
68206
68207
68221
68228
68238
68243
68256
68264
68273
68279
68279
68289
68305
68306
68323
68327
68358
68358
68371
68379
68390
68404
68410
68425
68425
68434
68450
68470
68487
68499
68500
68510
68534
68534
68564
68572
68581
68581
68592
68594
68595
68633
68633
68635
68637
68638
68645
68652
68653
68674
68691
68698
68699
68700
68736
68746
68747
68749
68750
68753
68760
68760
68765
68768
68773
68781
68781
68782
68786
68792
68798
68800
68808
68812
68831
68835
68845
68860
68868
68871
68876
68884
68905
68916
68921
68948
68973
68974
68981
68996
69001
69003
69009
69011
69027
69043
69055
69055
69072
69073
69079
69092
69094
69096
69100
69102
69107
69115
69121
69125
69136
69142
69145
69152
69158
69165
69170
69176
69178
69189
69194
69198
69203
69231
69242
69253
69269
69278
69284
69294
69294
69322
69335
69360
69373
69376
69380
69393
69430
69443
69444
69454
69478
69482
69484
69495
69495
69500
69511
69516
69519
69520
69522
69525
69528
69549
69552
69556
69572
69575
69589
69595
69610
69615
69615
69621
69627
69631
69646
69649
69657
69659
69659
69659
69660
69665
69665
69671
69673
69675
69685
69696
69700
69718
69731
