1
27
53
68
68
70
72
77
80
86
88
95
98
122
124
129
169
186
194
234
235
244
246
246
278
320
325
339
344
352
356
374
375
402
430
432
456
467
468
472
500
503
509
521
521
540
554
557
565
572
593
606
615
681
681
685
685
688
694
709
709
709
720
725
740
740
756
761
764
804
836
842
854
864
883
891
892
892
910
914
926
927
933
935
939
939
947
967
983
992
1014
1028
1029
1031
1035
1059
1060
1061
1064
1065
1073
1098
1110
1111
1130
1161
1166
1167
1171
1180
1184
1190
1191
1198
1203
1204
1210
1213
1216
1224
1226
1235
1236
1236
1273
1286
1291
1298
1302
1315
1317
1340
1342
1343
1349
1352
1366
1375
1388
1392
1394
1398
1400
1410
1428
1430
1468
1468
1475
1482
1482
1508
1521
1526
1532
1552
1571
1583
1598
1609
1623
1635
1637
1647
1653
1659
1671
1678
1682
1691
1695
1697
1702
1707
1712
1725
1727
1728
1737
1741
1773
1785
1794
1802
1812
1815
1817
1829
1838
1844
1866
1874
1883
1896
1910
1933
1933
1939
1956
1957
1969
1979
1991
1997
2001
2013
2032
2038
2040
2046
2053
2062
2070
2085
2095
2101
2111
2116
2122
2123
2137
2149
2161
2162
2166
2168
2170
2189
2205
2211
2213
2222
2227
2249
2277
2305
2309
2314
2334
2376
2394
2395
2400
2402
2406
2411
2446
2449
2450
2452
2474
2475
2482
2483
2505
2507
2532
2533
2537
2549
2549
2556
2568
2574
2615
2621
2644
2646
2681
2686
2704
2714
2737
2769
2782
2786
2817
2844
2846
2848
2849
2851
2888
2898
2909
2910
2934
2943
2950
2960
2970
2987
2990
3001
3003
3016
3090
3091
3096
3098
3102
3138
3166
3175
3180
3200
3208
3216
3255
3261
3273
3274
3279
3291
3303
3304
3310
3316
3316
3320
3326
3333
3337
3343
3346
3348
3348
3352
3359
3366
3376
3385
3412
3422
3432
3439
3448
3451
3473
3483
3485
3527
3531
3538
3560
3567
3584
3613
3615
3626
3646
3647
3696
3698
3703
3710
3714
3715
3750
3757
3763
3787
3792
3795
3795
3807
3813
3828
3829
3835
3836
3848
3852
3853
3875
3895
3901
3919
3920
3935
3958
3962
3971
3972
3972
3979
3987
3989
3999
4001
4010
4014
4041
4041
4043
4049
4050
4071
4079
4082
4084
4085
4093
4105
4118
4129
4130
4136
4136
4136
4146
4156
4173
4175
4201
4202
4206
4214
4231
4246
4250
4273
4287
4310
4318
4344
4348
4350
4351
4375
4396
4402
4417
4438
4457
4473
4478
4486
4510
4511
4523
4563
4580
4587
4631
4635
4638
4639
4639
4648
4654
4656
4661
4664
4684
4687
4691
4704
4712
4715
4748
4751
4755
4768
4772
4778
4786
4799
4808
4813
4820
4843
4850
4852
4855
4887
4894
4907
4921
4928
4928
4938
4944
4944
4951
4955
4963
4966
4971
4976
4979
5005
5033
5041
5047
5051
5055
5068
5112
5114
5117
5126
5128
5150
5151
5154
5158
5163
5188
5191
5226
5236
5248
5272
5275
5276
5277
5295
5297
5334
5345
5355
5361
5383
5390
5394
5398
5402
5440
5441
5453
5476
5513
5515
5525
5531
5532
5546
5557
5562
5574
5599
5616
5616
5632
5633
5634
5663
5670
5671
5678
5686
5687
5698
5700
5706
5717
5718
5721
5723
5728
5734
5754
5785
5797
5806
5811
5841
5871
5879
5881
5905
5909
5911
5922
5925
5933
5941
5944
5947
5947
5966
5969
5976
5979
5996
5996
6007
6039
6043
6050
6050
6080
6093
6105
6115
6118
6118
6137
6140
6154
6155
6162
6168
6169
6171
6171
6171
6181
6182
6191
6191
6197
6210
6210
6220
6225
6227
6236
6238
6240
6250
6255
6270
6271
6284
6298
6302
6305
6309
6309
6313
6323
6325
6325
6359
6373
6376
6379
6397
6398
6399
6421
6433
6444
6455
6487
6518
6525
6534
6536
6545
6546
6556
6579
6586
6586
6596
6606
6610
6618
6628
6638
6646
6649
6654
6656
6660
6660
6665
6675
6697
6709
6719
6729
6744
6746
6755
6776
6781
6783
6792
6823
6850
6896
6898
6899
6902
6921
6931
6936
6949
6950
6962
6984
6985
6989
6997
7013
7024
7031
7033
7036
7041
7042
7044
7049
7056
7069
7081
7099
7099
7115
7119
7122
7165
7172
7201
7213
7227
7244
7246
7247
7248
7269
7289
7292
7316
7333
7336
7338
7345
7345
7353
7353
7354
7358
7358
7374
7378
7406
7417
7432
7456
7458
7467
7467
7482
7501
7518
7524
7527
7527
7554
7563
7573
7577
7581
7595
7605
7622
7629
7635
7654
7666
7670
7672
7680
7680
7680
7681
7683
7686
7735
7742
7748
7757
7760
7761
7767
7778
7784
7795
7809
7829
7833
7837
7857
7865
7870
7873
7874
7880
7885
7889
7896
7897
7897
7899
7899
7921
7931
7955
7966
7974
7978
7985
7986
7987
8002
8005
8024
8046
8048
8057
8057
8075
8120
8148
8170
8174
8176
8185
8214
8218
8221
8225
8230
8234
8250
8250
8257
8258
8269
8278
8302
8307
8320
8324
8325
8330
8344
8355
8359
8368
8368
8368
8369
8375
8380
8408
8414
8426
8433
8438
8454
8471
8485
8491
8508
8511
8537
8538
8543
8580
8593
8600
8601
8610
8617
8632
8642
8650
8651
8671
8680
8708
8715
8718
8719
8727
8732
8753
8754
8798
8805
8809
8814
8816
8859
8865
8868
8882
8888
8891
8898
8927
8930
8930
8931
8933
8936
8995
9034
9055
9080
9097
9099
9133
9138
9140
9164
9166
9168
9196
9201
9233
9245
9281
9295
9315
9320
9329
9331
9335
9348
9356
9360
9386
9409
9446
9455
9462
9480
9484
9485
9492
9506
9527
9542
9558
9563
9601
9607
9616
9628
9647
9651
9661
9664
9678
9693
9721
9755
9776
9776
9788
9817
9835
9840
9844
9846
9849
9856
9860
9908
9910
9936
9936
9936
9952
9968
9971
9977
9978
9981
9995
10005
10010
10017
10039
10048
10061
10063
10064
10074
10081
10094
10101
10110
10123
10125
10128
10129
10145
10145
10149
10213
10225
10238
10256
10266
10269
10289
10291
10337
10378
10378
10388
10402
10402
10409
10424
10437
10438
10440
10442
10445
10448
10463
10474
10490
10497
10506
10513
10556
10565
10571
10579
10579
10601
10601
10612
10614
10622
10628
10633
10643
10644
10646
10648
10657
10659
10661
10664
10678
10678
10685
10696
10710
10712
10722
10722
10735
10738
10740
10762
10767
10785
10789
10803
10817
10827
10829
10843
10858
10868
10871
10885
10890
10939
10944
10946
10958
10968
10981
10982
11003
11011
11014
11016
11016
11021
11022
11023
11031
11038
11057
11069
11073
11075
11076
11077
11083
11088
11112
11123
11128
11133
11143
11150
11153
11160
11173
11175
11183
11209
11211
11229
11240
11242
11244
11246
11266
11280
11292
11294
11295
11298
11302
11305
11314
11315
11324
11342
11370
11377
11380
11383
11410
11417
11422
11430
11438
11442
11445
11454
11455
11459
11464
11472
11497
11500
11520
11527
11542
11564
11572
11579
11589
11603
11603
11605
11611
11625
11632
11637
11645
11649
11668
11671
11707
11722
11725
11725
11729
11748
11761
11781
11786
11786
11792
11794
11794
11807
11811
11824
11825
11843
11866
11867
11880
11886
11889
11898
11898
11926
11961
11965
11967
11986
11996
12009
12010
12012
12019
12061
12063
12073
12090
12100
12115
12140
12147
12161
12180
12203
12226
12258
12266
12272
12293
12304
12320
12323
12327
12328
12377
12395
12433
12438
12450
12463
12467
12470
12473
12489
12505
12511
12521
12527
12528
12534
12535
12538
12541
12544
12552
12567
12567
12567
12572
12580
12592
12594
12622
12638
12644
12658
12661
12668
12669
12681
12684
12685
12687
12687
12700
12714
12718
12727
12729
12738
12746
12749
12787
12799
12803
12811
12819
12820
12842
12875
12877
12877
12886
12890
12904
12909
12911
12992
12996
13000
13005
13015
13026
13027
13033
13039
13046
13063
13069
13091
13105
13106
13106
13121
13152
13155
13161
13177
13189
13194
13205
13211
13224
13224
13232
13242
13258
13280
13281
13291
13295
13315
13325
13340
13341
13360
13366
13381
13381
13399
13421
13424
13430
13446
13448
13449
13463
13483
13484
13487
13493
13507
13509
13516
13530
13544
13547
13550
13555
13566
13566
13567
13568
13569
13573
13602
13606
13607
13611
13644
13647
13649
13703
13704
13708
13718
13722
13730
13777
13778
13781
13814
13815
13823
13823
13846
13846
13856
13864
13874
13880
13885
13890
13899
13910
13918
13933
13936
13970
13976
13977
13984
13985
13985
13986
13987
13988
13988
14006
14032
14032
14039
14068
14075
14082
14083
14089
14107
14107
14109
14125
14125
14133
14134
14145
14146
14157
14162
14170
14209
14226
14229
14234
14244
14253
14260
14262
14263
14265
14268
14280
14288
14302
14326
14333
14339
14350
14369
14370
14387
14389
14394
14405
14443
14443
14446
14480
14506
14521
14522
14532
14542
14551
14578
14588
14599
14603
14608
14637
14639
14639
14643
14660
14663
14665
14675
14701
14704
14720
14738
14740
14786
14791
14797
14825
14826
14835
14837
14840
14846
14880
14882
14886
14887
14888
14899
14905
14905
14906
14912
14917
14919
14937
14943
14969
14977
14980
14984
15021
15023
15033
15061
15109
15119
15124
15125
15137
15150
15160
15183
15187
15190
15194
15198
15214
15248
15251
15260
15268
15282
15285
15288
15296
15314
15326
15333
15340
15353
15371
15389
15389
15403
15408
15409
15409
15423
15442
15461
15462
15462
15498
15505
15506
15513
15513
15528
15535
15539
15575
15587
15620
15621
15627
15651
15673
15674
15689
15707
15717
15744
15751
15759
15791
15792
15806
15808
15810
15810
15811
15812
15831
15832
15833
15837
15858
15861
15864
15870
15873
15888
15902
15913
15935
15942
15945
15949
15950
15961
15964
15965
15971
15975
15989
16013
16019
16033
16042
16042
16068
16072
16074
16076
16106
16125
16131
16136
16171
16230
16235
16239
16274
16276
16287
16304
16312
16326
16332
16347
16349
16394
16400
16408
16410
16413
16422
16426
16428
16487
16489
16495
16506
16520
16571
16572
16594
16602
16617
16621
16627
16631
16644
16664
16665
16669
16681
16681
16685
16690
16728
16745
16753
16757
16761
16771
16782
16791
16817
16818
16848
16861
16864
16877
16892
16895
16903
16911
16925
16931
16933
16948
16952
16953
16955
16958
16959
16962
16973
16983
16985
16991
16993
17000
17002
17004
17021
17038
17041
17077
17082
17090
17094
17102
17115
17133
17140
17148
17156
17161
17170
17183
17185
17206
17218
17222
17225
17229
17231
17231
17241
17251
17253
17265
17272
17273
17276
17303
17312
17322
17323
17333
17369
17385
17394
17402
17410
17418
17437
17449
17449
17460
17473
17480
17502
17508
17529
17534
17535
17541
17551
17564
17599
17608
17609
17610
17616
17622
17631
17641
17652
17669
17717
17745
17790
17795
17800
17821
17822
17833
17833
17839
17858
17860
17877
17908
17916
17926
17948
17970
17980
17983
17991
17997
18021
18027
18038
18052
18059
18063
18070
18075
18084
18095
18122
18136
18142
18151
18151
18156
18166
18174
18204
18209
18218
18230
18232
18235
18250
18250
18271
18282
18289
18293
18297
18297
18305
18308
18315
18369
18390
18408
18412
18414
18424
18425
18463
18472
18480
18486
18493
18495
18497
18503
18505
18506
18535
18566
18570
18579
18580
18600
18605
18611
18619
18640
18641
18644
18650
18659
18671
18675
18676
18690
18699
18706
18725
18728
18736
18747
18749
18761
18765
18789
18825
18829
18833
18864
18925
18929
18946
18946
18950
18958
18961
18966
18976
18990
19001
19006
19006
19017
19022
19072
19077
19084
19089
19098
19099
19100
19102
19105
19113
19119
19120
19129
19135
19135
19135
19147
19157
19178
19186
19200
19209
19228
19232
19234
19239
19253
19270
19291
19299
19299
19342
19351
19368
19382
19411
19458
19460
19471
19488
19503
19514
19533
19540
19542
19548
19555
19564
19581
19586
19592
19594
19603
19619
19629
19657
19666
19684
19692
19694
19699
19716
19722
19726
19728
19728
19749
19753
19755
19767
19774
19777
19781
19790
19791
19797
19808
19851
19853
19896
19904
19904
19914
19916
19924
20007
20019
20023
20030
20030
20042
20055
20086
20088
20102
20120
20135
20141
20144
20176
20198
20212
20226
20227
20236
20277
20278
20286
20288
20296
20304
20304
20335
20335
20337
20340
20364
20371
20379
20381
20386
20393
20418
20449
20472
20478
20508
20523
20528
20537
20551
20557
20584
20598
20613
20617
20618
20625
20633
20654
20663
20673
20682
20682
20684
20685
20694
20707
20723
20733
20735
20763
20772
20776
20785
20813
20819
20822
20827
20832
20840
20841
20843
20848
20859
20878
20885
20899
20919
20937
20937
20947
20951
20976
20979
20997
20997
21001
21002
21028
21054
21068
21073
21087
21090
21122
21127
21133
21148
21166
21174
21177
21206
21211
21243
21246
21250
21262
21274
21275
21277
21336
21351
21353
21369
21389
21405
21413
21426
21437
21438
21447
21456
21468
21471
21477
21477
21497
21507
21509
21517
21534
21554
21555
21558
21566
21567
21569
21595
21602
21607
21618
21621
21622
21630
21636
21638
21644
21651
21678
21683
21688
21690
21692
21719
21721
21747
21757
21778
21792
21819
21820
21833
21840
21845
21865
21868
21872
21876
21896
21915
21915
21936
21957
21962
21970
21986
22001
22013
22041
22042
22049
22077
22079
22103
22106
22169
22189
22193
22199
22222
22265
22266
22294
22335
22339
22360
22362
22384
22393
22409
22416
22428
22455
22459
22467
22479
22489
22497
22504
22508
22509
22520
22527
22528
22532
22551
22561
22565
22566
22574
22579
22608
22611
22622
22647
22681
22703
22717
22720
22728
22735
22745
22747
22765
22778
22780
22799
22809
22811
22826
22840
22858
22862
22867
22887
22892
22893
22899
22911
22912
22924
22936
22941
22943
22951
22957
22976
22977
22979
22980
23000
23004
23004
23023
23028
23037
23045
23049
23060
23062
23088
23093
23100
23117
23153
23183
23192
23204
23207
23238
23243
23244
23256
23264
23269
23271
23285
23304
23317
23336
23352
23362
23404
23406
23426
23449
23468
23472
23506
23513
23517
23517
23541
23552
23565
23578
23590
23601
23611
23633
23647
23650
23655
23666
23672
23697
23714
23747
23748
23748
23750
23763
23773
23774
23783
23801
23803
23806
23812
23817
23826
23843
23865
23870
23872
23873
23883
23891
23905
23953
23974
23985
24003
24005
24007
24007
24007
24014
24017
24035
24042
24064
24080
24083
24097
24121
24124
24129
24137
24138
24144
24148
24149
24165
24166
24188
24211
24216
24225
24233
24237
24243
24253
24256
24257
24274
24278
24285
24306
24313
24324
24329
24340
24346
24353
24353
24365
24366
24368
24375
24388
24395
24433
24438
24450
24454
24472
24486
24494
24510
24523
24531
24538
24555
24585
24601
24625
24629
24649
24650
24660
24664
24667
24682
24687
24713
24718
24724
24725
24728
24732
24733
24781
24789
24823
24835
24835
24839
24843
24849
24861
24872
24874
24897
24929
24944
24953
24961
24976
24977
24978
24993
24994
24998
25002
25009
25032
25035
25038
25039
25046
25047
25051
25075
25091
25099
25105
25107
25114
25124
25139
25143
25148
25159
25163
25164
25168
25177
25179
25179
25179
25185
25212
25243
25245
25252
25282
25289
25293
25294
25300
25305
25305
25318
25346
25347
25359
25364
25368
25394
25409
25412
25416
25423
25432
25453
25462
25482
25496
25508
25510
25541
25549
25562
25580
25581
25582
25585
25600
25603
25604
25618
25622
25629
25630
25647
25660
25680
25744
25748
25751
25760
25763
25766
25773
25788
25802
25813
25837
25840
25845
25855
25873
25878
25883
25899
25900
25905
25907
25911
25917
25926
25933
25942
25943
25969
25971
25982
25985
25988
25990
25995
26006
26013
26018
26029
26034
26056
26056
26067
26088
26091
26095
26102
26102
26108
26109
26112
26118
26140
26142
26144
26161
26166
26173
26193
26214
26217
26231
26239
26241
26244
26244
26245
26284
26307
26323
26324
26325
26328
26330
26339
26342
26342
26375
26379
26393
26444
26452
26475
26484
26491
26509
26546
26555
26560
26561
26562
26575
26585
26590
26590
26592
26612
26626
26628
26630
26649
26670
26675
26683
26689
26696
26715
26718
26720
26724
26735
26746
26747
26754
26765
26771
26773
26778
26783
26788
26796
26798
26804
26820
26846
26848
26851
26854
26857
26873
26880
26894
26925
26944
26971
26975
26976
26984
26992
27014
27022
27024
27101
27129
27136
27137
27139
27150
27176
27181
27194
27196
27199
27206
27210
27221
27232
27242
27247
27252
27271
27276
27282
27284
27304
27327
27330
27335
27339
27343
27344
27345
27346
27361
27369
27374
27382
27409
27424
27425
27454
27454
27457
27462
27464
27473
27476
27484
27494
27501
27506
27516
27524
27548
27551
27553
27553
27558
27583
27610
27619
27621
27621
27630
27638
27639
27641
27643
27643
27656
27673
27677
27690
27713
27719
27737
27748
27755
27779
27789
27798
27829
27837
27842
27843
27852
27857
27864
27866
27868
27877
27885
27899
27907
27928
27945
27955
27966
27977
27996
28011
28016
28022
28023
28040
28054
28072
28079
28095
28098
28107
28108
28115
28129
28129
28132
28133
28140
28159
28168
28174
28185
28197
28212
28237
28237
28247
28262
28281
28290
28319
28342
28351
28356
28357
28373
28380
28396
28397
28443
28446
28455
28459
28459
28476
28480
28488
28498
28501
28510
28524
28524
28531
28541
28601
28629
28631
28639
28652
28663
28665
28668
28710
28715
28717
28729
28736
28754
28755
28761
28773
28797
28798
28799
28816
28817
28831
28837
28850
28878
28893
28897
28899
28899
28930
28935
28936
28945
28966
28971
28974
28975
28981
28991
29006
29011
29013
29021
29021
29027
29034
29046
29054
29069
29070
29076
29111
29116
29117
29120
29121
29132
29134
29149
29153
29171
29176
29178
29186
29190
29195
29214
29237
29243
29246
29259
29274
29298
29299
29319
29320
29343
29359
29372
29388
29419
29424
29427
29445
29446
29460
29464
29469
29487
29496
29496
29497
29505
29512
29537
29540
29546
29581
29581
29595
29595
29596
29603
29605
29626
29648
29653
29670
29690
29693
29698
29698
29703
29703
29719
29735
29740
29743
29778
29780
29787
29789
29790
29802
29813
29826
29827
29830
29849
29864
29879
29887
29899
29906
29908
29932
29945
29974
29975
29976
29989
30001
30005
30024
30045
30047
30077
30078
30088
30104
30109
30114
30125
30135
30135
30137
30141
30142
30166
30169
30175
30218
30223
30232
30239
30246
30248
30255
30255
30266
30272
30290
30310
30348
30357
30369
30373
30377
30420
30423
30439
30446
30466
30512
30516
30521
30533
30534
30541
30548
30551
30553
30570
30571
30571
30611
30626
30641
30644
30656
30674
30681
30700
30703
30717
30728
30730
30733
30748
30761
30782
30789
30798
30817
30822
30850
30879
30882
30903
30903
30923
30927
30929
30930
30938
30957
30957
30986
31001
31021
31023
31030
31032
31032
31042
31055
31055
31062
31070
31096
31100
31102
31113
31131
31152
31160
31161
31166
31172
31190
31194
31194
31207
31212
31214
31222
31223
31230
31237
31256
31276
31296
31306
31308
31310
31310
31316
31323
31327
31332
31345
31357
31359
31362
31371
31380
31397
31402
31408
31483
31486
31486
31487
31496
31497
31500
31511
31514
31527
31530
31586
31587
31589
31590
31592
31603
31605
31611
31615
31617
31656
31671
31671
31678
31684
31689
31694
31695
31702
31709
31710
31717
31724
31735
31749
31749
31782
31783
31783
31792
31799
31808
31815
31821
31846
31871
31891
31892
31896
31896
31916
31917
31949
31950
31974
31976
31976
31985
31987
31991
31992
32051
32056
32065
32077
32094
32101
32122
32159
32164
32178
32179
32182
32186
32187
32191
32191
32197
32206
32209
32224
32225
32239
32246
32284
32287
32291
32297
32299
32344
32345
32348
32357
32381
32397
32437
32455
32478
32492
32497
32497
32506
32510
32541
32546
32548
32551
32552
32553
32554
32566
32568
32581
32612
32615
32618
32621
32635
32647
32707
32708
32711
32714
32732
32739
32744
32749
32752
32755
32758
32773
32777
32781
32796
32801
32802
32807
32818
32828
32836
32870
32871
32882
32888
32902
32907
32908
32910
32921
32948
32964
32988
33008
33030
33080
33083
33099
33099
33109
33143
33144
33150
33152
33191
33192
33193
33209
33211
33219
33221
33228
33250
33264
33273
33280
33282
33290
33291
33293
33294
33298
33304
33305
33327
33330
33348
33365
33368
33378
33379
33394
33398
33416
33418
33438
33453
33474
33501
33502
33580
33584
33597
33603
33604
33634
33639
33640
33646
33660
33662
33669
33688
33697
33698
33698
33712
33712
33714
33718
33720
33728
33738
33747
33752
33797
33812
33862
33868
33872
33881
33898
33917
33921
33931
33937
33944
33964
33966
33978
33982
33983
33987
33988
34003
34017
34037
34046
34079
34091
34106
34114
34128
34145
34148
34161
34173
34173
34183
34184
34186
34202
34208
34212
34227
34232
34235
34245
34246
34261
34265
34277
34284
34290
34291
34310
34319
34329
34343
34350
34356
34394
34397
34401
34430
34444
34446
34447
34465
34472
34476
34488
34495
34498
34510
34519
34521
34543
34549
34550
34566
34567
34570
34577
34582
34585
34601
34603
34616
34663
34683
34690
34693
34720
34725
34746
34754
34755
34768
34768
34776
34777
34779
34786
34796
34808
34840
34854
34856
34884
34888
34902
34903
34906
34911
34915
34917
34921
34922
34931
34941
34960
34963
34975
34977
35007
35008
35011
35022
35038
35043
35053
35057
35066
35086
35117
35144
35145
35163
35170
35194
35201
35204
35211
35215
35234
35235
35244
35246
35280
35288
35289
35316
35317
35325
35334
35346
35347
35348
35352
35371
35383
35388
35403
35409
35410
35415
35422
35443
35444
35456
35464
35488
35497
35498
35502
35522
35522
35528
35529
35558
35571
35588
35593
35600
35603
35608
35627
35656
35660
35669
35674
35682
35683
35702
35708
35722
35772
35775
35802
35803
35809
35813
35845
35871
35883
35885
35889
35890
35896
35897
35909
35910
35945
35946
35965
35970
35973
35974
35994
35997
36001
36016
36016
36017
36021
36026
36041
36050
36053
36069
36069
36073
36084
36095
36104
36122
36133
36136
36143
36157
36164
36165
36167
36173
36186
36190
36191
36213
36215
36215
36221
36226
36227
36227
36231
36249
36271
36271
36312
36314
36322
36340
36341
36344
36349
36350
36353
36355
36405
36413
36422
36422
36429
36430
36432
36438
36451
36486
36522
36525
36553
36578
36582
36613
36624
36634
36635
36637
36644
36648
36652
36653
36654
36654
36667
36685
36693
36694
36695
36701
36707
36721
36725
36738
36740
36752
36755
36756
36761
36768
36769
36789
36791
36792
36806
36819
36838
36846
36855
36863
36866
36885
36895
36903
36930
36947
36948
36952
36955
36964
36998
37029
37034
37035
37036
37042
37047
37051
37068
37071
37071
37116
37126
37131
37139
37145
37151
37189
37212
37220
37236
37245
37252
37274
37334
37337
37337
37340
37354
37371
37372
37378
37384
37394
37407
37417
37427
37431
37444
37449
37462
37474
37479
37484
37542
37553
37562
37564
37569
37571
37585
37600
37600
37622
37657
37662
37681
37688
37754
37764
37769
37769
37780
37781
37784
37787
37793
37825
37835
37837
37852
37853
37862
37890
37896
37905
37920
37921
37926
37928
37940
37944
37955
37956
37958
37960
37962
37963
37972
37974
38017
38018
38020
38058
38059
38075
38096
38097
38115
38117
38122
38126
38131
38150
38161
38163
38179
38179
38182
38203
38207
38215
38216
38222
38225
38243
38252
38252
38274
38308
38310
38360
38360
38386
38391
38398
38422
38430
38436
38466
38469
38472
38477
38482
38484
38487
38487
38488
38493
38494
38508
38513
38529
38549
38566
38582
38591
38596
38598
38601
38620
38630
38631
38632
38635
38641
38653
38656
38665
38665
38667
38669
38675
38676
38676
38680
38691
38695
38701
38715
38737
38741
38752
38807
38809
38812
38834
38842
38852
38856
38880
38904
38908
38933
38942
38964
38971
38980
38981
38991
38992
39008
39043
39044
39052
39062
39064
39066
39073
39073
39085
39098
39131
39170
39174
39185
39199
39205
39208
39227
39232
39242
39245
39257
39259
39275
39295
39296
39302
39303
39307
39310
39319
39325
39329
39342
39375
39379
39387
39397
39399
39420
39422
39423
39426
39429
39442
39446
39454
39455
39456
39459
39480
39491
39494
39518
39527
39542
39551
39554
39569
39584
39593
39595
39606
39613
39623
39628
39657
39680
39697
39711
39715
39716
39721
39728
39732
39737
39755
39757
39777
39781
39785
39796
39798
39798
39820
39829
39838
39843
39893
39902
39903
39911
39933
39940
39954
39963
39964
39967
39974
39979
39985
40000
40003
40031
40041
40045
40076
40085
40086
40100
40102
40112
40117
40129
40132
40134
40148
40152
40178
40191
40192
40205
40209
40228
40251
40252
40253
40291
40308
40309
40317
40323
40324
40336
40360
40372
40379
40388
40408
40431
40442
40450
40455
40476
40501
40504
40529
40535
40548
40555
40568
40585
40602
40611
40612
40622
40626
40630
40634
40638
40669
40682
40693
40699
40705
40711
40714
40742
40746
40749
40750
40763
40780
40792
40816
40827
40837
40845
40857
40871
40890
40894
40895
40901
40914
40978
40995
41023
41028
41033
41035
41055
41056
41056
41065
41066
41082
41097
41106
41113
41142
41156
41163
41170
41178
41182
41184
41196
41196
41212
41214
41216
41258
41260
41275
41276
41298
41319
41324
41328
41333
41363
41375
41383
41384
41399
41406
41418
41426
41448
41464
41468
41474
41479
41479
41479
41523
41532
41535
41551
41552
41556
41565
41576
41586
41599
41599
41610
41617
41632
41632
41633
41633
41655
41671
41685
41701
41702
41724
41724
41731
41731
41740
41784
41800
41806
41815
41822
41853
41858
41865
41870
41892
41901
41908
41927
41929
41954
41955
41963
41971
41976
41986
41988
41996
42000
42001
42071
42090
42093
42099
42124
42126
42129
42139
42140
42155
42158
42162
42166
42166
42175
42181
42190
42195
42204
42205
42207
42212
42217
42222
42226
42230
42272
42294
42317
42341
42342
42344
42352
42393
42403
42412
42415
42428
42451
42452
42455
42462
42467
42471
42473
42482
42490
42492
42533
42538
42539
42555
42566
42576
42579
42587
42588
42599
42603
42610
42610
42615
42634
42637
42668
42679
42684
42697
42700
42700
42724
42726
42740
42755
42760
42764
42765
42770
42772
42780
42786
42786
42829
42830
42842
42847
42848
42854
42858
42866
42866
42890
42898
42899
42915
42916
42919
42936
42942
42942
42963
42969
42972
43011
43031
43060
43077
43087
43108
43118
43122
43124
43164
43167
43186
43188
43208
43238
43256
43257
43291
43299
43317
43317
43323
43339
43346
43369
43375
43381
43384
43394
43402
43416
43426
43480
43484
43505
43542
43544
43560
43560
43581
43599
43636
43647
43663
43664
43671
43674
43689
43689
43719
43729
43734
43755
43762
43767
43782
43801
43808
43810
43821
43839
43844
43846
43853
43876
43878
43878
43882
43882
43883
43883
43886
43890
43915
43925
43940
43942
43959
43965
43971
43975
43983
44003
44011
44018
44048
44053
44054
44064
44069
44074
44074
44088
44090
44101
44106
44110
44129
44131
44143
44146
44160
44166
44168
44169
44170
44175
44176
44186
44189
44194
44199
44200
44213
44224
44229
44231
44248
44268
44275
44294
44310
44319
44322
44327
44330
44338
44364
44365
44368
44412
44422
44425
44439
44458
44470
44477
44481
44486
44494
44516
44531
44534
44535
44551
44552
44557
44575
44593
44621
44627
44644
44665
44675
44687
44697
44715
44746
44754
44756
44785
44794
44797
44809
44813
44819
44826
44829
44834
44841
44868
44869
44872
44876
44877
44906
44930
44931
44942
44947
44959
44979
44982
44994
45006
45015
45018
45019
45026
45102
45104
45104
45105
45137
45141
45143
45176
45194
45202
45205
45210
45226
45246
45263
45268
45281
45312
45340
45369
45408
45413
45413
45414
45427
45440
45455
45458
45458
45467
45469
45471
45495
45500
45523
45542
45652
45669
45687
45723
45735
45762
45764
45801
45802
45825
45855
45857
45865
45877
45897
45903
45904
45910
45916
45916
45933
45938
45946
45957
45961
45987
46000
46005
46026
46035
46040
46086
46100
46118
46134
46134
46153
46155
46158
46160
46161
46178
46218
46222
46228
46241
46249
46262
46267
46299
46311
46315
46324
46339
46352
46368
46369
46369
46375
46375
46396
46418
46423
46426
46438
46440
46443
46461
46464
46473
46474
46484
46490
46500
46505
46523
46542
46558
46576
46580
46604
46611
46621
46629
46651
46680
46731
46766
46785
46796
46823
46829
46838
46857
46864
46865
46883
46887
46906
46908
46919
46941
46950
46960
46986
46988
46990
47005
47011
47011
47020
47023
47029
47036
47048
47061
47063
47065
47066
47069
47070
47108
47139
47155
47158
47162
47165
47174
47192
47205
47221
47233
47260
47265
47268
47269
47271
47274
47287
47287
47297
47315
47319
47332
47353
47353
47356
47358
47386
47390
47397
47423
47425
47439
47449
47467
47495
47501
47506
47526
47528
47530
47534
47551
47566
47568
47579
47583
47589
47592
47598
47618
47635
47655
47662
47669
47686
47690
47703
47710
47714
47725
47725
47739
47759
47772
47775
47794
47794
47823
47828
47831
47855
47858
47912
47954
47996
48013
48048
48053
48062
48064
48068
48078
48086
48086
48110
48122
48126
48132
48154
48163
48169
48213
48218
48225
48226
48233
48251
48254
48266
48290
48302
48311
48313
48313
48328
48332
48333
48334
48334
48350
48361
48370
48376
48378
48386
48390
48391
48396
48403
48416
48420
48428
48440
48444
48453
48465
48472
48475
48476
48519
48530
48545
48549
48553
48556
48563
48571
48614
48630
48638
48646
48658
48666
48671
48671
48671
48678
48678
48680
48697
48720
48725
48726
48739
48741
48745
48765
48779
48786
48789
48789
48810
48821
48826
48832
48836
48837
48845
48851
48853
48866
48872
48873
48878
48880
48889
48902
48907
48909
48911
48919
48932
48946
48956
48969
48984
48996
49005
49044
49051
49054
49064
49081
49093
49094
49104
49112
49143
49170
49171
49181
49209
49220
49222
49229
49262
49277
49278
49282
49290
49305
49305
49329
49346
49347
49348
49350
49352
49357
49370
49372
49385
49397
49407
49407
49418
49432
49432
49434
49437
49442
49444
49449
49450
49457
49460
49470
49470
49477
49484
49484
49491
49494
49503
49504
49507
49511
49513
49538
49568
49592
49609
49619
49622
49622
49629
49631
49631
49640
49648
49650
49659
49661
49661
49674
49681
49683
49710
49728
49743
49745
49754
49763
49763
49788
49793
49794
49809
49822
49823
49825
49840
49845
49859
49861
49905
49905
49909
49909
49919
49926
49932
49936
49938
49942
49942
49947
49991
49991
49992
49994
50007
50026
50045
50045
50063
50090
50091
50125
50166
50172
50179
50185
50187
50205
50206
50218
50221
50230
50232
50234
50256
50277
50286
50300
50306
50335
50346
50376
50386
50393
50457
50458
50471
50473
50474
50488
50492
50506
50515
50525
50529
50533
50534
50538
50544
50547
50559
50580
50592
50599
50603
50611
50615
50638
50644
50657
50662
50695
50713
50717
50718
50761
50768
50778
50783
50786
50797
50814
50815
50844
50855
50868
50872
50880
50881
50882
50883
50897
50900
50915
50921
50924
50930
50944
50955
50958
50963
50969
50991
50992
50992
51006
51007
51014
51021
51021
51022
51029
51039
51043
51071
51079
51088
51090
51097
51105
51112
51114
51124
51125
51140
51142
51145
51148
51155
51166
51176
51181
51205
51226
51245
51257
51257
51273
51279
51281
51291
51294
51295
51340
51362
51375
51395
51416
51422
51430
51435
51438
51438
51440
51463
51520
51526
51531
51540
51560
51574
51597
51598
51606
51625
51632
51669
51687
51691
51695
51699
51711
51722
51729
51742
51747
51752
51753
51761
51764
51780
51781
51790
51799
51817
51832
51850
51856
51857
51871
51877
51878
51878
51883
51897
51925
51933
51941
51947
51976
51991
51997
51998
51999
52011
52019
52021
52030
52037
52049
52107
52130
52154
52157
52160
52162
52171
52179
52191
52194
52195
52202
52202
52209
52209
52224
52249
52252
52272
52281
52310
52313
52318
52332
52338
52345
52348
52378
52396
52397
52429
52439
52448
52449
52460
52464
52494
52504
52530
52530
52554
52615
52616
52617
52620
52620
52622
52629
52641
52680
52701
52703
52723
52726
52736
52740
52764
52773
52784
52802
52810
52819
52831
52844
52876
52892
52895
52902
52918
52920
52932
52936
52936
52951
52957
52960
52968
52969
52975
52985
53005
53017
53024
53027
53056
53069
53073
53075
53112
53112
53118
53134
53135
53140
53140
53159
53159
53162
53166
53170
53194
53195
53206
53210
53211
53213
53229
53231
53251
53268
53269
53273
53281
53295
53312
53328
53332
53363
53371
53385
53409
53414
53426
53437
53437
53441
53478
53480
53482
53487
53493
53506
53515
53517
53526
53541
53565
53578
53585
53600
53601
53602
53614
53616
53623
53639
53651
53654
53674
53680
53683
53714
53739
53740
53757
53762
53762
53787
53794
53799
53809
53812
53828
53833
53836
53843
53845
53852
53856
53883
53884
53884
53900
53948
53967
53968
53969
53976
53983
54003
54017
54032
54032
54039
54050
54050
54059
54085
54089
54097
54110
54123
54130
54134
54148
54152
54185
54186
54201
54217
54221
54222
54224
54239
54241
54278
54289
54300
54304
54305
54311
54315
54328
54329
54356
54359
54363
54364
54369
54375
54375
54378
54383
54389
54391
54404
54421
54423
54438
54445
54448
54455
54470
54475
54488
54513
54522
54525
54552
54559
54559
54565
54565
54569
54590
54592
54619
54628
54635
54659
54664
54669
54690
54690
54710
54714
54719
54730
54740
54755
54770
54773
54783
54790
54791
54811
54817
54825
54834
54836
54850
54852
54856
54868
54873
54873
54874
54907
54911
54915
54945
54953
54964
54966
54987
54989
55000
55038
55047
55050
55051
55055
55057
55073
55075
55079
55095
55095
55127
55131
55154
55158
55201
55201
55202
55222
55240
55261
55272
55280
55293
55298
55298
55306
55306
55316
55319
55321
55322
55340
55343
55364
55366
55377
55380
55380
55386
55386
55388
55396
55401
55432
55434
55434
55464
55470
55473
55486
55499
55508
55518
55524
55541
55551
55552
55563
55578
55589
55598
55622
55632
55654
55663
55665
55665
55671
55674
55674
55700
55702
55704
55713
55714
55717
55736
55757
55764
55789
55820
55822
55826
55841
55861
55876
55877
55877
55878
55913
55915
55917
55918
55925
55927
55936
55945
55967
55993
55995
56001
56028
56031
56052
56059
56080
56088
56088
56097
56098
56100
56104
56107
56116
56119
56121
56138
56150
56158
56159
56175
56192
56199
56205
56231
56242
56242
56245
56249
56326
56326
56328
56352
56362
56363
56363
56364
56390
56391
56395
56399
56417
56431
56455
56456
56458
56470
56477
56489
56492
56493
56514
56540
56542
56548
56549
56549
56555
56556
56558
56567
56585
56610
56618
56623
56629
56664
56686
56696
56697
56700
56706
56713
56714
56715
56752
56759
56776
56786
56789
56795
56797
56824
56824
56830
56843
56858
56872
56873
56874
56881
56905
56914
56914
56919
56934
56986
56991
57002
57009
57019
57020
57052
57068
57068
57086
57089
57096
57123
57130
57137
57144
57158
57180
57183
57184
57217
57231
57237
57281
57282
57297
57325
57338
57369
57370
57393
57411
57413
57459
57466
57503
57509
57540
57541
57542
57547
57568
57577
57586
57603
57607
57608
57613
57632
57633
57635
57638
57640
57641
57643
57660
57675
57680
57684
57686
57721
57752
57757
57760
57764
57773
57780
57788
57806
57818
57822
57832
57848
57852
57862
57864
57864
57871
57880
57894
57904
57919
57926
57935
57962
57973
57982
57983
57999
58022
58049
58057
58057
58066
58067
58068
58069
58077
58088
58088
58094
58098
58098
58101
58130
58146
58169
58241
58278
58285
58294
58297
58302
58319
58320
58320
58322
58326
58344
58346
58354
58359
58365
58369
58376
58382
58403
58414
58426
58435
58436
58437
58450
58460
58462
58463
58467
58472
58490
58494
58505
58524
58525
58528
58531
58542
58563
58605
58607
58610
58622
58623
58635
58647
58664
58713
58720
58724
58753
58758
58768
58776
58777
58817
58819
58828
58829
58846
58864
58865
58869
58895
58897
58910
58911
58917
58918
58919
58931
58967
58970
58991
58991
58999
59000
59005
59017
59022
59053
59058
59060
59064
59089
59099
59121
59182
59194
59195
59223
59227
59232
59238
59239
59241
59250
59273
59290
59299
59323
59324
59331
59342
59353
59357
59361
59398
59399
59413
59439
59452
59462
59468
59471
59472
59483
59497
59507
59526
59527
59529
59551
59552
59554
59555
59562
59579
59590
59618
59618
59621
59623
59633
59652
59664
59695
59717
59731
59744
59766
59776
59782
59783
59789
59799
59799
59807
59868
59876
59881
59882
59884
59896
59909
59909
59910
59917
59920
59921
59924
59925
59927
59948
59958
59960
59961
59961
59969
59974
59978
59983
59990
59994
59998
60008
60018
60032
60070
60071
60075
60087
60098
60102
60102
60107
60133
60142
60172
60191
60194
60208
60214
60227
60229
60229
60235
60236
60238
60239
60265
60275
60275
60279
60282
60291
60296
60336
60337
60343
60347
60357
60364
60373
60396
60403
60404
60415
60416
60429
60440
60453
60463
60466
60481
60491
60496
60497
60503
60517
60526
60538
60542
60543
60548
60551
60558
60560
60568
60575
60577
60611
60617
60626
60626
60636
60639
60639
60658
60658
60664
60672
60685
60700
60734
60751
60754
60755
60777
60780
60817
60826
60836
60838
60841
60841
60848
60873
60874
60912
60920
60942
60946
60953
60971
60986
60988
60999
61004
61013
61030
61043
61070
61086
61093
61094
61094
61098
61103
61108
61110
61113
61131
61135
61141
61151
61152
61155
61167
61176
61178
61186
61198
61225
61234
61257
61258
61293
61297
61329
61330
61339
61339
61342
61345
61363
61371
61380
61385
61421
61425
61434
61435
61436
61441
61443
61444
61470
61509
61518
61530
61544
61554
61556
61557
61607
61608
61610
61628
61635
61636
61641
61644
61656
61656
61658
61673
61678
61681
61692
61713
61717
61729
61740
61783
61785
61810
61811
61837
61841
61852
61862
61883
61912
61922
61929
61939
61942
61944
61971
61996
61996
62003
62009
62014
62024
62027
62056
62066
62075
62082
62097
62099
62116
62121
62128
62135
62147
62152
62169
62180
62186
62192
62238
62259
62266
62286
62301
62311
62323
62373
62381
62386
62391
62413
62420
62421
62426
62440
62448
62451
62461
62466
62501
62504
62504
62508
62536
62540
62547
62587
62600
62616
62617
62631
62637
62658
62673
62675
62680
62690
62753
62754
62759
62763
62770
62784
62799
62799
62812
62816
62843
62854
62860
62865
62867
62868
62886
62894
62902
62905
62916
62922
62940
62956
62966
62966
62968
62971
62976
62982
62989
62994
63008
63015
63017
63025
63029
63052
63074
63081
63084
63084
63089
63100
63102
63104
63107
63119
63120
63135
63141
63142
63153
63179
63181
63199
63205
63213
63214
63215
63235
63244
63272
63290
63293
63308
63309
63315
63324
63325
63330
63331
63343
63354
63362
63376
63380
63388
63392
63403
63409
63424
63461
63463
63482
63486
63493
63510
63516
63522
63527
63555
63566
63578
63603
63610
63612
63626
63628
63670
63698
63699
63701
63705
63710
63715
63727
63737
63752
63753
63766
63768
63774
63790
63805
63810
63814
63818
63827
63828
63837
63845
63845
63855
63859
63859
63867
63871
63880
63887
63892
63895
63908
63911
63912
63913
63931
63932
63935
63953
63955
63991
64020
64025
64048
64056
64057
64076
64085
64086
64097
64111
64113
64122
64133
64138
64149
64151
64162
64183
64194
64196
64207
64239
64240
64252
64254
64258
64262
64267
64287
64299
64336
64340
64350
64364
64364
64378
64393
64412
64416
64418
64431
64441
64462
64467
64488
64494
64495
64496
64496
64513
64515
64515
64531
64531
64539
64567
64568
64608
64636
64650
64656
64664
64665
64725
64726
64738
64744
64748
64754
64770
64800
64832
64843
64852
64863
64889
64891
64893
64911
64914
64931
64965
64972
64982
65042
65055
65055
65066
65067
65080
65081
65098
65099
65099
65105
65123
65126
65128
65129
65136
65168
65170
65196
65197
65202
65205
65213
65273
65281
65282
65295
65306
65311
65312
65318
65319
65329
65334
65344
65351
65364
65381
65385
65387
65387
65390
65449
65455
65467
65467
65469
65485
65490
65497
65503
65511
65530
65540
65560
65584
65596
65607
65625
65632
65641
65645
65683
65698
65700
65721
65766
65777
65793
65797
65807
65823
65832
65833
65843
65849
65867
65876
65878
65879
65886
65924
65928
65946
65957
65983
65990
65991
65998
66004
66007
66013
66014
66040
66047
66054
66060
66065
66087
66108
66108
66131
66151
66154
66163
66166
66188
66195
66197
66198
66209
66248
66250
66252
66260
66263
66274
66289
66316
66337
66348
66365
66384
66401
66404
66423
66438
66453
66461
66481
66487
66497
66550
66554
66608
66619
66623
66627
66636
66638
66645
66655
66655
66676
66677
66681
66686
66702
66704
66717
66718
66733
66753
66799
66801
66825
66860
66875
66892
66897
66922
66922
66945
66950
66951
66951
66996
67006
67013
67046
67047
67061
67069
67075
67075
67076
67082
67085
67090
67095
67104
67120
67122
67149
67154
67157
67160
67164
67184
67219
67220
67224
67227
67232
67237
67240
67257
67267
67269
67271
67281
67299
67307
67318
67323
67328
67341
67347
67363
67364
67380
67383
67387
67391
67401
67407
67435
67435
67438
67457
67485
67490
67507
67512
67520
67522
67535
67548
67583
67584
67605
67610
67620
67626
67630
67637
67643
67650
67664
67676
67682
67697
67730
67743
67745
67753
67758
67802
67820
67821
67837
67853
67856
67872
67875
67877
67888
67899
67904
67913
67921
67941
67968
67970
67978
67990
67992
67999
68005
68015
68066
68069
68075
68077
68080
68085
68095
68112
68134
68151
68158
68162
68168
68181
68187
68192
68204
68208
68217
68219
68225
68232
68243
68244
68244
68255
68289
68295
68378
68387
68393
68434
68439
68443
68456
68457
68460
68465
68471
68471
68479
68488
68533
68541
68560
68561
68567
68573
68579
68590
68607
68626
68666
68699
68722
68723
68731
68739
68745
68747
68748
68764
68774
68780
68810
68810
68818
68825
68825
68827
68827
68835
68844
68859
68868
68893
68899
68900
68901
68905
68906
68909
68919
68945
68957
68961
68965
68969
68973
68988
68992
69010
69012
69029
69030
69039
69042
69045
69051
69057
69074
69087
69101
69103
69113
69126
69127
69140
69163
69177
69189
69210
69233
69245
69262
69272
69285
69289
69319
69336
69351
69378
69406
69409
69416
69417
69420
69435
69482
69488
69520
69528
69545
69547
69551
69556
69561
69589
69591
69592
69608
69616
69677
69703
69708
69723
