7
9
13
39
47
61
69
77
84
86
94
99
116
128
143
156
181
197
207
211
223
223
251
253
254
262
278
283
299
304
305
320
341
366
368
374
387
394
407
407
416
420
432
435
444
453
455
455
457
463
464
465
471
471
474
481
487
493
499
516
518
520
532
543
552
567
573
580
585
609
614
620
626
636
646
647
647
668
696
723
733
740
742
783
795
805
810
819
825
835
851
852
867
885
889
896
900
905
907
908
910
912
929
946
955
962
966
1012
1041
1044
1046
1051
1056
1064
1066
1066
1083
1083
1125
1130
1130
1131
1137
1155
1167
1169
1188
1189
1203
1209
1211
1211
1235
1237
1238
1249
1274
1275
1297
1302
1318
1321
1321
1324
1327
1341
1350
1350
1358
1376
1408
1408
1425
1438
1453
1458
1464
1464
1470
1490
1496
1517
1526
1534
1539
1546
1546
1552
1557
1570
1570
1583
1592
1595
1612
1634
1646
1646
1659
1661
1688
1704
1715
1727
1752
1759
1776
1794
1796
1798
1808
1820
1830
1839
1839
1868
1889
1891
1893
1898
1902
1905
1933
1949
1955
1971
1996
1996
2006
2018
2037
2052
2054
2058
2080
2088
2092
2099
2100
2117
2119
2129
2131
2135
2163
2165
2170
2183
2198
2211
2216
2237
2240
2247
2253
2256
2277
2284
2286
2291
2304
2319
2327
2359
2396
2402
2409
2414
2421
2421
2425
2429
2435
2444
2445
2449
2475
2478
2483
2489
2491
2494
2508
2518
2524
2531
2536
2537
2551
2566
2573
2574
2575
2585
2586
2641
2646
2648
2649
2668
2679
2706
2707
2715
2732
2736
2739
2745
2756
2760
2762
2767
2769
2795
2802
2813
2817
2818
2823
2827
2847
2848
2850
2858
2883
2891
2891
2902
2910
2918
2927
2935
2951
2953
2969
2979
3019
3028
3047
3075
3080
3094
3094
3103
3105
3133
3142
3151
3158
3179
3192
3195
3230
3230
3248
3254
3255
3278
3284
3288
3306
3314
3314
3314
3337
3345
3357
3366
3393
3428
3433
3433
3443
3469
3470
3502
3526
3528
3537
3562
3563
3567
3567
3571
3575
3577
3582
3586
3589
3592
3594
3597
3646
3677
3690
3695
3698
3711
3750
3751
3770
3777
3786
3797
3802
3805
3805
3812
3823
3845
3853
3864
3865
3882
3901
3909
3912
3913
3924
3924
3924
3929
3936
3964
3979
3989
4004
4024
4031
4037
4052
4057
4059
4074
4088
4101
4116
4141
4157
4158
4175
4188
4193
4207
4215
4217
4222
4234
4236
4250
4251
4267
4281
4297
4308
4309
4315
4331
4352
4363
4370
4381
4408
4409
4412
4434
4452
4458
4471
4488
4508
4509
4519
4524
4532
4544
4554
4582
4583
4596
4598
4607
4616
4629
4643
4681
4709
4718
4718
4750
4750
4754
4755
4770
4776
4781
4788
4791
4815
4824
4836
4849
4854
4865
4870
4873
4877
4885
4891
4896
4896
4906
4918
4921
4925
4944
4946
4950
4951
4959
4960
4962
4963
4967
4968
4970
4971
4979
5009
5012
5023
5025
5044
5059
5091
5092
5092
5101
5108
5135
5150
5156
5179
5182
5196
5196
5222
5225
5259
5262
5271
5278
5282
5310
5318
5329
5331
5332
5349
5365
5369
5370
5371
5381
5381
5398
5434
5447
5470
5485
5496
5501
5503
5505
5519
5530
5535
5543
5552
5585
5588
5612
5615
5626
5633
5650
5653
5664
5672
5689
5690
5715
5716
5719
5737
5763
5775
5779
5784
5797
5800
5823
5843
5852
5854
5861
5873
5899
5904
5912
5924
5937
5947
5958
5958
5959
5980
5983
6004
6025
6040
6041
6050
6067
6076
6078
6085
6103
6107
6112
6128
6142
6164
6168
6171
6186
6206
6211
6213
6229
6234
6243
6245
6261
6267
6267
6272
6275
6294
6312
6313
6323
6323
6326
6326
6333
6340
6347
6354
6361
6362
6373
6386
6394
6401
6405
6412
6412
6421
6432
6432
6439
6443
6471
6475
6476
6479
6505
6510
6523
6545
6559
6570
6587
6601
6607
6622
6629
6641
6668
6671
6672
6682
6711
6712
6716
6725
6726
6745
6745
6749
6756
6761
6781
6786
6791
6801
6807
6817
6819
6833
6839
6842
6842
6847
6857
6861
6872
6885
6908
6913
6916
6917
6920
6937
6939
6950
6960
6964
6967
6979
6984
6985
6989
6998
7005
7010
7011
7042
7059
7096
7102
7102
7110
7110
7113
7114
7132
7133
7138
7149
7152
7154
7175
7218
7230
7232
7232
7244
7258
7272
7283
7300
7329
7330
7330
7342
7348
7350
7378
7387
7399
7399
7412
7415
7423
7429
7451
7463
7465
7467
7467
7479
7479
7494
7518
7535
7556
7559
7583
7591
7595
7598
7604
7609
7612
7621
7634
7636
7641
7667
7672
7673
7685
7709
7731
7747
7748
7751
7760
7768
7771
7773
7773
7786
7789
7797
7808
7817
7821
7835
7839
7845
7855
7868
7876
7900
7900
7903
7924
7960
7974
7984
7993
7997
8006
8015
8021
8029
8048
8058
8073
8076
8083
8099
8105
8127
8128
8146
8146
8149
8169
8175
8182
8192
8212
8213
8242
8244
8253
8254
8254
8258
8272
8272
8283
8291
8314
8321
8321
8322
8337
8347
8355
8361
8363
8386
8388
8398
8407
8411
8414
8420
8426
8426
8426
8428
8432
8442
8456
8459
8469
8470
8515
8523
8529
8549
8559
8562
8563
8574
8582
8587
8592
8595
8603
8604
8622
8629
8629
8652
8657
8659
8660
8668
8674
8688
8708
8724
8728
8732
8747
8779
8783
8804
8811
8812
8813
8818
8819
8820
8821
8825
8840
8857
8862
8864
8880
8884
8884
8886
8905
8916
8965
8983
8992
9003
9017
9017
9042
9045
9061
9065
9093
9113
9114
9115
9123
9138
9140
9156
9161
9162
9165
9183
9184
9185
9224
9225
9246
9257
9264
9279
9281
9309
9311
9324
9339
9369
9381
9382
9414
9423
9424
9428
9434
9450
9484
9500
9521
9522
9526
9527
9554
9555
9555
9557
9561
9565
9579
9584
9601
9627
9631
9634
9663
9669
9677
9679
9698
9712
9718
9722
9741
9749
9760
9762
9764
9764
9770
9771
9780
9787
9804
9838
9872
9896
9913
9923
9938
9939
9947
9952
9962
9986
9995
9997
10002
10007
10010
10016
10018
10021
10050
10069
10086
10086
10090
10093
10122
10126
10127
10147
10148
10149
10151
10162
10165
10173
10184
10207
10208
10216
10217
10217
10242
10242
10249
10251
10253
10273
10281
10288
10290
10301
10312
10317
10317
10322
10327
10330
10334
10335
10338
10353
10355
10381
10396
10459
10462
10480
10504
10506
10530
10533
10544
10578
10584
10589
10611
10631
10633
10635
10640
10677
10697
10722
10728
10731
10736
10774
10788
10816
10838
10843
10845
10850
10852
10854
10855
10881
10896
10916
10939
10950
10950
10957
10960
10966
10968
10969
10970
10970
10972
10983
10988
10998
11003
11004
11006
11014
11051
11066
11068
11070
11073
11077
11087
11095
11102
11110
11120
11126
11141
11147
11154
11176
11192
11208
11214
11244
11245
11247
11259
11273
11277
11277
11283
11284
11300
11302
11339
11339
11341
11344
11358
11359
11359
11368
11369
11379
11389
11397
11404
11406
11412
11414
11422
11426
11438
11439
11442
11471
11474
11478
11490
11493
11507
11508
11514
11520
11526
11539
11543
11547
11568
11572
11598
11608
11612
11619
11619
11635
11641
11662
11663
11664
11706
11708
11716
11716
11719
11723
11738
11766
11770
11787
11794
11798
11803
11810
11847
11849
11869
11873
11882
11891
11894
11897
11902
11904
11905
11911
11912
11914
11925
11930
11934
11940
11943
11945
11949
11951
11957
11966
11968
11994
11998
12000
12001
12015
12022
12032
12035
12040
12049
12056
12063
12074
12086
12094
12094
12108
12116
12119
12124
12124
12126
12154
12171
12172
12196
12211
12213
12217
12232
12233
12237
12242
12246
12249
12262
12263
12288
12305
12322
12345
12354
12355
12366
12372
12385
12399
12411
12414
12435
12447
12463
12464
12473
12479
12511
12539
12539
12542
12542
12544
12546
12555
12586
12591
12595
12606
12619
12625
12626
12629
12649
12687
12713
12715
12718
12732
12742
12764
12768
12769
12800
12829
12850
12855
12862
12877
12892
12903
12910
12917
12921
12926
12927
12932
12934
12935
12962
12963
12974
12978
12985
12995
13001
13003
13009
13015
13042
13053
13054
13056
13066
13082
13113
13155
13160
13180
13183
13196
13201
13233
13234
13246
13276
13285
13290
13295
13329
13335
13337
13349
13356
13361
13368
13401
13424
13440
13443
13454
13456
13463
13467
13478
13485
13492
13498
13500
13527
13535
13550
13560
13579
13594
13604
13614
13638
13681
13695
13699
13731
13734
13736
13738
13742
13748
13757
13761
13776
13781
13785
13786
13790
13800
13810
13818
13834
13836
13854
13857
13874
13878
13880
13881
13895
13899
13928
13967
13984
13985
14007
14008
14013
14023
14029
14034
14039
14046
14056
14057
14067
14070
14073
14080
14102
14105
14106
14117
14120
14127
14137
14137
14149
14166
14176
14208
14221
14223
14227
14232
14252
14258
14357
14376
14380
14382
14384
14387
14408
14431
14452
14458
14466
14470
14471
14480
14483
14485
14492
14495
14501
14515
14519
14522
14534
14540
14547
14551
14580
14602
14604
14607
14618
14627
14632
14633
14660
14663
14682
14683
14692
14706
14716
14716
14717
14741
14748
14761
14762
14762
14774
14778
14784
14785
14787
14807
14809
14810
14810
14821
14836
14854
14858
14860
14863
14872
14880
14912
14941
14976
14978
14995
15019
15028
15065
15077
15085
15099
15099
15117
15125
15130
15145
15151
15153
15157
15161
15164
15171
15171
15208
15210
15219
15224
15275
15280
15294
15295
15296
15300
15303
15324
15325
15354
15364
15365
15370
15372
15372
15385
15398
15426
15473
15476
15481
15495
15503
15513
15516
15519
15556
15562
15568
15586
15590
15603
15610
15611
15614
15615
15616
15633
15636
15661
15701
15721
15725
15734
15734
15745
15754
15755
15793
15801
15811
15816
15840
15841
15845
15851
15853
15854
15858
15867
15868
15869
15882
15898
15900
15914
15923
15925
15935
15942
15962
15975
15985
15987
15994
15997
16019
16021
16028
16042
16047
16055
16061
16105
16116
16118
16122
16138
16138
16141
16147
16156
16165
16178
16195
16205
16208
16232
16259
16272
16279
16304
16332
16404
16408
16411
16428
16431
16443
16461
16461
16464
16485
16486
16502
16502
16509
16528
16545
16547
16553
16557
16571
16573
16585
16594
16597
16601
16623
16629
16641
16642
16642
16664
16668
16691
16705
16711
16716
16720
16724
16735
16743
16800
16800
16807
16811
16814
16815
16835
16839
16846
16851
16875
16888
16913
16935
16936
16952
16956
16974
17000
17005
17037
17044
17044
17055
17062
17067
17068
17071
17076
17079
17080
17090
17102
17120
17127
17127
17129
17143
17168
17199
17212
17231
17252
17266
17298
17302
17308
17325
17326
17333
17340
17344
17345
17348
17349
17360
17367
17391
17395
17402
17411
17411
17419
17422
17425
17425
17429
17464
17483
17484
17508
17513
17531
17551
17568
17579
17581
17581
17586
17597
17608
17609
17626
17645
17688
17699
17706
17706
17706
17712
17739
17764
17776
17787
17813
17817
17822
17822
17833
17854
17856
17872
17879
17882
17902
17905
17921
17921
17925
17936
17936
17944
17960
17962
17963
17966
17971
17974
17978
17981
17982
17985
18001
18013
18034
18049
18051
18063
18069
18090
18093
18101
18107
18112
18115
18119
18124
18129
18130
18140
18141
18144
18145
18148
18149
18161
18163
18163
18166
18172
18174
18208
18213
18217
18243
18269
18310
18318
18329
18331
18337
18340
18346
18353
18388
18392
18393
18398
18401
18407
18408
18417
18423
18423
18428
18431
18454
18457
18472
18474
18479
18485
18485
18493
18497
18501
18503
18508
18528
18541
18544
18548
18571
18575
18578
18578
18581
18583
18588
18588
18598
18620
18622
18625
18640
18662
18666
18666
18672
18683
18686
18695
18696
18700
18730
18732
18744
18747
18763
18765
18769
18781
18782
18809
18810
18818
18818
18821
18829
18833
18846
18849
18852
18863
18868
18898
18906
18913
18934
18963
18967
19000
19016
19028
19030
19033
19037
19039
19045
19045
19061
19073
19077
19088
19138
19146
19167
19170
19173
19185
19189
19190
19194
19195
19202
19219
19229
19229
19237
19256
19260
19264
19269
19278
19298
19305
19320
19338
19343
19360
19367
19387
19390
19395
19396
19411
19433
19434
19441
19442
19453
19454
19480
19482
19482
19493
19497
19505
19506
19528
19538
19549
19561
19582
19629
19638
19650
19663
19674
19686
19722
19729
19737
19742
19744
19744
19758
19766
19779
19789
19792
19806
19815
19816
19820
19838
19848
19848
19864
19867
19876
19894
19904
19915
19918
19935
19946
19947
19954
19999
20000
20001
20008
20010
20028
20032
20039
20056
20072
20073
20076
20109
20118
20118
20123
20132
20152
20154
20198
20208
20223
20229
20232
20243
20249
20264
20275
20282
20288
20327
20328
20355
20358
20366
20377
20382
20396
20401
20409
20421
20445
20466
20469
20472
20473
20477
20478
20535
20535
20537
20556
20572
20573
20589
20591
20628
20628
20632
20633
20636
20643
20655
20665
20671
20676
20677
20678
20683
20683
20685
20688
20689
20692
20695
20696
20706
20708
20733
20736
20737
20740
20744
20749
20752
20792
20827
20829
20846
20847
20847
20856
20866
20886
20887
20889
20902
20910
20920
20926
20929
20935
20936
20941
20942
20952
20955
20968
20973
20987
20995
21018
21046
21060
21068
21068
21072
21074
21084
21092
21096
21106
21106
21109
21114
21123
21125
21140
21141
21150
21186
21188
21198
21199
21203
21213
21214
21221
21237
21238
21248
21249
21254
21258
21259
21259
21261
21269
21271
21289
21296
21297
21338
21357
21364
21366
21391
21396
21399
21400
21404
21407
21409
21411
21421
21423
21435
21435
21452
21459
21498
21498
21512
21513
21516
21521
21553
21562
21568
21594
21609
21627
21630
21646
21656
21672
21678
21685
21693
21700
21716
21719
21723
21731
21749
21756
21762
21785
21789
21793
21795
21799
21823
21838
21858
21877
21877
21891
21897
21915
21923
21938
21939
21943
21947
21948
21960
21960
21961
21969
21972
21973
21991
21998
22006
22021
22022
22026
22034
22047
22051
22061
22062
22077
22081
22091
22097
22097
22110
22141
22147
22163
22165
22177
22178
22178
22181
22182
22199
22213
22223
22225
22228
22240
22249
22259
22288
22303
22320
22341
22346
22349
22367
22386
22387
22400
22406
22407
22411
22415
22428
22433
22447
22454
22454
22456
22460
22462
22470
22472
22477
22478
22514
22523
22534
22546
22548
22552
22559
22564
22564
22569
22572
22574
22575
22585
22597
22601
22625
22631
22633
22634
22634
22657
22657
22663
22681
22692
22694
22716
22718
22725
22761
22761
22767
22773
22786
22806
22808
22816
22820
22836
22843
22851
22853
22866
22881
22897
22914
22921
22935
22941
22942
22949
22951
22951
22968
22977
22989
22992
22994
22995
23016
23022
23050
23051
23052
23074
23084
23091
23092
23100
23104
23104
23112
23133
23154
23169
23184
23191
23217
23225
23227
23233
23258
23264
23266
23270
23285
23292
23297
23298
23298
23309
23310
23324
23325
23369
23369
23428
23435
23441
23448
23450
23463
23476
23504
23520
23545
23558
23567
23589
23613
23619
23633
23639
23644
23649
23680
23684
23685
23723
23744
23751
23778
23784
23784
23804
23835
23861
23868
23892
23899
23904
23909
23944
23947
23962
23965
24011
24040
24047
24065
24069
24092
24094
24100
24143
24155
24163
24196
24206
24220
24246
24261
24263
24270
24273
24277
24288
24302
24312
24325
24350
24351
24410
24413
24422
24428
24457
24464
24466
24480
24491
24493
24511
24517
24518
24529
24530
24535
24545
24552
24553
24554
24554
24559
24564
24572
24574
24581
24601
24606
24614
24618
24623
24640
24648
24660
24660
24684
24685
24689
24702
24728
24743
24751
24753
24762
24765
24772
24779
24780
24791
24804
24819
24828
24846
24853
24863
24878
24880
24881
24891
24894
24905
24906
24907
24908
24914
24915
24930
24934
24963
24977
24983
24984
24999
25018
25026
25029
25034
25040
25042
25052
25064
25071
25073
25074
25115
25140
25143
25144
25145
25152
25159
25166
25169
25224
25233
25258
25268
25278
25283
25285
25285
25311
25315
25325
25334
25340
25350
25351
25365
25374
25413
25421
25426
25446
25446
25452
25462
25493
25501
25504
25523
25530
25538
25561
25563
25566
25570
25578
25585
25592
25639
25665
25674
25674
25678
25679
25690
25692
25709
25714
25727
25735
25735
25761
25770
25773
25778
25792
25801
25830
25836
25839
25853
25872
25874
25875
25899
25910
25913
25916
25977
25977
26010
26017
26033
26052
26071
26077
26078
26091
26095
26107
26125
26128
26144
26168
26179
26180
26182
26196
26212
26219
26242
26246
26261
26296
26309
26310
26326
26347
26362
26363
26367
26367
26370
26371
26382
26384
26404
26419
26423
26442
26448
26449
26453
26467
26468
26476
26485
26486
26499
26504
26513
26527
26533
26538
26553
26553
26567
26579
26582
26595
26606
26625
26644
26654
26654
26669
26690
26691
26698
26704
26716
26724
26728
26742
26761
26788
26802
26839
26844
26844
26870
26876
26886
26915
26925
26928
26935
26942
26955
26959
26966
26967
26972
26973
26979
26980
26993
27019
27044
27046
27059
27080
27092
27097
27108
27109
27112
27129
27131
27143
27176
27177
27180
27183
27184
27193
27195
27207
27216
27217
27217
27229
27244
27244
27247
27254
27262
27280
27284
27289
27330
27335
27335
27345
27369
27378
27387
27391
27393
27393
27404
27408
27411
27412
27413
27423
27423
27435
27440
27441
27460
27485
27492
27510
27511
27530
27557
27570
27619
27647
27654
27654
27660
27671
27703
27711
27711
27713
27722
27733
27739
27748
27755
27758
27796
27813
27823
27834
27839
27850
27855
27860
27863
27875
27902
27908
27914
27925
27938
27956
27957
27967
27982
28004
28005
28015
28016
28031
28035
28048
28050
28061
28076
28083
28090
28091
28098
28112
28116
28130
28131
28133
28137
28154
28167
28169
28186
28198
28209
28232
28236
28242
28252
28279
28286
28291
28301
28309
28312
28312
28317
28317
28324
28326
28328
28353
28372
28378
28388
28397
28403
28403
28403
28409
28422
28428
28452
28457
28465
28466
28486
28490
28505
28517
28530
28535
28547
28555
28575
28576
28584
28616
28618
28629
28638
28660
28675
28678
28714
28716
28719
28721
28725
28726
28734
28762
28764
28774
28774
28785
28790
28796
28804
28818
28840
28840
28840
28841
28842
28843
28849
28854
28860
28868
28876
28883
28892
28894
28903
28922
28925
28962
28962
28965
28967
28970
28986
28996
28999
29003
29005
29022
29041
29044
29052
29090
29091
29093
29094
29108
29109
29139
29140
29145
29146
29148
29159
29189
29198
29213
29229
29232
29251
29268
29281
29286
29314
29340
29341
29350
29365
29372
29385
29385
29401
29406
29413
29419
29430
29431
29434
29438
29446
29450
29457
29460
29464
29467
29479
29480
29486
29495
29495
29511
29519
29520
29540
29546
29550
29554
29565
29575
29587
29592
29595
29601
29606
29607
29608
29615
29620
29625
29639
29642
29652
29656
29664
29665
29675
29696
29697
29705
29707
29719
29755
29755
29760
29765
29791
29792
29806
29818
29819
29831
29832
29855
29859
29863
29876
29877
29883
29907
29910
29924
29928
29934
29943
29970
30003
30010
30017
30017
30024
30026
30037
30042
30051
30051
30076
30078
30084
30093
30110
30117
30124
30127
30144
30147
30152
30153
30154
30155
30158
30159
30163
30167
30168
30172
30223
30226
30232
30245
30266
30272
30274
30280
30296
30314
30330
30381
30417
30426
30437
30439
30463
30465
30467
30481
30483
30489
30490
30524
30534
30567
30578
30587
30594
30598
30616
30616
30629
30635
30639
30641
30645
30647
30657
30665
30677
30689
30691
30702
30707
30719
30728
30732
30742
30750
30752
30753
30768
30780
30790
30798
30818
30829
30830
30839
30895
30918
30931
30933
30934
30937
30947
30961
30970
30979
31004
31012
31016
31019
31036
31041
31045
31056
31058
31060
31070
31072
31080
31096
31097
31112
31114
31129
31133
31142
31148
31153
31163
31171
31195
31200
31203
31203
31207
31237
31250
31251
31276
31281
31283
31286
31348
31355
31357
31361
31362
31364
31369
31372
31374
31377
31410
31440
31469
31506
31507
31510
31518
31520
31526
31535
31546
31552
31558
31568
31576
31578
31588
31591
31601
31646
31651
31660
31665
31683
31685
31706
31713
31729
31735
31759
31765
31777
31787
31792
31792
31795
31802
31808
31818
31849
31875
31891
31922
31925
31927
31953
31954
31978
31992
32029
32036
32040
32051
32056
32068
32082
32084
32086
32088
32091
32102
32114
32128
32151
32153
32169
32180
32188
32198
32204
32212
32218
32222
32231
32233
32236
32254
32258
32260
32265
32271
32279
32280
32283
32306
32307
32307
32318
32320
32323
32330
32338
32338
32394
32394
32423
32434
32440
32443
32459
32466
32515
32518
32519
32570
32607
32616
32619
32643
32657
32682
32683
32703
32716
32720
32720
32759
32767
32773
32778
32781
32789
32789
32806
32827
32829
32830
32842
32846
32863
32865
32876
32878
32889
32891
32892
32898
32901
32921
32930
32953
32963
32966
32969
32977
32982
32984
32985
32993
33014
33030
33059
33071
33081
33137
33143
33148
33152
33163
33175
33185
33185
33200
33216
33224
33233
33239
33239
33240
33257
33258
33265
33267
33276
33278
33289
33299
33300
33303
33326
33330
33333
33359
33368
33369
33391
33403
33421
33452
33465
33481
33482
33485
33486
33486
33499
33506
33509
33542
33550
33557
33567
33587
33596
33599
33599
33599
33600
33602
33602
33613
33648
33648
33649
33652
33662
33674
33683
33696
33720
33721
33724
33749
33753
33753
33760
33766
33775
33800
33820
33824
33825
33826
33834
33866
33868
33875
33877
33877
33879
33885
33893
33914
33925
33926
33930
33932
33933
33938
33942
33946
33948
33949
33956
33959
33965
33968
33976
33978
33993
33995
34011
34014
34023
34034
34037
34052
34061
34070
34074
34085
34086
34087
34092
34094
34107
34116
34118
34123
34130
34131
34147
34156
34156
34182
34183
34187
34194
34200
34203
34203
34211
34213
34222
34223
34247
34258
34261
34262
34291
34294
34314
34318
34321
34321
34322
34325
34325
34327
34352
34353
34353
34368
34368
34369
34373
34383
34394
34399
34403
34407
34409
34412
34414
34415
34460
34463
34464
34474
34477
34493
34504
34507
34514
34522
34541
34555
34567
34587
34601
34602
34634
34644
34649
34658
34667
34672
34675
34684
34696
34719
34721
34724
34770
34777
34779
34786
34786
34787
34792
34792
34805
34810
34835
34867
34875
34878
34883
34894
34933
34934
34942
34942
34948
34950
34958
34960
34970
34977
34980
34994
34996
35013
35017
35020
35026
35027
35028
35031
35033
35059
35067
35068
35077
35085
35085
35111
35118
35129
35148
35178
35187
35194
35204
35211
35213
35215
35234
35240
35242
35243
35245
35253
35259
35291
35303
35313
35313
35331
35342
35372
35372
35390
35399
35405
35407
35416
35417
35437
35447
35449
35453
35458
35466
35468
35470
35478
35491
35497
35535
35553
35553
35566
35570
35597
35601
35622
35635
35639
35655
35663
35664
35666
35672
35672
35679
35683
35690
35692
35693
35694
35695
35710
35710
35712
35721
35726
35753
35762
35776
35793
35798
35799
35800
35808
35809
35811
35830
35841
35851
35851
35859
35862
35862
35866
35866
35867
35877
35878
35886
35888
35889
35912
35926
35931
35934
35951
35958
35959
35959
35965
35967
35982
35995
35998
36007
36026
36032
36060
36063
36105
36122
36129
36131
36138
36140
36146
36153
36158
36171
36198
36203
36207
36216
36221
36226
36262
36291
36306
36309
36311
36316
36322
36323
36323
36341
36342
36349
36355
36359
36374
36377
36380
36387
36389
36392
36400
36419
36426
36436
36458
36461
36479
36479
36482
36485
36486
36493
36496
36497
36507
36514
36518
36520
36523
36534
36535
36541
36551
36559
36564
36567
36579
36582
36600
36616
36629
36651
36661
36669
36672
36735
36750
36766
36770
36792
36792
36809
36827
36844
36847
36848
36853
36876
36878
36885
36888
36905
36906
36913
36921
36921
36931
36941
36947
36953
36956
36978
37000
37026
37035
37054
37064
37068
37071
37085
37088
37094
37154
37178
37195
37201
37205
37209
37212
37215
37221
37224
37248
37252
37253
37259
37279
37301
37305
37331
37332
37345
37365
37371
37372
37385
37401
37414
37417
37444
37449
37451
37475
37477
37486
37505
37506
37517
37518
37525
37529
37533
37538
37538
37550
37583
37601
37611
37616
37621
37656
37657
37663
37669
37683
37692
37697
37698
37699
37705
37759
37762
37766
37770
37772
37774
37785
37801
37818
37819
37822
37830
37872
37876
37881
37882
37888
37916
37926
37931
37943
37946
37960
37972
38003
38004
38005
38006
38041
38053
38054
38063
38075
38091
38160
38171
38182
38196
38200
38215
38219
38222
38224
38231
38247
38284
38311
38314
38318
38323
38341
38380
38385
38411
38434
38442
38456
38461
38461
38494
38498
38514
38524
38525
38547
38550
38551
38552
38555
38556
38587
38598
38603
38630
38671
38671
38680
38698
38701
38714
38729
38766
38779
38786
38786
38797
38800
38845
38845
38855
38856
38864
38895
38910
38918
38923
38940
38958
38961
38994
39013
39038
39044
39044
39051
39051
39064
39068
39071
39089
39096
39100
39104
39109
39116
39130
39143
39146
39149
39160
39171
39230
39249
39260
39269
39274
39309
39325
39327
39343
39353
39353
39365
39381
39381
39383
39387
39405
39412
39427
39427
39433
39451
39467
39468
39500
39500
39505
39517
39540
39544
39551
39557
39571
39573
39577
39585
39596
39597
39597
39598
39604
39606
39609
39613
39614
39625
39643
39644
39649
39651
39668
39694
39714
39734
39750
39757
39758
39762
39786
39789
39797
39801
39804
39806
39820
39834
39838
39841
39849
39851
39852
39870
39874
39880
39883
39893
39903
39916
39927
39929
39936
39940
39949
39957
39960
39967
39974
39993
39994
40000
40010
40012
40016
40029
40047
40053
40055
40059
40063
40082
40101
40110
40122
40124
40146
40164
40194
40196
40204
40214
40215
40248
40265
40270
40286
40288
40305
40309
40310
40311
40318
40320
40326
40327
40334
40335
40345
40349
40361
40364
40395
40407
40410
40428
40433
40438
40456
40466
40474
40477
40484
40497
40499
40504
40514
40522
40524
40535
40536
40562
40572
40586
40592
40596
40602
40608
40608
40625
40625
40645
40651
40656
40666
40695
40702
40702
40719
40723
40732
40737
40745
40764
40780
40780
40798
40801
40835
40839
40843
40844
40849
40859
40869
40871
40873
40874
40876
40889
40897
40907
40911
40911
40918
40919
40919
40939
40942
40949
40953
40955
40963
40980
41030
41030
41034
41045
41058
41061
41102
41137
41141
41147
41148
41155
41155
41157
41164
41181
41187
41205
41219
41221
41233
41260
41262
41264
41275
41281
41281
41329
41340
41341
41349
41354
41360
41379
41411
41431
41431
41440
41453
41460
41464
41474
41495
41505
41522
41542
41546
41555
41560
41560
41566
41586
41594
41600
41616
41619
41650
41677
41696
41699
41705
41718
41721
41725
41729
41740
41780
41783
41783
41841
41842
41857
41879
41886
41888
41898
41905
41909
41936
41937
41939
41939
41942
41946
41978
41992
42009
42021
42022
42029
42031
42034
42065
42083
42084
42101
42114
42118
42119
42131
42134
42137
42141
42159
42177
42187
42189
42193
42214
42233
42246
42296
42313
42330
42362
42370
42374
42378
42397
42406
42416
42431
42437
42447
42482
42496
42508
42525
42528
42530
42532
42533
42540
42542
42566
42567
42581
42589
42597
42608
42618
42619
42619
42642
42642
42657
42660
42660
42674
42688
42704
42736
42737
42745
42748
42757
42759
42759
42761
42765
42810
42821
42830
42841
42864
42884
42886
42889
42900
42918
42934
42946
42959
42960
42961
42966
42973
42980
42994
43016
43031
43033
43034
43045
43058
43062
43065
43071
43074
43095
43103
43104
43122
43133
43137
43139
43141
43143
43148
43159
43174
43181
43188
43199
43233
43237
43245
43249
43250
43265
43267
43300
43310
43325
43332
43339
43342
43351
43365
43372
43381
43390
43391
43407
43409
43409
43410
43414
43421
43421
43430
43432
43434
43441
43450
43465
43469
43478
43486
43490
43509
43513
43516
43522
43528
43543
43569
43572
43591
43593
43597
43608
43619
43627
43630
43640
43649
43649
43650
43667
43673
43676
43685
43689
43691
43710
43726
43732
43736
43746
43754
43783
43788
43792
43805
43811
43813
43836
43839
43846
43867
43874
43890
43902
43904
43906
43911
43925
43938
43945
43960
43962
43984
44029
44029
44035
44087
44089
44095
44101
44107
44123
44130
44136
44148
44166
44168
44183
44185
44189
44190
44191
44196
44207
44210
44227
44264
44271
44272
44285
44286
44287
44293
44297
44306
44328
44333
44339
44339
44339
44359
44403
44406
44417
44424
44433
44438
44449
44465
44466
44467
44484
44488
44491
44491
44510
44515
44539
44547
44548
44552
44561
44564
44564
44566
44573
44573
44579
44606
44622
44629
44635
44669
44676
44677
44703
44720
44723
44726
44728
44734
44763
44769
44792
44794
44799
44812
44813
44837
44856
44872
44880
44882
44904
44904
44915
44919
44934
44953
44958
44958
44962
44969
44969
44976
44978
45004
45005
45017
45057
45073
45080
45106
45110
45141
45149
45168
45199
45208
45212
45221
45223
45224
45226
45228
45234
45237
45240
45260
45264
45274
45282
45328
45333
45342
45361
45362
45363
45363
45377
45378
45390
45396
45441
45445
45446
45447
45453
45481
45482
45492
45493
45503
45507
45512
45512
45514
45517
45520
45522
45525
45545
45554
45555
45562
45563
45568
45575
45576
45579
45593
45604
45610
45620
45628
45631
45634
45637
45642
45667
45669
45673
45684
45691
45707
45713
45718
45725
45735
45783
45785
45793
45805
45815
45817
45825
45832
45834
45855
45858
45884
45886
45888
45893
45897
45900
45911
45912
45917
45917
45938
45947
45957
45967
45981
45999
45999
46003
46033
46034
46039
46059
46061
46068
46084
46086
46097
46103
46106
46115
46126
46128
46134
46147
46156
46165
46173
46182
46192
46196
46208
46235
46241
46242
46243
46246
46260
46268
46270
46278
46286
46286
46304
46307
46317
46354
46368
46374
46382
46387
46389
46394
46398
46399
46410
46412
46417
46421
46456
46483
46488
46499
46506
46511
46524
46529
46535
46540
46551
46559
46567
46590
46605
46606
46618
46628
46640
46642
46644
46666
46691
46693
46696
46698
46707
46739
46741
46741
46752
46787
46799
46803
46808
46812
46834
46846
46852
46859
46868
46874
46890
46905
46910
46921
46928
46930
46940
46941
46953
46963
46989
46999
47008
47008
47026
47031
47040
47048
47048
47062
47075
47087
47126
47149
47158
47160
47170
47172
47180
47193
47195
47196
47203
47211
47233
47234
47238
47247
47249
47269
47284
47289
47291
47300
47306
47317
47329
47332
47343
47349
47356
47377
47384
47385
47389
47415
47461
47486
47492
47498
47504
47511
47515
47535
47541
47547
47547
47548
47559
47568
47608
47628
47629
47660
47666
47675
47697
47701
47713
47723
47729
47733
47746
47749
47754
47789
47797
47818
47822
47838
47843
47852
47854
47862
47862
47869
47892
47895
47897
47906
47908
47908
47910
47929
47929
47938
47946
47948
47953
48000
48012
48013
48016
48024
48036
48039
48041
48042
48052
48082
48088
48112
48117
48123
48128
48136
48140
48146
48147
48151
48154
48165
48171
48184
48201
48205
48213
48218
48233
48242
48243
48253
48261
48271
48283
48290
48299
48301
48330
48340
48343
48356
48361
48366
48372
48378
48408
48431
48436
48441
48472
48481
48486
48490
48491
48497
48498
48535
48541
48541
48546
48549
48568
48582
48585
48586
48600
48645
48684
48690
48691
48694
48706
48729
48731
48732
48765
48774
48786
48790
48801
48811
48811
48815
48820
48827
48860
48862
48869
48877
48881
48883
48883
48884
48885
48889
48906
48909
48909
48914
48917
48918
48920
48931
48944
48955
48961
48964
48969
48981
48991
48995
49004
49010
49013
49032
49036
49051
49063
49068
49069
49091
49092
49100
49103
49127
49131
49135
49190
49201
49219
49223
49230
49239
49266
49275
49278
49281
49290
49295
49299
49303
49323
49338
49339
49347
49357
49361
49361
49367
49372
49375
49382
49394
49405
49413
49425
49428
49448
49461
49474
49475
49480
49492
49527
49534
49542
49552
49558
49566
49569
49578
49580
49582
49584
49607
49615
49646
49647
49648
49665
49682
49704
49704
49705
49706
49707
49711
49714
49716
49717
49717
49724
49741
49772
49772
49776
49777
49786
49788
49798
49802
49823
49837
49842
49845
49847
49858
49859
49863
49867
49874
49926
49933
49934
49938
49941
49946
49948
49953
49966
49986
49987
50002
50003
50005
50010
50014
50015
50017
50027
50029
50031
50039
50050
50066
50111
50115
50128
50174
50178
50196
50198
50208
50208
50210
50236
50241
50244
50250
50259
50267
50307
50319
50332
50373
50374
50386
50397
50419
50434
50457
50463
50478
50523
50542
50552
50562
50566
50569
50570
50573
50576
50581
50587
50587
50603
50607
50616
50624
50625
50627
50642
50645
50652
50665
50665
50666
50671
50681
50695
50702
50709
50720
50722
50723
50738
50747
50778
50785
50805
50822
50823
50823
50826
50843
50850
50853
50856
50873
50876
50876
50885
50907
50910
50911
50917
50945
50957
50968
50977
50978
50985
50988
50990
50999
51016
51022
51034
51040
51044
51057
51059
51069
51109
51110
51134
51156
51166
51175
51196
51200
51201
51210
51227
51236
51282
51293
51321
51323
51339
51341
51344
51348
51357
51362
51381
51394
51398
51425
51426
51429
51436
51445
51449
51449
51452
51452
51457
51473
51493
51495
51506
51509
51515
51521
51538
51542
51552
51555
51556
51562
51576
51580
51594
51600
51629
51640
51641
51643
51649
51650
51688
51694
51699
51713
51716
51717
51746
51749
51749
51753
51762
51766
51783
51783
51785
51794
51812
51815
51818
51820
51851
51852
51855
51860
51865
51873
51890
51890
51904
51928
51944
51944
51955
51956
51973
51977
51980
51991
51996
52009
52013
52026
52070
52073
52079
52080
52084
52100
52123
52133
52145
52158
52158
52164
52179
52190
52196
52223
52226
52265
52282
52290
52295
52297
52300
52300
52309
52327
52367
52381
52389
52403
52409
52410
52414
52415
52453
52458
52469
52503
52520
52537
52543
52551
52554
52560
52567
52568
52594
52611
52617
52619
52631
52631
52637
52640
52649
52662
52678
52692
52706
52708
52711
52711
52714
52714
52721
52729
52732
52745
52755
52764
52791
52796
52796
52798
52800
52808
52826
52829
52851
52857
52884
52888
52900
52913
52941
52958
52967
52971
52971
52972
52977
52979
52985
53016
53019
53031
53038
53043
53049
53053
53056
53056
53059
53061
53067
53072
53075
53081
53082
53084
53097
53100
53111
53118
53135
53136
53137
53161
53161
53165
53166
53168
53172
53177
53182
53207
53213
53224
53229
53239
53249
53257
53262
53274
53287
53288
53325
53344
53344
53348
53349
53356
53369
53376
53383
53392
53409
53414
53428
53439
53445
53466
53473
53482
53497
53500
53500
53504
53512
53529
53530
53531
53531
53533
53538
53551
53561
53567
53567
53580
53591
53612
53634
53640
53640
53644
53645
53648
53652
53668
53669
53670
53672
53685
53685
53693
53697
53700
53724
53724
53725
53731
53749
53750
53756
53757
53770
53780
53783
53786
53790
53790
53801
53806
53826
53827
53833
53848
53855
53858
53862
53875
53881
53889
53895
53918
53927
53941
53948
53950
53955
53984
53993
54009
54010
54013
54027
54032
54034
54049
54064
54082
54084
54084
54085
54085
54093
54094
54100
54103
54106
54111
54150
54153
54159
54164
54167
54169
54174
54197
54197
54201
54212
54223
54245
54251
54255
54266
54267
54276
54289
54292
54293
54299
54307
54332
54332
54333
54334
54338
54342
54346
54351
54355
54357
54358
54361
54373
54374
54379
54393
54394
54406
54418
54420
54422
54431
54439
54452
54465
54470
54484
54491
54492
54505
54506
54512
54514
54527
54533
54551
54552
54565
54571
54585
54600
54600
54620
54628
54636
54645
54651
54651
54661
54662
54692
54708
54722
54726
54733
54733
54733
54740
54744
54755
54761
54765
54768
54773
54792
54795
54816
54820
54826
54826
54832
54834
54849
54849
54856
54864
54873
54876
54877
54884
54885
54891
54896
54898
54901
54907
54915
54930
54959
54961
54964
54967
54983
54986
54993
54994
55001
55028
55038
55054
55069
55081
55091
55098
55109
55114
55124
55128
55128
55135
55137
55153
55164
55168
55168
55180
55181
55186
55191
55198
55204
55204
55229
55244
55250
55261
55265
55307
55308
55332
55356
55358
55370
55373
55413
55425
55426
55430
55456
55461
55462
55472
55476
55504
55511
55520
55525
55527
55531
55542
55545
55547
55560
55568
55570
55588
55597
55602
55603
55613
55614
55615
55615
55619
55635
55647
55656
55668
55700
55704
55711
55719
55724
55732
55733
55738
55741
55756
55762
55779
55784
55789
55800
55805
55814
55830
55858
55863
55882
55888
55900
55906
55912
55919
55923
55946
55947
55949
55951
55952
55957
55968
55979
55982
55987
56011
56016
56019
56060
56067
56070
56076
56079
56087
56097
56099
56110
56114
56126
56139
56151
56161
56161
56167
56170
56174
56183
56185
56192
56204
56205
56214
56222
56227
56230
56270
56298
56302
56303
56315
56322
56324
56324
56327
56333
56336
56345
56349
56352
56355
56365
56391
56403
56406
56408
56409
56433
56436
56445
56452
56463
56487
56529
56530
56551
56567
56569
56571
56572
56573
56580
56582
56595
56602
56610
56613
56632
56639
56651
56687
56699
56710
56712
56716
56738
56743
56745
56746
56760
56764
56765
56789
56793
56794
56808
56814
56814
56831
56832
56837
56839
56849
56859
56863
56865
56867
56870
56880
56888
56898
56903
56945
56950
56960
57012
57021
57040
57041
57067
57081
57104
57107
57148
57169
57178
57185
57202
57202
57203
57211
57219
57221
57237
57238
57279
57293
57304
57307
57311
57348
57349
57350
57365
57378
57390
57411
57412
57417
57421
57434
57442
57444
57452
57470
57481
57486
57487
57491
57509
57531
57551
57571
57573
57577
57584
57619
57634
57647
57653
57654
57672
57676
57692
57715
57717
57721
57721
57736
57782
57788
57793
57829
57831
57834
57840
57849
57854
57858
57861
57880
57894
57895
57897
57900
57914
57914
57921
57926
57943
57945
57956
58008
58011
58045
58052
58061
58065
58069
58082
58098
58108
58111
58116
58117
58127
58142
58145
58180
58192
58194
58206
58213
58220
58227
58250
58282
58295
58295
58302
58307
58323
58343
58353
58364
58374
58377
58382
58398
58405
58424
58425
58428
58439
58446
58452
58457
58458
58469
58473
58488
58503
58507
58514
58527
58534
58536
58542
58550
58572
58596
58600
58603
58606
58608
58614
58615
58623
58624
58631
58633
58637
58645
58655
58658
58681
58694
58708
58743
58756
58760
58763
58769
58769
58773
58773
58775
58782
58791
58795
58800
58809
58826
58830
58845
58867
58867
58869
58886
58903
58906
58911
58918
58918
58919
58950
58955
58965
59002
59011
59022
59030
59039
59053
59080
59107
59116
59123
59126
59144
59145
59150
59161
59173
59183
59189
59190
59198
59209
59214
59218
59228
59232
59252
59264
59271
59271
59281
59288
59296
59313
59333
59335
59336
59337
59347
59355
59356
59363
59369
59374
59392
59395
59399
59400
59400
59403
59426
59434
59435
59435
59448
59450
59459
59460
59462
59464
59474
59478
59480
59481
59484
59495
59510
59518
59519
59524
59527
59541
59563
59567
59576
59606
59617
59635
59647
59678
59678
59682
59687
59688
59712
59728
59729
59735
59738
59740
59772
59776
59778
59780
59784
59791
59799
59827
59829
59845
59861
59881
59884
59890
59908
59912
59912
59916
59919
59919
59936
59937
59953
59962
59967
59968
59972
59976
59986
59987
59989
59991
59995
59996
59997
60010
60027
60060
60065
60078
60084
60091
60108
60127
60145
60174
60175
60192
60194
60195
60206
60212
60214
60218
60219
60244
60255
60259
60262
60291
60315
60320
60326
60344
60362
60362
60369
60372
60395
60399
60430
60433
60436
60436
60439
60455
60461
60462
60473
60486
60486
60493
60496
60500
60516
60529
60535
60537
60543
60549
60556
60572
60578
60579
60598
60605
60615
60618
60621
60626
60627
60646
60661
60672
60674
60688
60691
60699
60707
60748
60751
60801
60804
60804
60811
60822
60847
60848
60848
60884
60885
60903
60906
60908
60924
60924
60936
60958
60968
60977
60995
61012
61018
61038
61043
61055
61072
61078
61096
61109
61109
61148
61148
61150
61155
61160
61163
61173
61217
61226
61232
61250
61255
61261
61263
61275
61286
61292
61297
61320
61322
61324
61330
61347
61348
61363
61365
61369
61369
61373
61386
61392
61394
61413
61424
61427
61427
61433
61441
61463
61463
61470
61498
61515
61515
61518
61521
61540
61543
61548
61553
61554
61573
61593
61598
61598
61605
61607
61609
61613
61621
61626
61639
61653
61665
61684
61695
61704
61714
61729
61735
61758
61792
61795
61807
61812
61816
61831
61839
61856
61860
61876
61878
61884
61894
61904
61909
61910
61915
61938
61939
61940
61953
61961
61963
62001
62004
62029
62042
62049
62055
62064
62085
62095
62104
62112
62118
62143
62158
62166
62178
62193
62205
62237
62237
62238
62246
62248
62248
62287
62290
62300
62301
62304
62312
62320
62328
62339
62341
62380
62392
62395
62397
62421
62428
62450
62467
62468
62478
62492
62497
62521
62530
62535
62539
62542
62550
62560
62582
62589
62591
62620
62622
62631
62633
62637
62638
62639
62649
62670
62674
62676
62685
62688
62698
62700
62735
62746
62768
62771
62784
62794
62798
62809
62827
62834
62842
62854
62885
62898
62919
62926
62935
62943
62953
62959
62968
62981
62984
63010
63018
63018
63019
63025
63038
63044
63047
63056
63060
63079
63087
63096
63105
63108
63118
63123
63126
63153
63155
63157
63157
63159
63162
63166
63176
63182
63190
63191
63195
63196
63198
63198
63208
63249
63262
63277
63284
63297
63313
63318
63349
63365
63365
63369
63389
63409
63413
63415
63420
63441
63451
63453
63466
63468
63484
63488
63495
63507
63517
63518
63520
63546
63566
63575
63578
63581
63582
63584
63586
63587
63589
63594
63595
63595
63596
63597
63601
63615
63620
63646
63660
63666
63666
63686
63707
63718
63758
63784
63790
63798
63825
63844
63874
63882
63887
63897
63897
63905
63907
63907
63930
63931
63959
63964
63978
63978
64042
64042
64061
64104
64116
64133
64149
64152
64167
64168
64172
64186
64193
64195
64205
64206
64217
64223
64224
64227
64228
64229
64236
64262
64262
64264
64266
64280
64302
64303
64306
64312
64333
64335
64337
64340
64352
64372
64375
64380
64382
64382
64383
64384
64384
64395
64397
64410
64410
64431
64441
64460
64461
64469
64469
64470
64488
64492
64492
64499
64506
64511
64513
64521
64525
64525
64525
64547
64555
64563
64576
64578
64589
64607
64620
64627
64636
64646
64653
64664
64666
64670
64670
64675
64676
64690
64702
64727
64743
64756
64759
64762
64762
64765
64797
64813
64813
64835
64837
64838
64839
64849
64872
64873
64876
64889
64908
64917
64935
64942
64967
64987
64989
64990
64993
65022
65030
65033
65037
65042
65087
65093
65094
65108
65121
65136
65139
65143
65149
65162
65168
65170
65183
65197
65198
65210
65212
65214
65215
65222
65223
65231
65232
65246
65261
65262
65273
65282
65283
65287
65305
65308
65311
65312
65334
65335
65337
65350
65354
65363
65373
65406
65409
65413
65421
65422
65436
65438
65470
65490
65497
65541
65541
65542
65548
65558
65584
65589
65602
65619
65629
65643
65655
65661
65675
65675
65702
65705
65723
65733
65733
65737
65737
65739
65745
65770
65780
65791
65797
65807
65809
65839
65842
65852
65859
65890
65910
65913
65922
65932
65946
65965
65973
65977
65987
65989
65989
65991
65991
66003
66005
66015
66020
66049
66050
66051
66071
66094
66101
66118
66121
66124
66127
66133
66150
66168
66180
66190
66191
66193
66229
66231
66239
66247
66255
66264
66268
66275
66278
66283
66287
66288
66303
66310
66329
66346
66348
66349
66356
66423
66425
66429
66446
66447
66461
66465
66474
66478
66480
66520
66528
66533
66547
66548
66549
66560
66561
66572
66577
66580
66592
66609
66612
66613
66620
66620
66622
66635
66641
66641
66642
66663
66668
66670
66671
66675
66696
66698
66711
66719
66727
66730
66740
66749
66753
66753
66766
66786
66788
66794
66799
66820
66835
66838
66842
66843
66844
66858
66866
66871
66884
66901
66930
66931
66945
66949
66956
66961
66978
66985
66990
67000
67032
67071
67073
67078
67081
67100
67105
67113
67118
67121
67126
67149
67187
67196
67196
67203
67206
67212
67212
67214
67217
67222
67238
67310
67324
67332
67334
67336
67341
67351
67352
67362
67368
67372
67373
67386
67398
67403
67409
67410
67421
67425
67426
67434
67435
67443
67453
67456
67462
67463
67494
67513
67553
67559
67572
67598
67605
67608
67625
67628
67636
67637
67647
67668
67674
67689
67699
67716
67718
67723
67738
67741
67753
67759
67769
67794
67800
67816
67820
67826
67826
67830
67841
67843
67867
67873
67879
67881
67894
67901
67953
67959
67964
67972
67974
67985
67986
67998
68010
68013
68015
68025
68042
68049
68072
68086
68090
68092
68103
68108
68131
68138
68139
68152
68152
68153
68155
68165
68168
68175
68179
68188
68201
68213
68262
68276
68279
68283
68290
68294
68305
68308
68310
68315
68329
68337
68339
68343
68345
68348
68349
68352
68363
68368
68369
68377
68378
68413
68423
68424
68441
68445
68446
68466
68468
68474
68488
68502
68517
68530
68533
68536
68539
68564
68569
68586
68603
68644
68661
68678
68690
68719
68728
68733
68735
68735
68741
68741
68774
68776
68781
68787
68810
68825
68833
68841
68844
68862
68872
68874
68875
68892
68900
68900
68901
68916
68947
68975
68987
69003
69006
69021
69022
69027
69031
69054
69054
69056
69067
69070
69086
69093
69094
69096
69103
69114
69116
69133
69145
69148
69160
69161
69170
69170
69179
69182
69188
69196
69216
69227
69229
69233
69235
69252
69282
69297
69300
69313
69317
69324
69351
69370
69372
69375
69382
69406
69411
69416
69418
69419
69428
69428
69440
69445
69456
69486
69498
69512
69520
69528
69540
69556
69557
69557
69568
69573
69592
69603
69607
69637
69655
69682
69696
69731
69739
