65
72
174
308
350
410
540
571
588
700
1472
1514
1793
1868
1886
1932
1983
2050
2200
2358
2461
2582
2598
2775
2854
3392
3404
3465
3538
4004
4077
4208
4214
4277
4643
4760
4893
4976
5091
5103
5222
5329
5376
5387
5468
5511
5517
5628
5680
5696
5718
5820
5859
5935
5967
6096
6280
6396
6409
6549
6644
6940
6995
7107
7234
7241
7333
7545
7651
7711
7906
8269
8307
8323
8540
8795
8857
8902
9044
9062
9107
9128
9219
9351
9642
9863
9937
10107
10345
10595
10695
10701
11163
11272
11371
11378
11612
11656
11820
11966
11971
12102
12173
12264
12352
12407
12599
12662
12719
12802
13051
13061
13133
13184
13664
13914
13978
14027
14418
14432
14537
14692
14742
14919
14949
15141
15154
15370
15815
15857
15881
15974
16093
16173
16198
16280
16493
16571
16647
16711
16740
16762
16864
16882
17244
17264
17285
17309
17568
17813
17838
17905
18041
18101
18104
18151
18157
18177
18267
18325
18357
18650
18887
19054
19105
19207
19246
19304
19397
19400
19690
19743
19838
20022
20038
20162
20317
20531
20695
20919
21121
21329
21766
21995
22076
22273
22288
22301
22443
22583
22642
23005
23032
23413
23482
23642
23650
23675
23793
23793
24073
24165
24303
24308
24449
24589
24828
25162
25322
25439
25527
25570
25648
25792
25935
26013
26170
26196
26291
26329
26440
26453
26615
26874
27375
27437
27492
27537
27687
27897
27933
28047
28191
28433
28470
28581
28649
28653
28662
28911
29025
29054
29180
29210
29287
29287
29300
29425
29590
29912
30182
30298
30566
30623
30677
30741
30903
30935
31123
31284
31346
31506
31535
31647
31667
31694
31851
31856
31943
32050
32098
32354
32446
32483
32590
32689
32847
32985
33277
33468
33505
33574
33576
33651
33682
33759
33950
34237
34391
34442
34458
34527
34568
34799
35128
35131
35158
35161
35212
35494
35661
35693
35907
35961
35971
36023
36329
36423
36495
36536
36647
36674
36744
36814
36862
37014
37034
37138
37211
37302
37399
38112
38524
38542
38725
38751
38902
39126
39221
39483
39726
39742
40032
40084
40120
40140
40215
40577
40639
40798
41101
41218
41351
41382
41883
41949
42092
42107
42192
42329
42375
42417
42895
43299
43311
43385
43415
43428
43776
43786
43887
44087
44299
44318
44561
44847
44931
45016
45030
45059
45337
45503
45559
45582
45600
45634
45686
45784
45826
45847
45882
46102
46216
46258
46381
46496
46566
46636
46822
46949
46987
47153
47555
47640
47713
47876
47999
48002
48080
48113
48287
48340
48607
48649
49244
49537
49645
49720
49722
49785
49850
49863
49885
49976
50225
50479
50684
51112
51256
51298
51305
51518
51547
52477
52788
52828
52922
52982
53024
53101
53166
53217
53270
53396
53406
53642
54036
54208
54269
54358
54517
54521
54680
54736
54891
54977
54989
55025
55142
55192
55196
55282
55604
55720
55794
55809
55911
56084
56190
56236
56331
56529
56541
56615
56656
56689
56915
57102
57165
57183
57244
57461
57602
57613
57846
57851
58053
58067
58071
58163
58566
58770
58772
59116
59161
59173
59234
59247
59336
59480
59523
59528
59554
59659
60023
60226
60309
60366
60681
61081
61118
61294
61311
61463
61587
61687
61812
62221
62374
62666
62672
62730
62740
62854
62950
63199
63320
63386
63392
63468
63545
63671
63745
63865
63876
63895
64029
64073
64247
64319
64379
64403
64505
64541
64626
64632
64690
64695
64728
64996
65560
65908
65992
66022
66082
66163
66305
66396
66527
66792
66838
66879
66967
66993
67529
67681
67696
67813
67873
68128
68261
68406
68469
68476
68589
68691
68840
69127
69246
69255
69404
69732
