9
72
85
100
125
209
218
250
253
411
415
438
447
458
471
477
512
515
528
573
594
633
675
696
733
753
779
809
824
855
935
936
947
961
991
1004
1057
1073
1094
1104
1129
1134
1145
1147
1193
1207
1237
1288
1292
1311
1343
1395
1396
1460
1464
1483
1490
1490
1520
1524
1526
1534
1539
1544
1546
1556
1566
1583
1597
1623
1642
1653
1709
1723
1759
1785
1819
1843
1862
1937
1947
1983
2004
2006
2014
2036
2083
2085
2174
2223
2225
2278
2297
2324
2347
2365
2397
2405
2473
2481
2501
2525
2528
2537
2550
2588
2656
2683
2737
2752
2762
2785
2793
2811
2839
2907
2959
2981
3009
3019
3057
3109
3145
3174
3198
3201
3219
3229
3235
3319
3327
3338
3406
3422
3474
3506
3553
3558
3567
3573
3617
3652
3663
3678
3805
3810
3831
3834
3837
3864
3907
3971
4003
4018
4024
4072
4075
4085
4092
4094
4104
4108
4144
4147
4148
4160
4176
4231
4253
4276
4279
4304
4400
4406
4428
4437
4488
4535
4539
4628
4636
4678
4687
4692
4730
4734
4769
4780
4827
4836
4872
4877
4887
4889
4979
5013
5031
5045
5059
5101
5113
5134
5142
5150
5157
5199
5232
5274
5282
5317
5334
5347
5353
5392
5409
5420
5510
5512
5547
5565
5567
5577
5582
5628
5645
5679
5681
5683
5709
5737
5760
5829
5896
5918
5925
5950
5967
6034
6099
6103
6105
6116
6187
6203
6208
6244
6298
6321
6380
6417
6428
6438
6441
6447
6526
6599
6602
6614
6618
6627
6639
6643
6714
6717
6751
6756
6757
6799
6820
6821
6822
6881
6896
6898
6926
6941
6942
6967
6973
6982
7025
7026
7057
7060
7084
7165
7180
7195
7202
7325
7345
7356
7369
7373
7384
7427
7433
7466
7488
7489
7506
7522
7557
7639
7652
7659
7682
7731
7733
7771
7798
7801
7803
7830
7879
7952
7992
8002
8023
8039
8042
8047
8057
8074
8099
8105
8112
8132
8140
8182
8201
8247
8264
8282
8344
8347
8357
8434
8450
8549
8552
8559
8612
8640
8648
8678
8721
8725
8731
8777
8783
8792
8847
8882
9015
9030
9065
9065
9093
9094
9113
9172
9174
9179
9230
9236
9272
9292
9314
9345
9352
9404
9437
9527
9551
9615
9701
9707
9748
9794
9798
9802
9827
9834
9933
9989
10024
10026
10049
10077
10104
10115
10166
10170
10207
10214
10233
10298
10319
10320
10390
10391
10407
10417
10446
10494
10526
10539
10548
10553
10556
10561
10571
10576
10613
10614
10624
10628
10650
10727
10750
10758
10767
10798
10799
10821
10842
10844
10850
10873
10884
10933
10940
10984
11030
11041
11059
11071
11123
11232
11275
11284
11303
11324
11350
11367
11367
11381
11466
11511
11536
11586
11626
11656
11664
11671
11694
11721
11808
11839
11851
11875
11882
11943
11973
11992
12003
12009
12022
12028
12053
12054
12058
12089
12163
12199
12215
12230
12240
12241
12257
12266
12278
12304
12334
12388
12402
12419
12440
12453
12462
12494
12539
12578
12585
12593
12610
12716
12743
12843
12939
12961
12974
13007
13025
13035
13049
13059
13126
13127
13137
13140
13141
13144
13217
13253
13265
13285
13377
13401
13405
13459
13482
13508
13528
13583
13596
13723
13735
13740
13798
13804
13838
13840
13850
13899
13903
13910
13982
13987
14003
14004
14014
14029
14047
14084
14144
14148
14172
14219
14232
14279
14282
14345
14357
14378
14420
14500
14520
14528
14612
14625
14636
14729
14740
14741
14763
14791
14797
14800
14811
14822
14846
14884
14886
14943
14946
14964
14974
14976
14981
14987
15019
15059
15066
15079
15102
15108
15117
15124
15141
15212
15226
15245
15270
15322
15372
15405
15412
15433
15443
15488
15491
15570
15597
15611
15658
15661
15691
15705
15756
15766
15794
15796
15808
15855
15857
15902
15904
15915
15926
15938
16001
16018
16044
16068
16094
16137
16139
16146
16159
16178
16192
16198
16211
16223
16256
16271
16297
16315
16334
16354
16357
16370
16445
16446
16451
16490
16510
16577
16597
16626
16642
16680
16703
16737
16761
16795
16804
16856
16899
16935
16952
16960
17016
17022
17024
17057
17082
17097
17110
17142
17170
17198
17213
17215
17220
17266
17321
17352
17359
17388
17401
17414
17414
17517
17530
17553
17554
17572
17596
17610
17681
17708
17751
17759
17768
17781
17788
17803
17818
17828
17833
17846
17878
17958
17975
18016
18018
18036
18043
18056
18056
18074
18085
18085
18167
18169
18291
18294
18424
18440
18475
18511
18526
18552
18557
18567
18574
18602
18617
18641
18655
18656
18701
18715
18724
18725
18737
18751
18759
18770
18785
18810
18824
18855
18923
18934
18948
18964
18976
19005
19007
19025
19027
19035
19047
19048
19050
19061
19069
19089
19102
19118
19127
19143
19221
19297
19306
19310
19313
19346
19442
19467
19481
19503
19536
19605
19688
19718
19737
19802
19826
19835
19900
19935
19939
19963
20040
20055
20074
20101
20110
20167
20230
20234
20279
20324
20367
20396
20402
20414
20445
20460
20473
20503
20520
20524
20548
20575
20600
20719
20746
20784
20813
20823
20840
20872
20896
20938
20955
21014
21054
21091
21166
21205
21245
21255
21259
21279
21313
21364
21378
21385
21401
21408
21437
21445
21474
21557
21566
21611
21616
21628
21629
21716
21747
21760
21818
21838
21883
21975
21978
22000
22006
22011
22030
22038
22043
22060
22093
22125
22162
22171
22180
22186
22187
22194
22194
22218
22230
22235
22251
22283
22286
22304
22338
22346
22395
22457
22624
22630
22666
22672
22703
22707
22711
22722
22751
22753
22770
22785
22799
22824
22842
22861
22873
22880
22978
22979
22986
23003
23019
23059
23075
23086
23140
23163
23177
23213
23248
23290
23303
23315
23327
23341
23365
23399
23411
23430
23476
23486
23491
23497
23547
23548
23558
23600
23614
23623
23635
23659
23663
23685
23721
23735
23739
23753
23771
23898
23898
23900
23910
23918
23982
23990
24010
24022
24062
24117
24117
24130
24145
24174
24198
24255
24426
24442
24444
24468
24491
24518
24529
24551
24564
24623
24635
24662
24701
24713
24718
24765
24768
24808
24815
24843
24864
24876
24897
24938
24948
25022
25053
25082
25083
25083
25165
25263
25272
25282
25287
25289
25299
25305
25315
25324
25340
25521
25534
25537
25571
25576
25644
25687
25763
25795
25801
25816
25834
25859
25904
25941
25984
26004
26075
26080
26090
26115
26129
26138
26144
26241
26275
26284
26344
26376
26402
26404
26432
26461
26473
26552
26598
26688
26797
26811
26890
26930
26939
26941
26960
26972
26975
26979
27026
27035
27038
27076
27119
27175
27197
27198
27207
27234
27265
27291
27313
27323
27326
27346
27356
27367
27388
27409
27410
27450
27470
27481
27504
27590
27603
27727
27753
27782
27823
27830
27833
27839
27841
27895
27928
27939
27984
27987
28037
28039
28055
28056
28089
28111
28177
28187
28198
28279
28324
28338
28343
28359
28370
28411
28419
28425
28428
28446
28474
28486
28494
28515
28534
28568
28592
28628
28638
28669
28672
28673
28739
28750
28767
28794
28798
28808
28835
28839
28842
28850
28903
28903
28921
29029
29041
29056
29070
29087
29147
29150
29153
29155
29157
29249
29256
29299
29319
29328
29340
29358
29425
29488
29496
29501
29502
29528
29533
29595
29634
29720
29726
29786
29792
29873
29881
29932
29932
29953
29984
30008
30022
30047
30086
30092
30102
30220
30229
30230
30263
30299
30327
30344
30366
30368
30413
30416
30505
30515
30577
30608
30618
30661
30670
30679
30698
30755
30756
30784
30812
30828
30839
30850
30880
30935
30936
30962
30992
31017
31017
31048
31052
31056
31066
31079
31106
31164
31218
31252
31278
31281
31301
31326
31367
31370
31379
31422
31466
31556
31562
31585
31615
31632
31644
31660
31702
31707
31716
31725
31759
31780
31781
31808
31825
31834
31840
31922
31943
32005
32031
32045
32102
32104
32130
32230
32250
32262
32268
32272
32305
32310
32319
32375
32391
32409
32432
32438
32443
32464
32478
32486
32489
32515
32521
32544
32573
32576
32578
32602
32604
32657
32657
32700
32710
32721
32724
32730
32796
32806
32823
32825
32831
32953
32954
33008
33027
33039
33069
33070
33085
33091
33105
33146
33161
33195
33249
33279
33287
33291
33317
33335
33374
33376
33377
33379
33382
33389
33426
33433
33518
33543
33545
33551
33579
33583
33687
33768
33788
33789
33803
33939
33986
33990
34014
34017
34039
34049
34055
34069
34147
34224
34257
34266
34268
34301
34386
34403
34409
34416
34434
34450
34465
34467
34489
34497
34523
34544
34561
34565
34602
34603
34635
34710
34725
34741
34779
34785
34791
34805
34829
34840
34852
34868
34873
34881
34896
34987
34989
34999
35006
35027
35033
35051
35052
35078
35106
35122
35135
35142
35165
35166
35195
35202
35232
35235
35247
35269
35349
35379
35405
35411
35444
35455
35465
35493
35510
35552
35571
35626
35634
35679
35777
35829
35882
35900
35910
35917
35941
35964
36071
36074
36139
36140
36193
36197
36199
36231
36247
36287
36322
36324
36494
36588
36626
36643
36668
36671
36673
36674
36697
36713
36724
36744
36750
36769
36779
36823
36827
36953
37020
37020
37037
37080
37081
37097
37099
37123
37199
37202
37254
37267
37272
37272
37273
37320
37334
37341
37350
37356
37392
37403
37439
37449
37498
37505
37629
37722
37725
37736
37771
37772
37814
37887
37902
37930
37936
37973
38041
38118
38187
38210
38267
38276
38290
38308
38314
38334
38398
38417
38429
38449
38471
38508
38517
38552
38564
38571
38589
38600
38613
38635
38659
38681
38714
38758
38806
38807
38830
38880
38885
38957
39057
39062
39088
39102
39127
39171
39188
39217
39259
39296
39300
39305
39317
39338
39351
39356
39369
39405
39413
39427
39459
39480
39500
39590
39598
39649
39655
39670
39695
39702
39780
39810
39843
39880
39911
39956
39971
39986
39992
40045
40090
40096
40134
40183
40272
40378
40394
40395
40427
40435
40460
40467
40515
40535
40556
40573
40644
40678
40681
40749
40756
40776
40852
40979
40986
40997
41003
41003
41038
41040
41052
41054
41056
41072
41100
41128
41131
41155
41166
41236
41261
41286
41341
41363
41378
41402
41434
41441
41467
41477
41480
41499
41553
41562
41586
41620
41662
41665
41665
41675
41698
41739
41757
41776
41795
41982
42007
42019
42066
42134
42148
42171
42180
42184
42191
42220
42247
42269
42285
42347
42369
42377
42419
42421
42464
42482
42484
42496
42582
42601
42686
42698
42720
42728
42730
42755
42786
42797
42859
42860
42956
42988
43015
43066
43071
43071
43082
43138
43163
43174
43184
43192
43219
43225
43251
43285
43290
43294
43295
43299
43335
43404
43433
43479
43492
43496
43518
43528
43543
43561
43621
43662
43686
43707
43769
43776
43788
43812
43814
43820
43833
43840
43911
43913
43960
43993
44112
44178
44184
44250
44328
44338
44339
44352
44362
44422
44443
44480
44481
44485
44497
44508
44509
44514
44520
44549
44551
44580
44583
44595
44607
44667
44669
44706
44738
44758
44781
44787
44791
44857
44896
44907
44907
44926
44939
44939
44950
44962
45011
45019
45056
45071
45072
45087
45095
45124
45185
45206
45222
45238
45384
45388
45394
45395
45428
45429
45461
45472
45500
45512
45540
45632
45682
45732
45737
45752
45793
45903
45930
45941
45999
46102
46102
46126
46129
46158
46192
46238
46248
46252
46269
46271
46275
46289
46298
46352
46378
46394
46408
46430
46442
46491
46499
46502
46563
46570
46596
46649
46672
46690
46733
46794
46817
46821
46886
46959
46962
46968
46969
46989
47155
47171
47179
47209
47254
47266
47271
47302
47304
47345
47379
47399
47404
47428
47513
47552
47611
47687
47718
47767
47782
47782
47788
47796
47796
47817
47836
47907
47916
47976
48026
48048
48061
48082
48099
48136
48151
48151
48184
48197
48206
48232
48314
48408
48408
48522
48550
48614
48682
48892
48916
48951
48952
48986
49001
49024
49028
49108
49132
49160
49161
49201
49210
49229
49279
49284
49334
49364
49367
49389
49401
49405
49408
49409
49418
49431
49464
49517
49523
49523
49690
49692
49699
49699
49782
49786
49880
49892
49916
49997
50004
50048
50123
50140
50164
50217
50227
50249
50255
50288
50326
50332
50339
50349
50352
50356
50361
50365
50369
50371
50378
50403
50427
50442
50482
50501
50519
50553
50584
50592
50608
50679
50769
50880
50916
50938
50998
51062
51076
51078
51094
51145
51180
51198
51249
51260
51307
51313
51356
51391
51407
51463
51468
51536
51550
51567
51613
51653
51673
51704
51737
51741
51757
51763
51767
51787
51821
51842
51848
51868
51884
51888
51932
51964
51996
51997
52008
52012
52028
52105
52106
52139
52202
52244
52301
52320
52337
52341
52350
52369
52429
52466
52484
52582
52593
52625
52671
52678
52707
52724
52730
52737
52773
52780
52811
52819
52821
52829
52834
52889
52895
52922
52938
52988
53003
53008
53012
53061
53111
53119
53198
53212
53221
53277
53332
53337
53340
53359
53368
53399
53406
53410
53484
53511
53547
53549
53558
53564
53641
53649
53732
53745
53785
53819
53826
53832
53852
53867
53901
53950
53969
53981
53981
54003
54048
54050
54062
54098
54099
54104
54111
54115
54143
54189
54224
54227
54268
54273
54278
54282
54310
54328
54362
54374
54520
54603
54603
54611
54662
54674
54691
54804
54821
54846
54870
54911
54924
54959
54984
54995
54996
55002
55014
55089
55090
55150
55177
55219
55297
55304
55327
55351
55377
55383
55393
55419
55423
55427
55431
55465
55468
55565
55567
55597
55610
55661
55661
55720
55727
55727
55732
55762
55793
55824
55839
55848
55857
55860
55885
55886
55890
55926
55940
55989
56126
56149
56153
56179
56190
56206
56250
56298
56338
56383
56423
56446
56455
56533
56613
56613
56617
56666
56709
56784
56790
56802
56815
56874
56887
56888
56927
56985
57005
57032
57033
57072
57084
57121
57124
57134
57152
57168
57181
57246
57263
57320
57327
57339
57349
57364
57396
57425
57460
57463
57482
57503
57523
57597
57646
57664
57683
57688
57726
57805
57821
57825
57831
57864
57883
57897
57947
57951
57958
57986
58008
58011
58024
58037
58043
58050
58058
58080
58113
58125
58135
58203
58236
58236
58252
58266
58372
58375
58385
58397
58409
58478
58486
58600
58620
58645
58662
58681
58702
58715
58738
58778
58796
58812
58886
58909
58945
58972
58985
58990
58992
59011
59020
59051
59097
59099
59161
59183
59205
59213
59232
59274
59293
59303
59347
59368
59411
59432
59493
59512
59562
59607
59666
59707
59735
59778
59819
59862
59870
59952
59958
60008
60013
60090
60110
60149
60165
60221
60236
60237
60243
60298
60309
60327
60330
60345
60356
60357
60362
60362
60364
60407
60424
60480
60503
60522
60541
60583
60587
60596
60596
60610
60612
60684
60700
60705
60721
60745
60762
60799
60849
60864
60879
60919
60955
60968
60971
61022
61029
61029
61070
61099
61110
61118
61139
61188
61191
61210
61222
61259
61267
61348
61435
61440
61442
61449
61454
61460
61567
61586
61590
61592
61678
61679
61716
61751
61771
61791
61810
61917
62042
62066
62264
62306
62311
62315
62320
62331
62341
62347
62369
62394
62415
62416
62448
62523
62548
62630
62641
62650
62664
62679
62684
62705
62766
62793
62801
62825
62833
62858
62866
62891
62933
62961
62981
62999
63020
63027
63096
63103
63145
63157
63165
63212
63236
63263
63298
63353
63359
63360
63389
63420
63449
63514
63528
63720
63728
63728
63783
63804
63823
63841
63878
63896
63949
63963
63986
64010
64051
64053
64083
64099
64101
64116
64121
64138
64199
64204
64243
64248
64259
64299
64320
64324
64349
64371
64377
64380
64392
64409
64414
64426
64442
64449
64451
64482
64516
64542
64615
64615
64636
64654
64661
64672
64695
64747
64765
64773
64796
64804
64807
64818
64844
64881
64903
64919
64995
65006
65016
65167
65207
65225
65267
65291
65296
65348
65351
65393
65409
65441
65449
65453
65466
65466
65516
65562
65595
65596
65597
65597
65598
65601
65606
65685
65693
65694
65706
65716
65737
65756
65778
65818
65826
65862
65890
65898
65921
65941
65951
65966
65967
65969
65977
65980
65993
66034
66040
66045
66068
66110
66149
66178
66203
66205
66243
66253
66287
66318
66357
66371
66440
66465
66507
66531
66541
66545
66562
66565
66570
66623
66626
66627
66670
66675
66691
66730
66730
66759
66765
66789
66857
66913
66949
66994
67059
67064
67137
67179
67189
67223
67347
67349
67368
67435
67497
67510
67531
67555
67634
67647
67651
67662
67664
67669
67670
67683
67712
67722
67745
67785
67786
67816
67837
67848
67917
67922
67942
67956
67961
67984
68018
68036
68050
68065
68065
68096
68099
68138
68176
68225
68254
68259
68270
68275
68283
68301
68312
68335
68385
68385
68420
68446
68476
68576
68585
68606
68633
68669
68672
68682
68685
68699
68718
68751
68758
68770
68818
68833
68834
68838
68841
68857
68891
68892
68913
68939
68940
68946
68949
68974
68977
69034
69049
69051
69100
69122
69174
69207
69289
69312
69368
69429
69446
69457
69484
69511
69556
69570
69708
