14
18
19
19
21
72
79
81
88
90
97
101
118
119
133
137
138
142
143
147
147
148
164
166
169
170
179
180
192
195
204
206
207
210
211
213
227
240
255
258
269
271
280
295
302
307
308
326
332
336
357
372
375
390
415
416
432
433
434
445
450
458
463
465
475
477
481
485
493
527
538
596
613
614
614
652
665
677
677
682
683
695
698
702
718
723
741
767
779
788
796
803
804
813
821
827
835
838
853
864
864
866
870
876
880
906
907
908
911
927
932
938
952
961
966
999
1004
1010
1016
1016
1040
1052
1054
1065
1074
1075
1080
1086
1095
1098
1098
1122
1136
1156
1157
1164
1179
1185
1234
1255
1265
1281
1295
1296
1303
1312
1313
1315
1323
1324
1333
1346
1373
1420
1424
1428
1430
1432
1473
1480
1498
1504
1507
1521
1531
1543
1547
1555
1568
1594
1604
1627
1630
1676
1680
1692
1742
1744
1746
1762
1769
1786
1787
1807
1811
1819
1839
1845
1853
1867
1867
1869
1870
1877
1883
1884
1889
1897
1918
1918
1919
1923
1929
1952
1953
1960
1966
1968
1971
1976
1984
1984
1986
1988
1994
1996
2005
2015
2016
2020
2022
2041
2056
2057
2065
2081
2086
2086
2097
2114
2124
2131
2148
2149
2151
2155
2162
2179
2196
2202
2222
2243
2277
2281
2285
2286
2311
2317
2325
2328
2339
2346
2348
2380
2394
2407
2422
2425
2426
2442
2449
2457
2463
2476
2484
2496
2506
2513
2516
2550
2563
2574
2582
2602
2629
2633
2643
2667
2667
2672
2673
2703
2722
2724
2740
2750
2751
2770
2787
2788
2789
2801
2801
2801
2803
2807
2808
2822
2823
2825
2839
2846
2862
2865
2872
2887
2897
2904
2915
2916
2919
2926
2926
2929
2945
2947
2952
2972
2982
2995
2995
2999
3011
3012
3038
3045
3079
3081
3088
3091
3125
3127
3156
3156
3161
3169
3174
3193
3205
3207
3208
3242
3244
3263
3273
3273
3274
3283
3286
3301
3308
3309
3311
3320
3348
3363
3368
3370
3372
3375
3377
3377
3381
3387
3406
3418
3423
3449
3455
3460
3462
3465
3489
3495
3500
3511
3512
3521
3527
3529
3531
3533
3553
3558
3559
3562
3583
3585
3606
3611
3618
3627
3628
3632
3641
3650
3650
3658
3672
3699
3709
3728
3738
3742
3748
3756
3761
3764
3767
3777
3793
3804
3813
3814
3832
3841
3848
3850
3851
3854
3862
3869
3880
3892
3895
3897
3898
3919
3935
3937
3945
3949
3966
3975
4005
4010
4011
4012
4012
4013
4014
4018
4019
4023
4026
4052
4056
4082
4086
4108
4116
4117
4120
4145
4149
4184
4185
4206
4208
4215
4220
4222
4233
4238
4243
4257
4281
4285
4291
4327
4340
4343
4350
4359
4366
4366
4371
4388
4397
4401
4416
4418
4418
4429
4455
4478
4483
4493
4498
4502
4507
4507
4510
4530
4530
4544
4549
4550
4555
4565
4575
4576
4577
4597
4599
4604
4613
4637
4644
4676
4677
4686
4698
4702
4714
4719
4722
4724
4734
4738
4756
4766
4766
4800
4809
4811
4818
4845
4857
4858
4871
4876
4878
4897
4897
4900
4921
4953
4956
4964
4987
4998
5012
5013
5021
5044
5061
5066
5069
5073
5078
5080
5098
5112
5120
5123
5132
5139
5143
5145
5177
5181
5189
5193
5204
5205
5219
5225
5226
5227
5236
5250
5265
5272
5324
5327
5338
5341
5343
5364
5389
5389
5399
5399
5405
5405
5409
5418
5420
5430
5434
5438
5445
5447
5452
5460
5468
5477
5532
5534
5549
5567
5580
5582
5592
5601
5603
5606
5608
5619
5625
5626
5635
5644
5653
5661
5661
5672
5695
5703
5706
5710
5712
5714
5722
5723
5732
5745
5751
5772
5797
5813
5813
5831
5835
5838
5840
5843
5853
5863
5892
5913
5922
5925
5928
5936
5950
5966
5971
5977
6002
6002
6006
6015
6023
6040
6047
6052
6053
6062
6085
6097
6112
6113
6125
6134
6140
6141
6166
6181
6202
6217
6258
6260
6262
6287
6290
6292
6309
6312
6315
6318
6325
6328
6331
6338
6339
6341
6344
6346
6349
6361
6412
6416
6459
6467
6468
6476
6481
6484
6496
6502
6509
6526
6536
6561
6564
6569
6573
6583
6591
6601
6603
6613
6625
6628
6629
6636
6642
6646
6648
6650
6657
6661
6687
6687
6687
6694
6707
6710
6734
6738
6738
6740
6753
6769
6770
6781
6818
6821
6822
6824
6825
6826
6827
6830
6832
6835
6840
6841
6849
6856
6857
6858
6875
6883
6883
6890
6897
6898
6922
6934
6936
6941
6943
6953
6971
6976
6989
6996
6997
7012
7036
7043
7054
7056
7062
7067
7082
7087
7094
7097
7135
7139
7149
7158
7173
7182
7186
7187
7193
7198
7201
7208
7210
7222
7228
7246
7259
7263
7271
7288
7289
7298
7301
7312
7330
7352
7355
7362
7366
7371
7392
7394
7394
7395
7402
7404
7411
7411
7423
7425
7425
7430
7433
7447
7491
7498
7532
7537
7547
7557
7558
7568
7621
7636
7667
7680
7684
7695
7699
7712
7716
7734
7744
7759
7773
7777
7790
7802
7808
7814
7821
7826
7831
7840
7854
7857
7865
7869
7870
7881
7884
7895
7914
7942
7946
7961
7962
7977
7996
7999
8013
8041
8041
8050
8055
8070
8078
8079
8086
8086
8093
8160
8164
8164
8169
8185
8188
8195
8212
8232
8233
8240
8241
8250
8270
8270
8272
8276
8282
8291
8297
8312
8318
8325
8332
8362
8383
8386
8390
8391
8422
8423
8483
8488
8493
8494
8529
8559
8565
8567
8570
8576
8585
8610
8611
8618
8647
8650
8660
8660
8665
8674
8679
8705
8710
8715
8722
8726
8735
8740
8751
8771
8772
8781
8813
8815
8815
8822
8841
8848
8867
8873
8895
8908
8925
8927
8937
8949
8969
8987
8990
8992
9001
9012
9021
9027
9034
9043
9046
9046
9053
9065
9068
9097
9110
9129
9132
9142
9145
9158
9162
9171
9174
9203
9230
9230
9231
9240
9243
9251
9254
9274
9280
9293
9302
9310
9310
9321
9332
9356
9368
9388
9398
9404
9415
9424
9425
9431
9437
9463
9467
9478
9508
9512
9515
9516
9546
9553
9558
9564
9573
9580
9591
9601
9603
9606
9609
9614
9616
9627
9645
9653
9654
9655
9692
9704
9713
9722
9735
9744
9748
9756
9762
9762
9774
9803
9808
9831
9835
9837
9843
9851
9864
9866
9889
9891
9900
9902
9909
9920
9922
9936
9946
9954
9957
9996
10001
10015
10019
10047
10057
10086
10097
10117
10157
10165
10178
10185
10191
10192
10193
10203
10209
10212
10230
10239
10239
10259
10312
10335
10338
10352
10380
10394
10402
10404
10405
10413
10425
10451
10458
10460
10477
10481
10484
10484
10488
10504
10504
10506
10506
10509
10518
10527
10540
10542
10547
10555
10569
10587
10598
10605
10608
10626
10630
10630
10653
10654
10657
10659
10661
10667
10680
10680
10688
10694
10703
10706
10743
10772
10782
10791
10798
10803
10807
10839
10842
10844
10860
10868
10889
10903
10904
10906
10914
10915
10917
10918
10944
10959
10961
10993
10995
11043
11048
11051
11068
11084
11089
11091
11096
11097
11101
11107
11122
11123
11123
11123
11136
11137
11137
11137
11164
11165
11171
11179
11202
11210
11210
11214
11225
11235
11257
11266
11275
11277
11278
11284
11292
11298
11298
11300
11302
11332
11348
11351
11362
11372
11397
11422
11428
11450
11456
11464
11465
11467
11482
11487
11488
11494
11502
11505
11525
11542
11570
11571
11572
11611
11630
11639
11640
11657
11665
11670
11687
11688
11689
11730
11730
11749
11766
11775
11777
11779
11781
11799
11801
11818
11819
11826
11827
11836
11839
11854
11857
11860
11867
11939
11956
11965
11968
11971
11976
11982
11992
12018
12039
12050
12051
12054
12071
12079
12089
12093
12095
12096
12100
12102
12103
12112
12117
12125
12129
12145
12146
12164
12166
12182
12185
12197
12215
12215
12219
12224
12228
12233
12244
12250
12252
12252
12260
12304
12320
12330
12336
12338
12342
12375
12383
12392
12397
12399
12404
12407
12411
12413
12420
12423
12428
12429
12439
12445
12453
12455
12472
12477
12492
12500
12514
12515
12536
12563
12575
12582
12589
12592
12612
12641
12642
12642
12648
12651
12652
12665
12670
12674
12678
12684
12689
12697
12703
12706
12721
12736
12740
12746
12769
12783
12789
12814
12828
12861
12884
12893
12904
12906
12918
12947
12965
12965
12967
12979
12985
12992
13026
13028
13036
13049
13067
13067
13081
13081
13107
13115
13124
13135
13136
13139
13153
13154
13184
13185
13201
13206
13207
13244
13246
13257
13266
13287
13293
13307
13308
13335
13347
13351
13373
13375
13396
13399
13409
13409
13417
13427
13434
13435
13444
13448
13457
13493
13509
13525
13532
13547
13550
13552
13555
13571
13574
13576
13589
13591
13594
13613
13621
13625
13648
13652
13670
13672
13689
13693
13693
13698
13698
13701
13702
13711
13715
13718
13733
13735
13744
13768
13779
13783
13788
13799
13809
13815
13818
13824
13829
13849
13878
13879
13891
13894
13909
13911
13912
13912
13918
13932
13934
13936
13939
13970
13972
13978
13986
13989
13995
14002
14008
14008
14014
14038
14041
14059
14067
14074
14080
14094
14119
14132
14136
14142
14145
14151
14154
14160
14161
14163
14177
14185
14199
14200
14251
14272
14280
14289
14310
14318
14328
14328
14381
14406
14412
14419
14432
14434
14435
14448
14468
14468
14477
14488
14497
14497
14500
14504
14522
14522
14553
14558
14568
14580
14582
14585
14594
14612
14615
14617
14621
14625
14632
14656
14663
14664
14671
14678
14682
14685
14689
14701
14702
14710
14724
14735
14745
14760
14777
14777
14785
14787
14790
14793
14808
14809
14815
14820
14836
14840
14841
14844
14852
14853
14855
14862
14871
14890
14894
14920
14928
14930
14957
14960
14968
15022
15028
15033
15052
15056
15066
15068
15076
15079
15082
15091
15093
15096
15103
15110
15110
15120
15123
15130
15138
15147
15187
15200
15205
15205
15205
15207
15216
15219
15232
15239
15250
15253
15271
15283
15295
15317
15323
15329
15337
15365
15366
15369
15376
15387
15388
15396
15417
15423
15439
15461
15468
15476
15483
15487
15520
15522
15531
15532
15536
15537
15543
15569
15581
15594
15597
15603
15627
15631
15634
15634
15638
15642
15653
15657
15672
15679
15683
15722
15723
15730
15752
15766
15766
15771
15785
15787
15792
15793
15830
15834
15837
15853
15860
15865
15869
15874
15879
15884
15888
15931
15932
15940
15947
15959
15962
15981
15988
15991
16007
16018
16022
16038
16056
16066
16068
16068
16071
16088
16089
16105
16123
16140
16146
16156
16156
16185
16197
16198
16206
16207
16214
16218
16221
16226
16228
16244
16281
16309
16309
16328
16332
16352
16355
16366
16380
16388
16400
16411
16426
16440
16441
16447
16458
16474
16475
16487
16514
16518
16528
16534
16559
16564
16568
16581
16586
16590
16594
16603
16609
16616
16624
16631
16640
16646
16651
16659
16660
16670
16678
16688
16689
16692
16694
16695
16697
16706
16707
16723
16726
16753
16770
16798
16800
16807
16827
16840
16841
16846
16849
16853
16857
16864
16867
16885
16912
16926
16933
16937
16991
16994
17004
17009
17019
17027
17027
17028
17031
17038
17063
17074
17075
17075
17090
17093
17099
17110
17124
17128
17132
17135
17155
17197
17209
17215
17217
17238
17238
17238
17241
17261
17267
17270
17270
17276
17285
17291
17296
17317
17329
17351
17361
17374
17382
17387
17391
17393
17404
17404
17411
17420
17423
17430
17432
17435
17448
17457
17471
17475
17492
17504
17510
17537
17544
17547
17556
17559
17589
17589
17604
17610
17616
17623
17624
17632
17644
17654
17654
17687
17698
17699
17700
17701
17724
17729
17743
17749
17756
17762
17765
17770
17785
17787
17788
17803
17807
17821
17829
17833
17854
17856
17881
17885
17888
17890
17894
17894
17913
17915
17923
17926
17937
17939
17948
17952
17953
17953
17976
17995
18008
18009
18010
18016
18018
18024
18026
18028
18029
18030
18039
18047
18050
18050
18051
18057
18070
18075
18083
18101
18101
18112
18115
18119
18123
18158
18162
18163
18167
18167
18175
18192
18197
18200
18206
18209
18218
18219
18219
18235
18244
18256
18258
18271
18279
18282
18297
18315
18316
18324
18330
18332
18333
18336
18346
18348
18362
18377
18378
18395
18396
18413
18416
18419
18432
18432
18437
18445
18447
18447
18453
18493
18504
18506
18514
18517
18519
18523
18524
18541
18547
18549
18556
18564
18566
18571
18575
18577
18579
18584
18587
18606
18629
18679
18679
18682
18697
18702
18709
18717
18717
18726
18746
18758
18760
18761
18775
18779
18821
18832
18852
18875
18877
18881
18895
18896
18898
18903
18911
18926
18945
18973
18986
18989
19005
19034
19038
19044
19106
19110
19112
19122
19124
19144
19158
19159
19168
19186
19186
19190
19216
19216
19217
19230
19236
19244
19249
19262
19265
19286
19287
19307
19324
19352
19360
19384
19414
19416
19419
19429
19445
19452
19459
19471
19478
19478
19480
19503
19503
19511
19521
19541
19542
19547
19550
19558
19569
19576
19577
19606
19606
19609
19628
19635
19641
19653
19709
19724
19731
19732
19732
19736
19746
19758
19764
19776
19803
19828
19874
19880
19898
19909
19932
19973
19974
19975
20000
20022
20029
20035
20043
20046
20050
20065
20068
20073
20108
20109
20115
20118
20146
20178
20190
20194
20199
20211
20224
20252
20264
20281
20288
20297
20302
20316
20334
20335
20343
20344
20346
20350
20353
20357
20369
20380
20385
20388
20394
20401
20416
20416
20428
20437
20439
20447
20453
20468
20473
20482
20492
20503
20510
20538
20572
20574
20575
20586
20586
20599
20622
20623
20623
20628
20633
20637
20653
20656
20668
20671
20690
20692
20696
20710
20722
20751
20771
20773
20776
20796
20812
20831
20842
20856
20890
20891
20891
20903
20916
20922
20922
20930
20956
20967
20974
21005
21018
21021
21030
21033
21035
21036
21043
21049
21062
21072
21073
21081
21084
21108
21113
21117
21126
21127
21142
21142
21146
21148
21148
21184
21188
21212
21242
21243
21246
21255
21265
21284
21295
21299
21300
21306
21308
21317
21325
21331
21335
21347
21376
21378
21406
21421
21429
21434
21442
21459
21460
21476
21522
21530
21545
21558
21559
21564
21571
21584
21584
21596
21596
21599
21602
21606
21618
21621
21623
21627
21631
21637
21667
21693
21702
21712
21722
21742
21749
21758
21763
21771
21773
21786
21795
21796
21798
21812
21821
21837
21838
21839
21842
21844
21858
21877
21879
21879
21895
21905
21912
21917
21921
21969
21982
21982
21989
21994
21995
21997
22005
22010
22011
22019
22029
22033
22035
22035
22052
22054
22056
22061
22062
22066
22073
22087
22096
22099
22108
22119
22123
22132
22138
22159
22170
22184
22185
22187
22188
22201
22201
22202
22211
22228
22231
22240
22265
22267
22272
22299
22339
22343
22345
22370
22379
22389
22404
22409
22413
22426
22429
22429
22433
22435
22436
22475
22475
22478
22500
22506
22522
22536
22541
22560
22568
22569
22591
22599
22602
22603
22606
22611
22622
22624
22637
22642
22644
22664
22675
22696
22723
22759
22759
22772
22793
22806
22807
22829
22845
22846
22846
22857
22860
22872
22877
22897
22913
22914
22918
22928
22934
22942
22949
22949
22954
22955
22956
22958
22971
22972
22985
22990
23000
23005
23058
23059
23083
23096
23111
23120
23123
23124
23125
23144
23144
23151
23155
23159
23163
23174
23178
23189
23192
23196
23202
23236
23250
23273
23278
23281
23287
23311
23335
23351
23372
23372
23376
23384
23400
23401
23407
23407
23410
23411
23430
23431
23444
23445
23463
23463
23464
23469
23470
23496
23505
23525
23539
23544
23545
23554
23559
23569
23572
23576
23580
23582
23586
23602
23605
23615
23618
23636
23636
23645
23667
23678
23684
23688
23699
23725
23759
23762
23766
23785
23789
23816
23825
23838
23845
23853
23867
23869
23873
23873
23879
23880
23883
23886
23887
23895
23897
23898
23904
23910
23914
23923
23940
23948
23952
23957
23967
24017
24028
24034
24040
24047
24049
24063
24070
24079
24136
24156
24157
24179
24182
24185
24195
24204
24209
24225
24233
24246
24261
24265
24266
24267
24268
24279
24280
24281
24284
24295
24303
24307
24327
24349
24350
24357
24364
24381
24382
24392
24394
24412
24423
24434
24436
24438
24440
24442
24443
24458
24471
24489
24493
24509
24524
24525
24561
24565
24576
24584
24584
24594
24616
24625
24625
24638
24650
24665
24666
24672
24688
24702
24713
24720
24728
24733
24738
24750
24775
24780
24812
24815
24818
24824
24825
24835
24839
24841
24847
24866
24874
24889
24904
24916
24918
24930
24941
24964
24972
24981
24984
25000
25007
25008
25022
25024
25024
25042
25046
25056
25056
25056
25074
25115
25122
25124
25130
25132
25145
25150
25158
25159
25171
25174
25176
25186
25186
25194
25205
25223
25254
25261
25261
25268
25298
25309
25310
25325
25326
25350
25359
25367
25372
25383
25387
25389
25396
25403
25406
25406
25422
25425
25434
25440
25443
25463
25463
25467
25477
25486
25493
25499
25500
25526
25532
25534
25547
25553
25557
25561
25569
25576
25599
25611
25613
25615
25616
25627
25632
25640
25641
25659
25663
25668
25674
25675
25684
25693
25693
25696
25706
25738
25746
25747
25748
25772
25781
25785
25799
25812
25819
25822
25830
25841
25843
25852
25859
25865
25871
25904
25913
25924
25930
25931
25933
25935
25938
25939
25943
25968
25982
25999
26013
26023
26025
26033
26034
26037
26052
26077
26089
26091
26097
26097
26104
26105
26107
26116
26122
26123
26137
26145
26167
26188
26191
26204
26204
26205
26212
26216
26226
26228
26259
26269
26277
26289
26306
26310
26314
26320
26331
26338
26340
26363
26364
26367
26373
26377
26381
26387
26404
26406
26414
26414
26419
26424
26426
26432
26439
26446
26446
26449
26453
26455
26459
26503
26528
26535
26542
26551
26551
26552
26557
26563
26565
26583
26612
26628
26642
26662
26698
26701
26701
26708
26718
26726
26732
26743
26744
26752
26779
26806
26809
26834
26836
26853
26871
26879
26884
26888
26889
26912
26913
26920
26920
26950
26950
26954
26956
26980
27014
27030
27031
27037
27039
27045
27055
27084
27088
27088
27090
27096
27101
27107
27110
27113
27115
27121
27129
27145
27148
27213
27227
27239
27244
27265
27293
27303
27305
27321
27349
27356
27359
27379
27407
27421
27430
27433
27438
27469
27485
27495
27496
27497
27500
27517
27521
27522
27562
27568
27574
27582
27606
27633
27635
27643
27645
27669
27669
27673
27674
27680
27684
27687
27700
27714
27719
27721
27757
27763
27765
27773
27775
27776
27803
27808
27808
27809
27813
27816
27825
27835
27838
27854
27854
27863
27872
27894
27896
27921
27929
27931
27967
27975
27984
27984
27985
27992
28007
28008
28027
28031
28040
28058
28078
28080
28089
28095
28101
28112
28122
28134
28166
28168
28213
28214
28233
28255
28259
28261
28268
28281
28288
28298
28301
28309
28322
28331
28333
28346
28348
28353
28355
28367
28378
28387
28390
28391
28391
28402
28419
28446
28447
28448
28454
28462
28462
28464
28470
28490
28494
28496
28507
28510
28514
28516
28523
28527
28535
28539
28551
28563
28580
28593
28617
28631
28633
28633
28642
28648
28677
28677
28700
28750
28760
28770
28770
28774
28784
28799
28800
28810
28817
28826
28827
28842
28842
28862
28863
28886
28897
28901
28906
28910
28916
28922
28923
28935
28948
28952
28957
28960
28962
28972
28973
28981
28986
28998
29010
29016
29023
29037
29038
29048
29065
29070
29081
29085
29096
29096
29100
29105
29105
29105
29107
29146
29148
29151
29182
29213
29215
29225
29226
29231
29236
29258
29266
29272
29295
29296
29302
29339
29346
29349
29351
29359
29365
29367
29369
29398
29404
29417
29426
29431
29433
29448
29456
29465
29472
29473
29479
29483
29484
29490
29499
29559
29582
29584
29590
29597
29599
29604
29622
29638
29642
29644
29655
29663
29675
29689
29715
29716
29729
29730
29738
29745
29757
29762
29779
29785
29787
29788
29793
29818
29828
29829
29831
29850
29852
29859
29868
29878
29879
29898
29917
29919
29923
29929
29930
29936
29946
29951
29955
29963
29968
29975
29980
29991
30021
30024
30027
30036
30043
30045
30046
30064
30084
30087
30106
30113
30131
30144
30153
30192
30193
30201
30204
30215
30223
30224
30229
30237
30242
30247
30265
30272
30272
30275
30286
30288
30296
30296
30305
30324
30330
30339
30342
30343
30344
30352
30355
30369
30377
30397
30402
30407
30408
30410
30412
30423
30441
30455
30461
30481
30494
30502
30504
30509
30531
30537
30545
30562
30562
30563
30574
30581
30599
30604
30605
30639
30645
30657
30690
30718
30733
30744
30750
30755
30769
30792
30805
30825
30832
30869
30872
30875
30876
30890
30899
30899
30936
30960
30965
30981
31019
31026
31028
31037
31038
31042
31057
31065
31069
31071
31095
31099
31101
31119
31127
31127
31132
31158
31189
31223
31228
31231
31242
31280
31297
31306
31331
31340
31346
31361
31365
31371
31379
31400
31401
31404
31429
31438
31442
31455
31456
31474
31486
31487
31495
31514
31551
31558
31561
31564
31571
31577
31594
31598
31598
31618
31618
31649
31661
31665
31667
31668
31674
31680
31686
31690
31703
31712
31717
31732
31734
31752
31755
31763
31767
31781
31795
31806
31815
31831
31838
31844
31852
31860
31862
31875
31890
31910
31913
31916
31920
31932
31933
31946
31950
31952
31954
31954
31955
31970
31974
31978
31981
31981
31988
32020
32023
32027
32085
32115
32125
32126
32134
32149
32150
32155
32158
32171
32188
32202
32203
32219
32225
32230
32259
32263
32316
32327
32350
32361
32368
32373
32380
32382
32388
32396
32421
32443
32477
32478
32487
32520
32523
32523
32533
32537
32553
32573
32574
32589
32597
32606
32608
32622
32632
32641
32647
32660
32672
32693
32707
32733
32736
32752
32752
32770
32776
32777
32780
32788
32792
32805
32813
32841
32846
32859
32879
32883
32883
32884
32888
32888
32912
32913
32913
32921
32938
32940
32943
32951
32960
32979
32983
32996
33001
33013
33021
33027
33045
33054
33073
33077
33108
33120
33136
33153
33170
33176
33188
33212
33218
33219
33221
33226
33226
33238
33242
33263
33274
33279
33286
33302
33308
33309
33313
33316
33330
33330
33331
33346
33356
33387
33398
33418
33430
33430
33443
33446
33467
33472
33474
33479
33480
33487
33487
33491
33493
33503
33507
33519
33530
33556
33567
33616
33623
33646
33659
33660
33663
33669
33673
33673
33682
33685
33702
33712
33730
33737
33737
33746
33756
33806
33816
33818
33824
33836
33866
33874
33879
33889
33899
33945
33949
33965
33968
33988
33989
33991
33994
33999
34000
34005
34017
34018
34027
34056
34064
34067
34068
34073
34078
34085
34088
34100
34107
34119
34130
34154
34161
34163
34178
34213
34227
34248
34257
34267
34271
34274
34279
34281
34298
34299
34310
34318
34336
34345
34354
34370
34388
34389
34392
34404
34431
34433
34435
34466
34483
34488
34488
34489
34542
34550
34558
34562
34562
34578
34592
34595
34619
34623
34626
34650
34655
34669
34677
34681
34683
34700
34730
34733
34743
34770
34771
34774
34781
34784
34785
34806
34816
34823
34832
34837
34840
34842
34845
34851
34857
34864
34867
34892
34893
34894
34895
34927
34939
34943
34952
34961
34992
35004
35006
35007
35015
35024
35029
35054
35059
35067
35067
35077
35079
35085
35091
35097
35109
35119
35127
35130
35135
35143
35154
35155
35156
35164
35175
35176
35189
35193
35198
35212
35216
35225
35235
35247
35270
35281
35283
35294
35304
35306
35322
35326
35327
35331
35331
35366
35381
35382
35415
35419
35421
35453
35473
35484
35492
35497
35507
35512
35516
35522
35525
35530
35581
35585
35586
35610
35620
35623
35642
35646
35666
35673
35676
35680
35682
35687
35696
35718
35725
35736
35742
35746
35751
35780
35797
35807
35816
35823
35836
35847
35865
35881
35884
35889
35889
35896
35926
35932
35969
35976
35977
35984
36002
36004
36013
36016
36022
36024
36041
36044
36047
36056
36058
36060
36068
36075
36079
36081
36105
36117
36129
36132
36139
36140
36141
36146
36148
36154
36158
36166
36171
36186
36190
36190
36190
36206
36207
36218
36220
36225
36228
36237
36262
36292
36296
36298
36299
36313
36323
36327
36337
36337
36356
36366
36381
36403
36412
36444
36452
36464
36468
36479
36479
36489
36509
36521
36526
36532
36534
36539
36551
36571
36588
36606
36610
36620
36620
36632
36642
36688
36688
36692
36720
36725
36742
36742
36755
36765
36768
36770
36780
36793
36820
36843
36860
36874
36897
36907
36923
36939
36941
36958
36958
36978
36981
36990
36991
36995
36999
37001
37004
37018
37018
37021
37037
37041
37046
37047
37092
37104
37107
37109
37111
37113
37114
37115
37118
37129
37131
37132
37145
37145
37147
37175
37191
37193
37201
37215
37221
37229
37246
37263
37265
37295
37320
37322
37337
37352
37355
37369
37415
37428
37429
37434
37438
37456
37460
37460
37463
37472
37476
37481
37497
37503
37506
37522
37523
37530
37542
37547
37557
37560
37564
37578
37584
37587
37600
37610
37614
37615
37618
37623
37632
37655
37693
37695
37699
37704
37728
37733
37740
37751
37766
37770
37776
37782
37788
37794
37800
37803
37808
37819
37829
37832
37841
37843
37848
37869
37890
37928
37935
37936
37954
37968
37984
37985
38027
38051
38054
38055
38068
38079
38088
38089
38096
38111
38113
38145
38172
38197
38202
38210
38219
38233
38234
38258
38265
38289
38305
38321
38324
38331
38355
38356
38365
38370
38371
38385
38404
38414
38417
38417
38421
38428
38436
38448
38449
38471
38491
38496
38497
38499
38505
38520
38539
38550
38557
38584
38586
38587
38602
38603
38611
38623
38625
38626
38629
38668
38672
38673
38689
38698
38703
38703
38704
38712
38740
38759
38761
38768
38783
38783
38789
38790
38796
38817
38821
38830
38840
38843
38865
38894
38894
38899
38901
38905
38913
38922
38943
38954
38956
38981
38987
38988
39003
39024
39028
39029
39035
39040
39044
39057
39060
39071
39084
39086
39089
39090
39091
39091
39092
39094
39133
39136
39143
39150
39156
39168
39178
39184
39184
39187
39193
39206
39226
39233
39245
39255
39276
39284
39298
39301
39307
39309
39313
39327
39330
39335
39340
39342
39355
39359
39359
39374
39381
39399
39413
39420
39424
39436
39438
39463
39479
39479
39482
39503
39505
39507
39522
39534
39534
39545
39550
39553
39560
39564
39575
39584
39595
39622
39623
39651
39658
39663
39702
39717
39735
39743
39766
39770
39779
39796
39800
39800
39804
39813
39814
39818
39828
39828
39832
39834
39852
39859
39859
39864
39866
39878
39897
39906
39909
39916
39919
39922
39954
39958
39972
39975
39976
39982
39982
40009
40017
40026
40029
40048
40068
40105
40136
40146
40153
40158
40166
40171
40188
40209
40218
40221
40280
40312
40323
40327
40342
40356
40356
40375
40378
40381
40394
40406
40411
40414
40429
40439
40446
40457
40458
40461
40462
40465
40475
40477
40484
40496
40514
40516
40523
40538
40545
40547
40559
40560
40567
40570
40577
40579
40586
40595
40597
40600
40613
40625
40626
40673
40695
40699
40708
40718
40719
40724
40727
40728
40739
40740
40746
40749
40764
40771
40778
40796
40801
40812
40821
40832
40836
40842
40859
40888
40890
40915
40916
40934
40950
40955
40956
40962
40980
40992
41005
41018
41024
41036
41041
41041
41041
41048
41073
41082
41090
41092
41097
41103
41123
41130
41135
41151
41154
41162
41163
41163
41177
41193
41208
41212
41213
41228
41233
41242
41255
41255
41258
41260
41261
41274
41276
41277
41279
41289
41308
41315
41316
41316
41324
41331
41332
41336
41337
41337
41342
41356
41367
41372
41386
41386
41394
41397
41404
41406
41407
41433
41440
41441
41443
41444
41445
41445
41450
41462
41471
41483
41483
41499
41514
41515
41539
41548
41550
41559
41559
41569
41570
41570
41577
41617
41626
41628
41634
41661
41702
41712
41757
41773
41782
41785
41787
41797
41812
41862
41869
41885
41890
41893
41919
41933
41961
41963
41964
41970
42001
42024
42026
42029
42031
42031
42047
42047
42047
42060
42075
42089
42097
42105
42109
42133
42152
42173
42175
42192
42195
42199
42205
42216
42221
42222
42222
42229
42239
42240
42240
42240
42261
42282
42295
42305
42306
42312
42375
42379
42391
42394
42438
42461
42466
42483
42495
42501
42520
42525
42531
42533
42547
42559
42559
42575
42577
42578
42585
42586
42596
42597
42597
42598
42606
42611
42612
42618
42623
42624
42633
42651
42661
42675
42679
42713
42718
42725
42729
42754
42756
42801
42801
42804
42831
42842
42851
42856
42881
42882
42883
42887
42888
42902
42909
42909
42920
42934
42939
42941
42948
42956
42966
42968
42973
42976
42978
42986
43011
43035
43040
43067
43078
43081
43087
43093
43114
43116
43123
43124
43128
43138
43145
43169
43176
43178
43182
43184
43191
43202
43212
43226
43243
43260
43270
43284
43286
43290
43303
43319
43348
43380
43388
43392
43405
43442
43448
43454
43459
43465
43467
43492
43494
43496
43507
43507
43514
43523
43526
43526
43550
43552
43568
43569
43573
43586
43595
43601
43615
43615
43621
43621
43623
43624
43640
43643
43644
43648
43657
43687
43697
43699
43701
43710
43747
43759
43759
43764
43764
43769
43771
43784
43791
43798
43799
43804
43809
43815
43836
43838
43846
43851
43854
43856
43859
43863
43873
43892
43895
43904
43918
43926
43928
43936
43955
43961
43964
43967
43969
43971
43983
43984
43996
44009
44037
44059
44073
44074
44089
44099
44102
44104
44108
44115
44117
44118
44120
44121
44126
44132
44146
44163
44179
44187
44203
44210
44222
44239
44260
44270
44274
44275
44282
44287
44291
44296
44297
44301
44305
44307
44309
44327
44342
44348
44357
44357
44359
44362
44367
44379
44399
44411
44418
44450
44452
44452
44454
44465
44473
44475
44523
44526
44528
44534
44541
44553
44559
44560
44563
44566
44579
44581
44588
44593
44595
44601
44665
44681
44695
44697
44705
44706
44709
44714
44717
44734
44735
44739
44742
44742
44756
44762
44767
44779
44785
44793
44795
44801
44806
44817
44843
44850
44854
44863
44867
44867
44880
44883
44890
44910
44915
44942
44946
44954
44971
44986
44995
45016
45018
45020
45022
45023
45026
45054
45054
45061
45092
45105
45105
45129
45134
45146
45164
45177
45184
45188
45190
45220
45220
45240
45241
45257
45262
45263
45274
45302
45322
45329
45336
45337
45344
45348
45355
45359
45362
45383
45403
45415
45418
45435
45443
45455
45463
45480
45480
45482
45492
45519
45522
45551
45567
45569
45573
45580
45596
45598
45604
45620
45668
45689
45739
45743
45744
45763
45774
45776
45779
45788
45799
45801
45822
45862
45862
45864
45889
45901
45916
45938
45941
45944
45949
45980
45981
45987
45991
45992
45993
45994
45995
46003
46003
46009
46009
46033
46040
46049
46058
46061
46070
46074
46086
46087
46091
46099
46128
46133
46136
46142
46143
46146
46156
46198
46204
46209
46213
46229
46230
46232
46235
46243
46245
46245
46247
46264
46266
46286
46286
46292
46296
46302
46302
46303
46315
46324
46351
46366
46374
46389
46396
46398
46401
46405
46429
46447
46447
46454
46469
46475
46481
46483
46492
46492
46513
46539
46554
46586
46593
46599
46599
46618
46622
46637
46645
46651
46687
46688
46708
46715
46721
46733
46748
46751
46753
46771
46797
46812
46814
46826
46851
46852
46853
46855
46868
46880
46884
46887
46896
46897
46906
46937
46955
46958
46992
46996
46997
46999
47005
47007
47008
47029
47037
47040
47046
47066
47072
47074
47081
47088
47123
47127
47147
47150
47159
47166
47167
47172
47172
47173
47180
47195
47196
47217
47224
47236
47239
47255
47263
47267
47279
47280
47287
47289
47293
47294
47306
47311
47318
47335
47346
47358
47366
47370
47378
47378
47382
47391
47391
47395
47397
47401
47406
47411
47423
47430
47436
47486
47512
47515
47531
47534
47539
47543
47546
47555
47559
47561
47561
47585
47594
47599
47605
47612
47618
47624
47631
47636
47655
47664
47667
47678
47696
47704
47732
47737
47740
47754
47803
47814
47817
47821
47830
47834
47849
47864
47876
47884
47891
47893
47920
47920
47929
47940
47947
47964
47971
47978
47982
47990
47995
48001
48029
48038
48040
48060
48066
48066
48082
48088
48094
48096
48099
48101
48121
48131
48138
48143
48161
48166
48166
48175
48178
48213
48216
48220
48231
48233
48269
48282
48291
48295
48303
48303
48307
48307
48319
48324
48343
48345
48361
48366
48368
48394
48398
48409
48419
48434
48443
48449
48473
48476
48490
48491
48497
48498
48527
48532
48553
48564
48614
48620
48621
48647
48647
48665
48670
48696
48698
48699
48702
48709
48734
48747
48752
48758
48788
48791
48795
48795
48804
48822
48823
48829
48830
48830
48830
48833
48836
48842
48842
48844
48855
48863
48865
48872
48890
48892
48938
48939
48962
48964
48968
49012
49018
49028
49043
49054
49058
49081
49090
49090
49109
49112
49115
49121
49123
49125
49131
49165
49166
49176
49195
49215
49216
49226
49232
49245
49269
49287
49298
49303
49322
49327
49351
49352
49359
49361
49366
49375
49384
49407
49409
49409
49410
49416
49419
49428
49433
49445
49452
49467
49470
49478
49490
49493
49501
49503
49550
49555
49560
49567
49587
49610
49635
49646
49664
49679
49681
49687
49698
49700
49708
49723
49727
49728
49734
49739
49742
49752
49757
49796
49802
49818
49819
49836
49844
49852
49853
49856
49856
49865
49866
49866
49878
49897
49897
49898
49901
49906
49907
49909
49911
49912
49913
49917
49925
49930
49931
49950
49956
49956
49959
49963
49964
49964
49968
49986
49989
49995
50004
50009
50028
50063
50065
50070
50071
50079
50104
50109
50118
50124
50127
50130
50137
50149
50155
50156
50161
50165
50167
50188
50204
50211
50222
50223
50246
50268
50271
50274
50276
50277
50283
50283
50283
50284
50290
50294
50305
50333
50343
50348
50365
50365
50366
50378
50381
50405
50412
50414
50422
50430
50439
50451
50457
50464
50465
50472
50479
50489
50542
50554
50560
50561
50567
50574
50574
50578
50611
50624
50639
50679
50691
50697
50703
50706
50707
50715
50724
50729
50734
50744
50761
50775
50778
50781
50785
50786
50788
50817
50838
50859
50873
50880
50883
50888
50892
50910
50928
50929
50940
50962
50972
50979
50989
50992
50993
50996
51002
51030
51052
51074
51074
51106
51118
51118
51124
51126
51146
51154
51175
51181
51187
51188
51189
51196
51197
51203
51216
51225
51228
51248
51250
51293
51310
51325
51328
51374
51394
51402
51404
51420
51423
51428
51437
51441
51443
51444
51458
51458
51463
51474
51478
51489
51490
51497
51514
51553
51565
51567
51571
51576
51582
51583
51591
51595
51598
51621
51622
51630
51642
51664
51665
51677
51717
51721
51726
51727
51729
51734
51769
51813
51828
51828
51834
51842
51854
51862
51866
51872
51874
51878
51881
51887
51891
51902
51905
51910
51915
51928
51943
51949
51954
51967
51970
51971
51991
52007
52008
52009
52016
52023
52031
52036
52066
52066
52075
52079
52092
52102
52119
52125
52125
52129
52131
52140
52146
52157
52184
52193
52197
52211
52254
52258
52259
52261
52264
52333
52337
52341
52342
52363
52374
52388
52407
52418
52441
52445
52445
52449
52458
52459
52472
52478
52480
52482
52500
52508
52508
52520
52544
52574
52574
52583
52585
52597
52616
52620
52622
52623
52627
52631
52640
52643
52678
52681
52683
52695
52697
52706
52708
52720
52728
52753
52768
52800
52813
52825
52876
52882
52890
52910
52912
52912
52916
52935
52939
52941
52949
52965
52975
52980
52990
53008
53073
53083
53083
53085
53091
53107
53113
53124
53129
53140
53149
53153
53154
53155
53155
53160
53160
53174
53177
53180
53181
53194
53205
53205
53212
53217
53218
53224
53233
53242
53258
53264
53265
53273
53292
53301
53302
53304
53307
53312
53332
53367
53372
53382
53385
53392
53395
53397
53411
53414
53414
53426
53432
53438
53485
53496
53501
53505
53507
53509
53516
53532
53539
53543
53558
53606
53610
53616
53649
53660
53664
53667
53672
53693
53738
53746
53768
53770
53773
53775
53804
53823
53827
53830
53869
53874
53880
53882
53901
53904
53905
53923
53929
53935
53946
53956
53962
53979
54009
54017
54021
54032
54036
54055
54061
54064
54067
54079
54090
54104
54107
54110
54112
54119
54122
54130
54165
54170
54186
54186
54193
54198
54208
54216
54219
54222
54226
54233
54237
54243
54250
54250
54253
54272
54281
54282
54304
54325
54328
54328
54329
54332
54357
54365
54366
54370
54373
54387
54389
54390
54394
54397
54410
54422
54439
54440
54446
54447
54453
54454
54462
54463
54478
54483
54484
54491
54491
54520
54533
54542
54571
54579
54581
54602
54614
54616
54653
54664
54677
54691
54695
54713
54737
54759
54781
54785
54792
54808
54808
54811
54814
54817
54820
54835
54858
54869
54875
54879
54887
54888
54897
54906
54909
54910
54940
54948
54954
54960
54962
54971
55004
55010
55014
55014
55015
55018
55020
55042
55054
55064
55065
55078
55108
55142
55145
55151
55163
55178
55185
55188
55195
55198
55202
55203
55207
55221
55231
55238
55265
55266
55267
55272
55273
55285
55285
55301
55301
55308
55309
55323
55344
55348
55353
55373
55376
55383
55391
55406
55408
55410
55466
55495
55502
55513
55522
55529
55534
55542
55558
55572
55605
55617
55638
55656
55687
55703
55703
55711
55719
55721
55741
55747
55758
55759
55767
55794
55805
55814
55814
55838
55853
55853
55862
55872
55876
55877
55882
55885
55885
55903
55904
55929
55932
55948
55959
55960
55975
55978
55979
55981
55987
55992
55997
56010
56018
56020
56021
56021
56022
56048
56053
56058
56063
56076
56101
56131
56139
56157
56164
56165
56179
56180
56189
56191
56193
56203
56211
56215
56227
56235
56246
56249
56271
56281
56288
56290
56290
56290
56292
56303
56304
56328
56335
56359
56364
56375
56376
56385
56385
56396
56399
56412
56435
56443
56477
56482
56492
56497
56520
56539
56539
56547
56551
56560
56562
56568
56572
56576
56582
56587
56588
56588
56600
56604
56614
56638
56642
56657
56661
56663
56677
56688
56700
56715
56742
56765
56775
56788
56791
56801
56808
56808
56821
56830
56830
56859
56869
56871
56891
56908
56911
56917
56925
56928
56933
56952
56954
56969
56989
57011
57011
57016
57016
57028
57034
57039
57047
57077
57081
57109
57115
57122
57128
57128
57130
57147
57153
57177
57198
57210
57211
57249
57276
57278
57282
57288
57298
57299
57303
57308
57318
57331
57332
57336
57357
57368
57371
57382
57383
57385
57386
57387
57396
57398
57405
57432
57449
57456
57463
57466
57477
57500
57511
57520
57531
57532
57552
57569
57573
57607
57613
57618
57643
57647
57648
57655
57690
57710
57741
57787
57817
57831
57838
57839
57842
57843
57855
57871
57905
57906
57919
57923
57941
57946
57951
57953
57985
57990
58000
58000
58008
58010
58019
58031
58043
58054
58065
58073
58078
58082
58101
58111
58124
58147
58165
58171
58175
58196
58197
58198
58217
58221
58251
58271
58276
58296
58296
58304
58320
58320
58335
58345
58375
58377
58383
58384
58396
58403
58414
58415
58423
58440
58474
58474
58481
58482
58496
58499
58502
58506
58511
58514
58519
58519
58534
58534
58543
58549
58560
58567
58570
58578
58602
58609
58614
58621
58624
58642
58648
58649
58657
58666
58672
58688
58692
58706
58708
58712
58721
58722
58725
58751
58753
58772
58783
58785
58808
58809
58815
58819
58831
58841
58844
58848
58868
58872
58879
58913
58914
58917
58920
58939
58951
58965
58990
58990
59012
59015
59030
59047
59052
59060
59070
59073
59074
59106
59112
59152
59166
59182
59191
59195
59196
59214
59215
59216
59234
59252
59259
59261
59269
59272
59278
59284
59287
59302
59308
59309
59316
59321
59328
59336
59347
59359
59368
59371
59372
59378
59380
59389
59405
59406
59411
59424
59427
59444
59446
59455
59459
59468
59474
59486
59492
59495
59502
59507
59507
59513
59524
59544
59545
59550
59562
59576
59600
59607
59617
59618
59631
59640
59641
59647
59655
59660
59661
59665
59690
59699
59722
59725
59746
59765
59767
59794
59798
59819
59819
59824
59828
59833
59837
59855
59879
59882
59883
59931
59937
59938
59949
59963
59973
59995
60010
60014
60015
60019
60028
60062
60064
60068
60076
60094
60096
60097
60100
60114
60116
60121
60128
60129
60140
60181
60205
60209
60211
60216
60219
60221
60232
60244
60246
60271
60278
60285
60292
60297
60311
60334
60349
60359
60367
60370
60373
60380
60400
60402
60402
60482
60487
60496
60519
60526
60537
60547
60570
60580
60582
60584
60586
60587
60598
60604
60612
60626
60635
60639
60649
60659
60666
60670
60683
60685
60718
60718
60732
60740
60745
60751
60771
60787
60789
60791
60827
60845
60861
60878
60904
60905
60917
60924
60949
60975
60978
60980
60986
60991
61010
61016
61039
61073
61073
61073
61076
61078
61079
61084
61099
61099
61104
61136
61138
61140
61152
61161
61164
61178
61202
61213
61214
61222
61252
61257
61261
61296
61305
61306
61312
61324
61336
61361
61394
61403
61406
61408
61416
61417
61419
61424
61426
61429
61430
61434
61439
61483
61509
61510
61535
61555
61558
61565
61567
61573
61586
61603
61612
61629
61631
61633
61642
61649
61651
61655
61664
61670
61679
61687
61692
61700
61713
61713
61718
61725
61727
61731
61745
61755
61757
61774
61781
61789
61799
61801
61807
61821
61823
61839
61847
61858
61863
61871
61900
61910
61918
61928
61958
61964
61972
61986
61987
61988
61990
61992
62042
62051
62054
62063
62064
62077
62080
62080
62093
62101
62109
62168
62171
62172
62192
62201
62203
62216
62227
62237
62252
62266
62267
62275
62288
62317
62321
62328
62345
62346
62352
62363
62372
62383
62397
62408
62427
62435
62453
62454
62458
62468
62484
62485
62489
62503
62508
62522
62524
62526
62530
62553
62560
62560
62569
62571
62607
62658
62671
62691
62701
62709
62712
62713
62751
62754
62775
62776
62779
62802
62809
62811
62819
62839
62855
62890
62905
62908
62937
62938
62959
62973
62996
62998
63002
63018
63026
63074
63083
63094
63108
63109
63110
63117
63119
63122
63122
63123
63127
63141
63178
63182
63186
63215
63216
63218
63222
63268
63286
63308
63312
63316
63334
63350
63368
63387
63387
63409
63448
63474
63501
63504
63509
63512
63521
63530
63531
63536
63569
63579
63583
63594
63621
63626
63628
63635
63675
63702
63703
63728
63733
63737
63754
63760
63772
63805
63813
63813
63817
63827
63833
63838
63839
63857
63865
63870
63870
63873
63884
63893
63893
63904
63975
63989
64023
64025
64035
64040
64047
64050
64054
64073
64086
64092
64102
64143
64144
64145
64145
64153
64159
64165
64170
64171
64179
64183
64190
64192
64194
64226
64234
64251
64267
64270
64272
64291
64294
64300
64301
64306
64307
64314
64319
64347
64358
64358
64390
64403
64429
64435
64442
64449
64451
64452
64460
64463
64472
64486
64487
64495
64504
64510
64517
64518
64520
64547
64557
64561
64565
64576
64605
64607
64622
64652
64660
64665
64676
64682
64685
64704
64708
64748
64751
64755
64765
64772
64774
64777
64790
64820
64835
64835
64839
64846
64851
64858
64862
64870
64875
64878
64885
64890
64896
64901
64913
64936
64944
64944
64950
64952
64962
64973
64980
64982
64982
64990
65000
65015
65033
65034
65040
65045
65048
65064
65065
65070
65071
65074
65109
65109
65118
65128
65166
65186
65209
65213
65220
65231
65232
65240
65257
65269
65282
65291
65308
65311
65312
65319
65323
65325
65336
65342
65345
65354
65355
65361
65390
65390
65393
65393
65393
65406
65411
65415
65422
65425
65449
65451
65456
65467
65479
65480
65500
65510
65515
65521
65524
65532
65541
65553
65559
65564
65566
65575
65602
65603
65612
65616
65624
65626
65631
65647
65658
65659
65662
65685
65706
65712
65712
65717
65718
65722
65725
65726
65737
65745
65748
65751
65754
65757
65772
65780
65799
65800
65803
65805
65826
65847
65854
65857
65869
65884
65888
65899
65923
65951
65953
65956
65956
65956
65966
66005
66019
66031
66035
66049
66050
66051
66056
66058
66079
66080
66080
66082
66097
66109
66118
66129
66137
66138
66150
66155
66157
66161
66163
66163
66176
66179
66181
66184
66190
66194
66197
66220
66224
66228
66253
66276
66288
66292
66301
66304
66306
66328
66329
66331
66348
66356
66358
66362
66365
66366
66384
66406
66417
66425
66450
66451
66484
66507
66516
66524
66544
66549
66555
66556
66566
66580
66608
66614
66618
66620
66640
66643
66650
66655
66659
66663
66663
66689
66720
66732
66735
66735
66753
66753
66755
66768
66770
66787
66788
66805
66807
66808
66816
66826
66830
66831
66834
66839
66872
66874
66877
66900
66921
66924
66926
66939
66940
66940
66950
66969
66987
67000
67006
67013
67013
67024
67031
67039
67039
67040
67041
67056
67064
67068
67075
67089
67103
67103
67104
67106
67115
67130
67140
67194
67196
67199
67208
67212
67229
67239
67250
67251
67254
67264
67312
67315
67315
67327
67384
67387
67393
67403
67412
67427
67434
67442
67476
67488
67507
67512
67524
67528
67528
67535
67546
67554
67555
67555
67557
67568
67584
67598
67603
67605
67626
67626
67628
67630
67634
67643
67653
67660
67660
67660
67665
67673
67692
67696
67697
67724
67728
67728
67766
67798
67806
67817
67826
67842
67846
67899
67907
67909
67914
67923
67932
67932
67940
67949
67976
67978
67978
67984
67996
68008
68013
68025
68036
68038
68047
68062
68073
68079
68084
68084
68095
68098
68105
68107
68118
68118
68121
68133
68137
68147
68149
68158
68172
68175
68181
68187
68196
68208
68217
68226
68237
68244
68249
68249
68254
68256
68258
68275
68281
68316
68329
68342
68362
68368
68370
68372
68402
68407
68426
68440
68455
68483
68490
68495
68498
68499
68503
68505
68508
68512
68524
68556
68569
68577
68578
68580
68588
68590
68594
68614
68620
68623
68670
68696
68699
68707
68713
68713
68723
68725
68729
68745
68764
68765
68774
68782
68786
68789
68800
68817
68823
68827
68829
68836
68841
68842
68848
68854
68859
68867
68872
68900
68930
68932
68934
68948
68955
68971
68987
69004
69007
69012
69030
69036
69068
69068
69086
69088
69107
69131
69149
69156
69169
69184
69215
69216
69223
69248
69251
69252
69255
69265
69318
69341
69348
69357
69359
69363
69373
69378
69401
69413
69419
69428
69435
69446
69449
69450
69457
69469
69477
69505
69511
69512
69513
69523
69545
69545
69550
69558
69562
69581
69584
69588
69602
69602
69617
69622
69652
69659
69661
69678
69682
69695
69697
69702
69704
69716
69733
69743
