9
23
41
55
58
65
85
91
99
100
124
152
190
202
217
223
225
226
230
260
271
284
291
296
311
323
336
353
355
359
372
389
390
393
406
418
427
433
439
455
455
458
477
478
482
491
512
513
514
533
538
564
564
566
582
599
611
620
623
626
631
632
649
650
656
667
668
672
677
686
693
700
701
709
717
719
721
730
760
763
765
775
776
776
812
815
818
846
850
850
864
867
868
881
884
930
947
952
969
981
984
986
1006
1032
1036
1038
1056
1062
1064
1071
1077
1084
1086
1113
1128
1130
1131
1134
1146
1152
1169
1174
1178
1180
1183
1185
1192
1194
1198
1216
1219
1220
1220
1234
1237
1237
1240
1246
1268
1272
1278
1284
1286
1301
1306
1314
1327
1343
1343
1344
1357
1359
1364
1385
1389
1404
1410
1410
1414
1449
1500
1500
1500
1514
1514
1532
1550
1556
1557
1558
1566
1591
1597
1602
1606
1608
1614
1614
1616
1621
1625
1625
1639
1651
1658
1660
1672
1673
1676
1679
1686
1690
1691
1703
1704
1709
1723
1741
1746
1753
1762
1784
1791
1796
1802
1809
1832
1837
1842
1859
1875
1905
1909
1933
1940
1942
1943
1946
1947
1958
1961
1962
1964
1965
1982
1996
2011
2017
2020
2032
2035
2040
2041
2042
2046
2055
2058
2085
2086
2106
2116
2130
2136
2143
2149
2165
2175
2199
2202
2203
2231
2237
2241
2244
2247
2247
2257
2262
2268
2271
2297
2336
2342
2344
2346
2363
2373
2374
2387
2405
2407
2409
2411
2412
2429
2435
2440
2472
2475
2485
2486
2509
2517
2523
2523
2533
2533
2536
2556
2556
2560
2567
2577
2582
2584
2587
2587
2588
2595
2597
2608
2615
2616
2619
2627
2633
2635
2635
2639
2644
2647
2659
2665
2669
2689
2693
2703
2703
2703
2712
2723
2762
2767
2777
2782
2783
2793
2813
2819
2839
2839
2858
2863
2865
2867
2868
2868
2891
2897
2913
2915
2925
2927
2934
2936
2952
2959
2959
2969
2977
2981
2986
3005
3009
3024
3038
3057
3057
3064
3067
3083
3098
3110
3111
3117
3134
3143
3152
3154
3160
3170
3174
3186
3189
3190
3201
3203
3206
3207
3210
3216
3229
3234
3256
3261
3265
3287
3314
3328
3336
3351
3360
3361
3375
3377
3383
3388
3409
3410
3424
3434
3443
3462
3484
3486
3501
3505
3522
3528
3550
3556
3560
3564
3571
3572
3575
3576
3577
3591
3593
3619
3619
3622
3624
3627
3631
3638
3666
3729
3742
3759
3771
3777
3779
3780
3781
3781
3794
3805
3811
3821
3827
3831
3840
3842
3843
3846
3851
3868
3884
3899
3899
3921
3943
3947
3949
3957
3961
3987
3989
3991
3992
3993
4000
4033
4041
4046
4052
4053
4055
4057
4065
4068
4071
4072
4082
4097
4097
4101
4102
4105
4116
4121
4124
4130
4139
4141
4147
4152
4156
4180
4184
4192
4211
4214
4252
4252
4269
4269
4273
4298
4309
4314
4343
4351
4380
4385
4391
4411
4424
4426
4434
4441
4446
4464
4472
4481
4488
4491
4492
4506
4511
4517
4528
4545
4546
4553
4562
4564
4567
4569
4580
4589
4600
4601
4616
4638
4651
4651
4654
4655
4663
4668
4673
4675
4681
4689
4690
4703
4720
4727
4734
4750
4753
4778
4782
4800
4800
4806
4814
4816
4832
4836
4841
4866
4869
4876
4880
4891
4899
4901
4909
4915
4941
4946
4948
4949
4965
4968
4979
4981
5000
5036
5040
5046
5053
5055
5057
5075
5081
5086
5097
5105
5106
5122
5134
5139
5152
5154
5158
5168
5169
5170
5171
5176
5181
5182
5192
5201
5216
5219
5226
5229
5234
5262
5263
5268
5282
5302
5304
5310
5332
5341
5356
5363
5363
5372
5387
5397
5404
5412
5412
5418
5431
5437
5468
5476
5483
5488
5496
5500
5515
5525
5532
5532
5545
5569
5572
5578
5582
5586
5617
5617
5619
5622
5626
5630
5634
5647
5659
5660
5670
5671
5675
5675
5679
5684
5692
5702
5708
5710
5710
5732
5735
5766
5789
5793
5799
5804
5816
5819
5831
5831
5842
5843
5855
5863
5869
5877
5899
5907
5924
5924
5930
5931
5967
5970
5971
5973
5977
5979
5982
5988
5993
6006
6015
6019
6022
6025
6046
6047
6056
6062
6068
6084
6086
6107
6110
6114
6145
6155
6157
6162
6179
6197
6213
6224
6231
6234
6243
6246
6248
6257
6267
6285
6288
6290
6291
6300
6302
6323
6325
6332
6343
6352
6353
6368
6382
6386
6389
6392
6400
6413
6424
6435
6436
6440
6443
6448
6457
6464
6469
6471
6473
6476
6481
6500
6532
6545
6545
6552
6574
6581
6582
6587
6589
6589
6590
6600
6604
6605
6630
6642
6643
6654
6667
6675
6679
6680
6683
6687
6718
6721
6735
6742
6747
6749
6751
6755
6755
6756
6764
6770
6773
6803
6804
6809
6817
6820
6826
6837
6845
6854
6861
6865
6888
6888
6891
6900
6917
6950
6958
6961
6965
6966
6975
6990
6992
6995
6996
6997
6998
6999
7004
7005
7008
7011
7016
7029
7041
7048
7052
7052
7055
7069
7078
7097
7098
7103
7128
7141
7141
7145
7146
7176
7180
7198
7201
7205
7213
7215
7219
7221
7249
7262
7270
7273
7291
7296
7297
7303
7317
7334
7335
7336
7345
7345
7350
7350
7352
7369
7380
7384
7395
7409
7412
7424
7455
7460
7472
7473
7488
7494
7500
7500
7501
7506
7545
7546
7547
7553
7570
7584
7589
7593
7602
7608
7620
7630
7635
7658
7683
7685
7702
7728
7744
7749
7764
7770
7788
7791
7795
7796
7816
7828
7840
7849
7849
7853
7879
7880
7883
7889
7892
7892
7906
7910
7920
7925
7931
7942
7966
7970
7981
7982
7983
7986
7989
7994
8003
8007
8008
8019
8024
8052
8061
8069
8080
8128
8133
8139
8149
8168
8174
8194
8194
8196
8198
8201
8208
8214
8238
8249
8250
8250
8255
8260
8266
8268
8272
8277
8278
8284
8285
8292
8293
8298
8305
8306
8314
8318
8327
8337
8344
8347
8364
8366
8376
8376
8384
8426
8429
8437
8438
8441
8451
8452
8454
8455
8466
8468
8470
8474
8478
8485
8491
8497
8500
8518
8530
8533
8555
8576
8579
8580
8583
8584
8602
8617
8617
8627
8634
8653
8655
8666
8673
8678
8689
8696
8696
8702
8706
8710
8721
8727
8731
8738
8742
8744
8748
8763
8764
8775
8781
8792
8799
8815
8819
8822
8827
8827
8832
8852
8856
8861
8887
8892
8897
8898
8909
8923
8930
8946
8967
8976
8998
8999
9006
9012
9024
9026
9029
9031
9036
9039
9042
9065
9072
9075
9097
9100
9134
9140
9143
9175
9178
9192
9196
9206
9236
9244
9256
9261
9272
9272
9296
9300
9300
9309
9316
9322
9325
9330
9333
9340
9344
9344
9348
9363
9364
9376
9382
9385
9397
9407
9407
9409
9409
9409
9415
9424
9426
9451
9458
9466
9473
9483
9502
9513
9513
9530
9536
9537
9564
9570
9578
9583
9603
9604
9630
9634
9637
9641
9641
9647
9647
9651
9669
9677
9694
9695
9697
9709
9709
9726
9731
9733
9735
9737
9742
9744
9751
9760
9774
9783
9784
9790
9791
9793
9799
9805
9823
9825
9832
9833
9835
9839
9839
9849
9865
9882
9882
9882
9885
9887
9908
9946
9948
9952
9963
9972
9977
9977
9990
9999
10019
10020
10028
10030
10033
10041
10057
10059
10068
10081
10084
10087
10101
10105
10123
10126
10135
10136
10144
10162
10163
10182
10190
10203
10216
10222
10228
10237
10244
10261
10262
10265
10314
10319
10325
10331
10340
10349
10362
10364
10367
10373
10374
10385
10399
10404
10420
10422
10426
10430
10431
10443
10447
10454
10477
10479
10487
10509
10517
10519
10525
10525
10535
10541
10545
10559
10569
10586
10601
10615
10620
10620
10626
10627
10637
10645
10653
10656
10674
10696
10697
10705
10708
10727
10731
10734
10739
10742
10768
10769
10797
10798
10802
10809
10819
10829
10830
10831
10840
10849
10857
10877
10896
10900
10904
10904
10912
10922
10925
10933
10937
10942
10947
10960
10964
10966
10971
11009
11019
11025
11030
11033
11040
11058
11060
11075
11093
11106
11114
11123
11134
11143
11166
11174
11187
11192
11207
11209
11212
11213
11213
11221
11233
11234
11236
11236
11246
11246
11271
11275
11277
11280
11293
11295
11296
11296
11298
11301
11302
11303
11310
11351
11367
11370
11376
11390
11390
11404
11440
11456
11457
11459
11481
11485
11486
11489
11499
11510
11514
11536
11544
11558
11565
11576
11581
11585
11586
11589
11597
11602
11611
11611
11612
11613
11614
11624
11631
11632
11632
11632
11637
11658
11678
11686
11728
11731
11745
11760
11763
11763
11780
11786
11791
11803
11820
11838
11857
11858
11865
11885
11887
11896
11901
11902
11908
11909
11911
11923
11923
11927
11929
11931
11960
11962
11974
11978
11988
11989
12014
12014
12023
12028
12028
12035
12050
12063
12079
12097
12099
12109
12116
12118
12120
12120
12125
12134
12139
12139
12149
12154
12176
12177
12188
12191
12205
12205
12214
12214
12215
12223
12235
12240
12241
12252
12258
12272
12290
12297
12307
12310
12313
12328
12332
12343
12359
12369
12371
12386
12396
12401
12430
12431
12434
12445
12467
12495
12500
12511
12512
12512
12518
12548
12551
12557
12560
12562
12564
12572
12581
12582
12583
12584
12587
12592
12634
12638
12647
12652
12654
12657
12675
12696
12712
12718
12722
12733
12739
12741
12757
12758
12765
12775
12776
12794
12795
12797
12798
12798
12802
12803
12806
12812
12813
12814
12840
12852
12864
12877
12882
12884
12885
12892
12901
12910
12928
12930
12932
12947
12948
12951
12952
12954
12974
12976
12982
12998
13004
13010
13018
13025
13026
13049
13051
13053
13064
13069
13074
13079
13093
13097
13101
13109
13125
13138
13143
13144
13176
13185
13187
13189
13190
13190
13196
13205
13210
13211
13230
13231
13241
13248
13250
13280
13292
13295
13318
13320
13330
13349
13356
13357
13358
13360
13360
13383
13394
13395
13395
13402
13412
13418
13421
13426
13427
13429
13436
13449
13463
13471
13474
13505
13513
13515
13518
13519
13528
13534
13541
13558
13567
13575
13584
13585
13601
13608
13612
13615
13646
13647
13685
13697
13701
13702
13704
13721
13731
13734
13746
13750
13763
13779
13786
13794
13795
13795
13800
13804
13818
13821
13830
13842
13844
13848
13862
13863
13875
13881
13898
13904
13913
13914
13914
13933
13949
13959
13972
13972
13974
13984
13989
13996
14002
14007
14008
14022
14031
14034
14040
14041
14050
14058
14067
14068
14068
14075
14077
14089
14108
14111
14123
14126
14128
14131
14133
14138
14141
14146
14151
14181
14182
14206
14211
14225
14228
14228
14229
14229
14231
14236
14242
14248
14248
14259
14265
14265
14269
14283
14289
14291
14293
14306
14321
14329
14329
14340
14340
14344
14347
14348
14371
14379
14401
14401
14428
14430
14445
14453
14459
14474
14474
14480
14484
14506
14520
14525
14528
14529
14536
14561
14563
14563
14567
14569
14569
14572
14587
14592
14594
14605
14606
14618
14623
14625
14632
14633
14634
14637
14642
14649
14670
14674
14686
14692
14700
14712
14718
14727
14748
14753
14753
14765
14769
14775
14777
14780
14813
14817
14823
14827
14829
14855
14856
14865
14869
14871
14871
14882
14885
14886
14889
14892
14913
14932
14948
14950
14951
14958
14963
14968
14989
15000
15017
15031
15034
15035
15063
15074
15075
15082
15097
15109
15113
15116
15124
15129
15134
15146
15156
15157
15171
15184
15199
15202
15204
15217
15223
15231
15242
15244
15247
15257
15273
15285
15289
15296
15334
15340
15345
15345
15353
15355
15362
15365
15369
15390
15390
15392
15416
15428
15448
15474
15487
15493
15496
15514
15515
15530
15532
15536
15544
15551
15555
15566
15582
15592
15611
15615
15630
15636
15642
15643
15652
15660
15660
15662
15710
15719
15729
15742
15750
15758
15764
15799
15800
15802
15803
15830
15835
15837
15847
15855
15865
15866
15869
15880
15907
15914
15922
15945
15948
15953
15955
15958
15962
15990
15999
16003
16005
16013
16016
16030
16035
16048
16054
16059
16060
16077
16083
16102
16105
16112
16118
16130
16154
16162
16168
16173
16176
16193
16199
16210
16218
16220
16227
16227
16232
16247
16252
16253
16254
16262
16263
16273
16277
16288
16289
16293
16332
16339
16346
16354
16363
16367
16370
16381
16382
16393
16398
16404
16421
16422
16434
16438
16461
16462
16468
16474
16476
16486
16491
16514
16514
16522
16527
16539
16540
16553
16559
16563
16576
16598
16600
16604
16652
16680
16680
16685
16704
16709
16710
16717
16734
16735
16743
16751
16761
16762
16770
16778
16784
16784
16785
16787
16799
16819
16832
16839
16840
16846
16846
16855
16865
16865
16877
16880
16881
16899
16906
16906
16915
16931
16939
16943
16949
16961
16966
16974
16994
17002
17002
17007
17010
17020
17021
17023
17028
17040
17041
17043
17044
17054
17055
17064
17065
17077
17079
17084
17086
17095
17108
17112
17123
17129
17134
17141
17158
17159
17163
17167
17168
17168
17170
17183
17187
17194
17205
17242
17243
17244
17251
17259
17273
17279
17287
17291
17294
17315
17322
17336
17337
17371
17377
17379
17386
17390
17396
17399
17402
17408
17410
17420
17424
17425
17437
17447
17464
17466
17482
17495
17497
17500
17500
17546
17555
17556
17567
17588
17590
17598
17600
17617
17633
17651
17657
17682
17683
17691
17702
17709
17709
17721
17741
17743
17761
17771
17777
17824
17827
17868
17870
17873
17875
17915
17916
17922
17941
17945
17960
17976
17978
17979
17983
17985
17986
18002
18003
18014
18029
18031
18034
18035
18043
18049
18060
18066
18066
18074
18084
18113
18113
18122
18128
18133
18145
18163
18165
18180
18186
18186
18200
18207
18225
18239
18241
18247
18250
18265
18267
18282
18285
18292
18306
18311
18316
18323
18325
18325
18328
18328
18337
18349
18361
18393
18396
18398
18409
18426
18428
18444
18445
18455
18468
18481
18490
18491
18492
18505
18510
18522
18523
18525
18526
18533
18540
18544
18551
18570
18571
18574
18580
18580
18581
18590
18598
18614
18619
18627
18644
18646
18650
18666
18716
18722
18725
18727
18728
18730
18741
18749
18754
18768
18770
18776
18809
18811
18824
18834
18848
18852
18859
18867
18873
18876
18882
18888
18901
18913
18926
18935
18943
18944
18948
18985
19006
19016
19016
19023
19028
19030
19049
19050
19060
19062
19065
19074
19076
19085
19112
19119
19124
19131
19132
19132
19133
19140
19148
19154
19155
19158
19160
19164
19178
19184
19184
19214
19229
19246
19255
19257
19258
19275
19296
19304
19305
19307
19339
19365
19366
19371
19371
19406
19413
19418
19428
19429
19434
19443
19443
19455
19459
19466
19473
19475
19482
19485
19492
19500
19514
19515
19521
19528
19529
19530
19535
19542
19547
19556
19556
19563
19563
19565
19572
19581
19584
19587
19593
19595
19604
19616
19617
19625
19626
19629
19638
19645
19647
19655
19662
19689
19693
19701
19702
19702
19705
19714
19718
19737
19744
19744
19747
19759
19765
19768
19771
19774
19779
19801
19802
19810
19811
19813
19813
19818
19818
19823
19826
19828
19855
19860
19862
19867
19868
19872
19872
19877
19882
19896
19912
19932
19940
19960
19963
19966
19983
19989
20001
20006
20008
20017
20024
20036
20049
20050
20056
20068
20072
20073
20086
20105
20106
20106
20109
20127
20129
20143
20148
20158
20165
20169
20171
20186
20200
20200
20204
20214
20224
20238
20242
20245
20251
20252
20259
20262
20277
20287
20288
20292
20305
20318
20329
20331
20338
20364
20379
20383
20390
20392
20392
20414
20424
20447
20489
20503
20515
20516
20526
20537
20542
20554
20572
20586
20596
20614
20620
20628
20674
20683
20695
20700
20707
20709
20728
20745
20769
20775
20782
20789
20794
20800
20802
20816
20820
20829
20842
20843
20845
20853
20861
20862
20867
20902
20905
20911
20921
20926
20927
20935
20941
20944
20949
20952
20965
20976
20982
20984
20993
20999
21000
21007
21009
21019
21024
21028
21030
21032
21038
21045
21050
21066
21081
21086
21089
21109
21119
21141
21142
21151
21155
21159
21161
21164
21168
21179
21193
21199
21213
21230
21238
21243
21244
21247
21258
21272
21280
21310
21330
21335
21344
21344
21346
21348
21349
21354
21355
21361
21363
21368
21374
21383
21386
21393
21402
21416
21416
21417
21423
21427
21430
21438
21441
21447
21462
21467
21470
21473
21474
21477
21488
21493
21498
21498
21501
21517
21519
21523
21530
21531
21537
21537
21540
21547
21556
21572
21575
21576
21576
21583
21586
21602
21610
21663
21680
21692
21711
21724
21727
21730
21734
21746
21767
21773
21822
21823
21837
21837
21838
21845
21858
21869
21876
21881
21884
21916
21927
21940
21944
21945
21951
21970
21975
21983
21993
22006
22010
22013
22024
22063
22067
22069
22086
22099
22102
22104
22110
22113
22127
22131
22135
22136
22147
22154
22176
22180
22184
22193
22196
22206
22207
22208
22211
22212
22222
22225
22252
22265
22275
22280
22303
22321
22340
22344
22358
22368
22380
22382
22392
22393
22403
22403
22409
22411
22420
22424
22437
22457
22465
22466
22469
22498
22501
22519
22526
22530
22537
22540
22541
22576
22578
22579
22581
22583
22585
22593
22594
22600
22602
22604
22607
22609
22621
22634
22653
22654
22656
22657
22660
22662
22672
22696
22722
22735
22739
22744
22753
22760
22772
22774
22783
22785
22787
22793
22798
22799
22806
22806
22809
22818
22828
22829
22846
22855
22858
22861
22862
22870
22879
22881
22883
22910
22917
22934
22936
22941
22945
22948
22951
22951
22958
22963
22977
22984
22994
23017
23022
23024
23026
23032
23049
23062
23072
23082
23090
23092
23096
23099
23104
23108
23112
23114
23120
23125
23137
23140
23165
23165
23169
23181
23188
23202
23211
23222
23229
23231
23238
23264
23268
23277
23284
23296
23296
23318
23327
23334
23345
23354
23372
23381
23391
23393
23402
23415
23420
23447
23465
23476
23477
23481
23488
23510
23516
23531
23533
23535
23539
23542
23549
23556
23567
23568
23572
23589
23592
23598
23606
23646
23647
23661
23664
23667
23686
23695
23710
23710
23716
23719
23722
23724
23724
23726
23749
23771
23771
23785
23785
23789
23790
23799
23801
23803
23831
23846
23848
23855
23863
23871
23878
23879
23885
23887
23892
23899
23910
23918
23930
23936
23943
23954
23959
23963
23963
23970
23974
23977
23999
24003
24007
24016
24019
24027
24054
24055
24057
24063
24068
24095
24096
24107
24108
24109
24115
24116
24146
24154
24158
24168
24170
24177
24185
24212
24214
24221
24233
24241
24242
24245
24252
24257
24267
24270
24292
24322
24353
24368
24370
24377
24379
24382
24383
24388
24396
24400
24401
24402
24427
24429
24438
24441
24444
24451
24466
24467
24471
24477
24484
24491
24510
24511
24515
24534
24537
24541
24562
24568
24594
24601
24608
24609
24621
24632
24636
24644
24645
24652
24655
24667
24671
24678
24679
24689
24726
24734
24735
24737
24739
24739
24742
24747
24747
24757
24758
24759
24760
24763
24788
24798
24807
24816
24824
24831
24831
24838
24866
24882
24888
24907
24933
24939
24943
24946
24953
24957
24965
24970
24984
24984
24985
24986
24988
24992
24999
25020
25020
25021
25021
25031
25035
25074
25077
25093
25098
25099
25107
25108
25111
25115
25123
25128
25139
25142
25145
25154
25166
25175
25183
25190
25203
25216
25224
25246
25251
25276
25283
25287
25291
25293
25309
25326
25339
25340
25341
25345
25352
25356
25361
25373
25379
25385
25406
25408
25416
25419
25429
25435
25439
25452
25455
25459
25470
25489
25496
25501
25510
25511
25514
25515
25523
25527
25531
25532
25542
25552
25576
25584
25584
25585
25588
25616
25625
25652
25664
25676
25681
25686
25711
25716
25719
25732
25741
25746
25749
25749
25751
25755
25759
25789
25796
25803
25806
25825
25827
25834
25848
25862
25890
25900
25921
25926
25929
25930
25931
25931
25946
25957
25959
25969
25983
25989
26013
26021
26022
26026
26037
26053
26059
26066
26075
26089
26093
26107
26115
26115
26117
26117
26118
26123
26157
26163
26181
26181
26197
26202
26209
26213
26213
26219
26222
26240
26242
26278
26295
26298
26335
26367
26368
26395
26397
26404
26404
26407
26413
26414
26419
26442
26444
26455
26463
26480
26528
26534
26550
26569
26576
26577
26584
26586
26597
26599
26606
26615
26618
26641
26647
26652
26653
26655
26655
26669
26675
26676
26689
26695
26701
26702
26715
26726
26726
26729
26761
26767
26792
26794
26813
26814
26814
26815
26815
26819
26845
26859
26874
26883
26896
26902
26912
26922
26923
26965
26978
26985
27038
27062
27071
27099
27108
27119
27120
27124
27136
27167
27183
27194
27204
27204
27208
27220
27222
27225
27234
27247
27251
27251
27258
27259
27272
27274
27297
27298
27299
27304
27310
27311
27333
27340
27346
27355
27356
27369
27372
27390
27395
27398
27400
27402
27421
27428
27436
27454
27462
27468
27483
27488
27496
27500
27502
27513
27520
27521
27532
27532
27550
27552
27562
27574
27579
27582
27584
27594
27594
27615
27624
27639
27639
27644
27655
27659
27696
27696
27715
27736
27754
27774
27777
27778
27789
27796
27808
27824
27835
27850
27868
27874
27888
27891
27892
27892
27894
27898
27914
27917
27929
27932
27941
27943
27972
27981
27985
27988
27994
27997
28008
28021
28027
28035
28037
28037
28046
28055
28057
28067
28076
28077
28079
28085
28085
28101
28107
28111
28113
28146
28169
28172
28184
28188
28191
28193
28194
28201
28213
28226
28245
28258
28271
28281
28285
28302
28305
28321
28324
28324
28338
28356
28363
28380
28396
28397
28403
28404
28406
28421
28452
28457
28477
28500
28506
28510
28520
28520
28533
28534
28534
28538
28542
28542
28551
28553
28553
28556
28559
28559
28561
28564
28565
28568
28572
28585
28607
28609
28613
28613
28620
28629
28637
28641
28643
28647
28656
28729
28729
28741
28745
28765
28787
28792
28794
28798
28801
28817
28820
28842
28843
28852
28865
28868
28871
28881
28890
28895
28895
28899
28899
28899
28900
28903
28914
28915
28917
28921
28931
28932
28934
28935
28941
28955
28959
28964
28974
28999
29000
29007
29009
29031
29049
29071
29076
29086
29102
29104
29123
29125
29136
29143
29144
29146
29147
29160
29160
29161
29167
29168
29171
29174
29181
29194
29195
29205
29206
29217
29233
29235
29236
29236
29268
29282
29289
29291
29296
29301
29311
29313
29317
29319
29328
29335
29346
29355
29355
29356
29362
29368
29374
29390
29392
29398
29404
29409
29410
29418
29429
29430
29452
29453
29469
29472
29484
29493
29512
29516
29599
29610
29618
29619
29629
29635
29641
29642
29655
29657
29673
29676
29678
29682
29685
29706
29709
29709
29713
29716
29754
29756
29757
29762
29764
29766
29787
29794
29797
29808
29808
29818
29834
29835
29837
29851
29870
29901
29910
29931
29932
29940
29948
29951
29959
29961
29969
29974
29989
29996
30007
30009
30020
30031
30039
30040
30050
30051
30051
30074
30075
30081
30081
30091
30096
30097
30132
30142
30146
30149
30168
30169
30190
30209
30211
30223
30233
30239
30248
30256
30263
30281
30293
30294
30300
30307
30310
30335
30360
30372
30374
30384
30387
30390
30393
30396
30398
30404
30406
30408
30418
30421
30426
30440
30443
30446
30449
30474
30485
30490
30497
30506
30516
30517
30519
30524
30527
30544
30548
30554
30564
30565
30571
30578
30592
30594
30599
30603
30608
30618
30626
30628
30638
30639
30640
30645
30645
30652
30657
30681
30686
30689
30690
30700
30706
30709
30716
30734
30753
30758
30778
30787
30793
30795
30806
30824
30837
30848
30851
30852
30854
30856
30857
30858
30861
30862
30872
30876
30899
30913
30931
30953
30957
30962
30973
30992
30993
30994
30995
30996
31011
31016
31032
31034
31042
31067
31070
31117
31126
31141
31159
31160
31176
31194
31205
31215
31223
31230
31230
31237
31254
31257
31259
31262
31263
31266
31275
31278
31282
31286
31287
31290
31291
31298
31299
31304
31306
31308
31308
31311
31318
31322
31345
31348
31349
31370
31374
31376
31377
31383
31389
31395
31396
31398
31401
31401
31407
31409
31419
31424
31429
31434
31452
31472
31480
31488
31488
31491
31492
31493
31515
31525
31525
31532
31561
31566
31572
31583
31587
31589
31589
31610
31613
31622
31640
31650
31660
31662
31663
31675
31719
31722
31722
31732
31737
31743
31754
31760
31764
31770
31774
31775
31778
31784
31789
31798
31800
31801
31814
31814
31814
31822
31827
31831
31833
31840
31845
31851
31851
31866
31867
31884
31892
31895
31911
31933
31946
31948
31956
31960
31960
31963
31965
31965
31971
31975
31977
31984
31993
32006
32006
32007
32010
32032
32041
32050
32050
32053
32094
32095
32118
32147
32155
32165
32168
32172
32190
32201
32214
32216
32227
32231
32234
32235
32238
32239
32242
32247
32253
32262
32279
32289
32291
32297
32298
32301
32308
32317
32322
32333
32337
32354
32362
32372
32376
32382
32388
32389
32393
32397
32399
32416
32420
32421
32425
32436
32451
32454
32459
32464
32471
32475
32476
32492
32495
32496
32500
32501
32502
32512
32530
32546
32558
32570
32597
32600
32601
32605
32606
32615
32628
32628
32630
32635
32653
32662
32667
32679
32681
32684
32706
32709
32730
32739
32749
32762
32763
32786
32793
32794
32803
32820
32840
32849
32857
32858
32858
32876
32878
32879
32884
32889
32893
32894
32913
32936
32937
32958
32958
32965
32965
32991
32995
33005
33007
33032
33041
33043
33059
33059
33059
33059
33084
33089
33099
33105
33109
33179
33180
33186
33197
33197
33197
33204
33209
33222
33224
33243
33247
33250
33252
33272
33282
33288
33291
33292
33294
33298
33303
33303
33312
33347
33354
33367
33374
33377
33396
33400
33441
33445
33445
33451
33461
33462
33466
33479
33485
33490
33498
33504
33508
33508
33522
33539
33554
33571
33579
33590
33591
33607
33626
33636
33637
33651
33669
33672
33676
33680
33681
33710
33710
33724
33726
33743
33744
33746
33748
33750
33760
33761
33773
33785
33789
33793
33796
33807
33813
33845
33851
33854
33861
33869
33876
33890
33894
33900
33920
33922
33923
33924
33929
33935
33940
33949
33953
33957
33965
33973
33976
33977
33978
33981
34001
34002
34024
34030
34031
34040
34076
34101
34117
34120
34125
34127
34134
34136
34163
34165
34165
34187
34190
34198
34199
34220
34227
34235
34236
34267
34272
34282
34282
34287
34288
34300
34300
34307
34307
34315
34317
34325
34326
34338
34339
34342
34347
34364
34367
34371
34382
34394
34395
34397
34409
34416
34417
34421
34437
34459
34470
34492
34500
34511
34513
34517
34523
34524
34529
34539
34552
34557
34558
34566
34576
34609
34619
34620
34629
34635
34641
34647
34658
34659
34659
34662
34665
34676
34678
34678
34687
34691
34698
34703
34709
34716
34730
34735
34756
34766
34781
34789
34806
34819
34832
34833
34850
34857
34861
34862
34873
34876
34880
34885
34895
34910
34913
34915
34923
34935
34936
34944
34950
34966
34968
34972
34973
34976
34985
35002
35005
35023
35032
35035
35038
35041
35042
35048
35053
35076
35081
35083
35098
35108
35115
35119
35136
35171
35175
35182
35194
35196
35207
35208
35208
35227
35233
35235
35235
35248
35251
35258
35276
35292
35294
35301
35323
35324
35332
35335
35347
35348
35352
35356
35359
35365
35372
35381
35385
35395
35402
35406
35407
35417
35417
35419
35422
35431
35436
35441
35460
35463
35469
35496
35497
35498
35538
35559
35562
35564
35579
35580
35592
35607
35620
35629
35630
35633
35634
35639
35649
35672
35676
35677
35679
35683
35702
35706
35709
35723
35739
35740
35742
35747
35749
35766
35771
35773
35775
35777
35778
35780
35798
35808
35821
35824
35833
35837
35847
35848
35849
35858
35858
35862
35864
35869
35886
35887
35890
35905
35909
35935
35949
35963
35971
35972
35987
35997
36021
36035
36037
36039
36083
36121
36128
36130
36142
36150
36163
36164
36175
36179
36197
36197
36199
36205
36210
36213
36214
36246
36247
36249
36252
36254
36256
36258
36263
36268
36272
36274
36285
36290
36290
36296
36307
36311
36312
36320
36334
36337
36342
36351
36372
36385
36396
36402
36417
36462
36478
36482
36490
36495
36497
36499
36500
36511
36522
36529
36537
36542
36561
36583
36588
36601
36610
36629
36630
36645
36645
36660
36670
36676
36676
36688
36701
36705
36707
36725
36731
36731
36743
36754
36786
36790
36796
36798
36800
36803
36805
36809
36812
36817
36829
36841
36843
36851
36853
36867
36869
36879
36882
36888
36891
36904
36912
36917
36921
36929
36940
36945
36947
36965
36976
36989
36999
37013
37016
37036
37053
37053
37056
37058
37059
37064
37072
37080
37086
37089
37111
37111
37112
37118
37126
37135
37149
37163
37169
37182
37184
37188
37193
37242
37244
37246
37249
37266
37269
37272
37274
37278
37283
37298
37306
37312
37314
37338
37361
37385
37389
37390
37407
37410
37420
37430
37439
37445
37464
37477
37483
37500
37506
37512
37517
37520
37525
37533
37558
37567
37568
37576
37587
37591
37599
37606
37609
37614
37622
37623
37633
37638
37639
37642
37643
37659
37661
37671
37672
37673
37676
37682
37685
37688
37699
37702
37703
37710
37720
37747
37758
37762
37766
37777
37780
37784
37785
37787
37791
37806
37811
37811
37817
37844
37848
37850
37859
37865
37876
37877
37890
37895
37929
37936
37957
37966
37969
37971
38008
38011
38022
38031
38047
38050
38057
38076
38081
38118
38131
38137
38140
38143
38155
38160
38171
38185
38193
38195
38196
38201
38215
38235
38239
38244
38254
38259
38267
38267
38269
38269
38276
38296
38310
38323
38333
38335
38341
38342
38344
38350
38358
38370
38397
38415
38418
38422
38428
38435
38438
38458
38461
38469
38475
38476
38479
38479
38488
38490
38492
38495
38512
38526
38563
38566
38567
38575
38581
38590
38594
38599
38600
38610
38614
38641
38642
38644
38678
38685
38698
38700
38702
38703
38703
38704
38723
38729
38732
38736
38747
38747
38765
38770
38781
38795
38804
38804
38806
38814
38824
38839
38840
38850
38853
38855
38856
38863
38865
38871
38873
38875
38879
38880
38888
38888
38891
38913
38914
38918
38919
38934
38935
38941
38947
38952
38972
38988
38992
38999
39008
39015
39033
39048
39075
39079
39081
39106
39128
39147
39158
39167
39170
39207
39211
39216
39223
39237
39250
39265
39277
39292
39306
39315
39315
39333
39336
39343
39351
39356
39372
39389
39402
39416
39423
39424
39433
39455
39458
39459
39468
39469
39475
39486
39502
39505
39515
39518
39526
39558
39584
39600
39602
39615
39623
39640
39641
39642
39644
39647
39651
39657
39672
39710
39715
39734
39739
39746
39757
39761
39767
39770
39777
39783
39809
39810
39820
39825
39831
39832
39857
39861
39867
39880
39882
39888
39904
39911
39911
39914
39920
39924
39925
39926
39927
39954
39967
39988
39989
39990
39998
40006
40010
40025
40026
40032
40033
40039
40051
40078
40088
40088
40096
40105
40135
40136
40142
40158
40162
40163
40180
40193
40196
40197
40205
40205
40220
40229
40250
40258
40259
40261
40270
40274
40296
40304
40322
40350
40365
40368
40380
40384
40422
40422
40453
40467
40479
40498
40503
40505
40521
40523
40525
40532
40539
40555
40556
40572
40574
40608
40632
40637
40657
40662
40667
40698
40709
40713
40717
40718
40721
40722
40723
40733
40738
40752
40758
40767
40772
40774
40774
40781
40782
40786
40795
40809
40815
40826
40828
40828
40843
40845
40849
40851
40868
40879
40885
40893
40904
40911
40914
40918
40919
40927
40934
40939
40941
40956
40969
40973
40975
40978
40984
40986
40988
40989
40991
41035
41037
41052
41057
41059
41061
41064
41066
41067
41070
41072
41081
41083
41088
41104
41107
41132
41136
41137
41138
41139
41140
41140
41140
41183
41194
41201
41206
41207
41232
41252
41254
41257
41258
41262
41275
41279
41290
41308
41311
41313
41332
41337
41345
41348
41356
41357
41360
41360
41377
41381
41382
41400
41404
41413
41437
41441
41442
41454
41461
41467
41469
41482
41484
41486
41509
41519
41521
41533
41533
41533
41545
41551
41564
41573
41577
41585
41600
41601
41602
41608
41613
41624
41629
41648
41652
41657
41660
41660
41661
41668
41677
41678
41682
41710
41712
41717
41723
41736
41739
41743
41744
41753
41754
41773
41779
41790
41801
41809
41814
41827
41841
41845
41855
41859
41869
41894
41897
41897
41914
41917
41942
41947
41948
41957
41964
41965
41988
41993
42021
42027
42033
42047
42058
42060
42066
42071
42085
42090
42096
42098
42110
42118
42121
42123
42127
42150
42151
42186
42188
42198
42200
42210
42215
42215
42236
42241
42247
42250
42255
42262
42264
42277
42292
42298
42303
42309
42323
42323
42341
42342
42343
42343
42351
42354
42366
42382
42396
42404
42407
42412
42416
42417
42424
42431
42437
42456
42456
42462
42466
42471
42472
42484
42525
42530
42532
42533
42539
42557
42557
42565
42569
42572
42587
42604
42606
42625
42630
42631
42639
42640
42642
42652
42657
42663
42681
42684
42690
42694
42702
42708
42710
42714
42717
42766
42807
42833
42850
42858
42867
42894
42902
42910
42918
42918
42921
42924
42935
42962
42963
42973
42979
42980
42990
42991
42993
43001
43002
43011
43024
43030
43033
43038
43048
43054
43056
43058
43059
43064
43071
43076
43076
43081
43101
43105
43107
43107
43115
43118
43120
43122
43123
43127
43127
43134
43143
43146
43154
43154
43166
43172
43186
43187
43188
43189
43190
43194
43201
43203
43204
43208
43214
43219
43227
43228
43233
43248
43254
43255
43258
43267
43269
43272
43273
43282
43283
43288
43293
43300
43327
43327
43328
43349
43352
43364
43371
43391
43392
43403
43420
43431
43447
43450
43464
43470
43475
43483
43489
43493
43530
43538
43557
43563
43569
43570
43575
43576
43591
43604
43627
43634
43636
43641
43641
43657
43666
43701
43717
43727
43763
43764
43765
43769
43770
43781
43791
43803
43860
43862
43866
43877
43884
43887
43895
43909
43911
43912
43918
43926
43929
43944
43947
43953
43954
43962
43995
44006
44013
44013
44015
44017
44024
44025
44039
44050
44064
44076
44081
44084
44093
44096
44105
44114
44118
44118
44121
44122
44135
44160
44166
44167
44171
44181
44188
44200
44204
44218
44218
44229
44236
44237
44241
44248
44248
44253
44257
44271
44283
44293
44296
44310
44320
44322
44341
44372
44379
44382
44388
44397
44415
44429
44431
44445
44446
44465
44468
44475
44478
44488
44489
44490
44504
44530
44535
44537
44538
44550
44552
44567
44583
44613
44614
44614
44615
44630
44634
44640
44641
44642
44646
44659
44663
44664
44667
44671
44684
44687
44699
44716
44746
44749
44751
44769
44776
44779
44781
44809
44809
44818
44818
44820
44828
44828
44842
44844
44857
44859
44862
44870
44877
44886
44888
44903
44906
44918
44920
44923
44930
44936
44974
44975
44999
45008
45012
45017
45018
45024
45045
45060
45069
45071
45107
45118
45120
45127
45128
45128
45128
45138
45139
45145
45151
45152
45155
45163
45164
45164
45181
45191
45198
45209
45215
45224
45240
45246
45267
45283
45300
45328
45330
45354
45355
45361
45364
45377
45379
45385
45389
45394
45427
45428
45446
45473
45485
45491
45508
45514
45517
45533
45539
45555
45566
45577
45581
45583
45585
45591
45591
45609
45609
45617
45618
45619
45622
45631
45640
45672
45682
45689
45691
45697
45698
45705
45720
45734
45734
45739
45762
45766
45790
45797
45833
45847
45865
45867
45871
45881
45890
45906
45917
45924
45932
45934
45935
45941
45954
45968
45990
45993
45995
45997
46009
46012
46013
46020
46022
46033
46042
46047
46052
46053
46065
46069
46090
46098
46101
46108
46114
46122
46128
46144
46154
46154
46164
46166
46167
46174
46175
46180
46180
46182
46183
46184
46193
46202
46204
46205
46206
46212
46218
46252
46252
46273
46286
46287
46312
46316
46318
46325
46345
46349
46363
46369
46371
46377
46396
46403
46406
46419
46429
46439
46444
46446
46447
46470
46481
46517
46518
46521
46535
46539
46543
46544
46559
46561
46563
46564
46580
46585
46588
46597
46603
46604
46606
46608
46619
46623
46626
46626
46650
46651
46651
46665
46666
46669
46673
46674
46684
46685
46691
46729
46741
46744
46767
46772
46785
46786
46786
46812
46818
46834
46858
46861
46886
46891
46895
46910
46926
46928
46933
46940
46952
46959
46981
46982
46985
46989
46997
47011
47021
47040
47048
47054
47059
47059
47061
47065
47070
47074
47084
47085
47085
47109
47126
47148
47150
47152
47156
47157
47176
47179
47183
47190
47198
47201
47205
47212
47215
47222
47222
47231
47232
47238
47238
47253
47265
47278
47282
47283
47285
47292
47297
47301
47303
47307
47311
47316
47319
47342
47346
47351
47359
47359
47361
47369
47401
47414
47419
47420
47426
47431
47434
47439
47441
47474
47481
47484
47487
47497
47501
47506
47531
47545
47546
47551
47554
47556
47558
47592
47597
47602
47634
47666
47672
47686
47699
47712
47713
47720
47724
47732
47733
47735
47750
47761
47773
47778
47786
47790
47801
47824
47826
47828
47831
47831
47831
47835
47836
47838
47850
47853
47854
47863
47864
47870
47889
47891
47894
47916
47919
47924
47928
47931
47943
47953
47965
47966
47976
47976
47992
48000
48014
48015
48015
48028
48052
48062
48063
48069
48078
48080
48089
48092
48092
48109
48117
48117
48120
48121
48181
48191
48201
48201
48208
48210
48219
48237
48242
48244
48245
48249
48261
48267
48279
48302
48306
48338
48341
48366
48370
48374
48376
48391
48408
48410
48419
48423
48445
48445
48446
48449
48450
48455
48466
48467
48478
48494
48497
48500
48503
48529
48530
48534
48538
48543
48555
48559
48560
48564
48584
48607
48608
48621
48634
48645
48647
48650
48652
48658
48667
48675
48693
48693
48700
48707
48708
48713
48718
48721
48733
48745
48754
48768
48798
48805
48811
48813
48816
48821
48830
48836
48839
48857
48868
48906
48931
48942
48948
48961
48966
48967
48998
49010
49010
49011
49012
49044
49047
49054
49061
49070
49073
49074
49079
49088
49096
49098
49099
49100
49111
49114
49115
49116
49119
49119
49125
49173
49175
49181
49181
49186
49193
49199
49212
49213
49220
49221
49237
49259
49268
49282
49297
49301
49305
49311
49315
49325
49338
49342
49346
49381
49385
49390
49394
49395
49407
49417
49420
49442
49464
49464
49470
49471
49473
49513
49524
49531
49538
49556
49575
49582
49584
49585
49595
49596
49601
49619
49627
49636
49658
49681
49687
49703
49707
49722
49727
49729
49733
49735
49743
49779
49782
49787
49790
49790
49795
49796
49812
49819
49830
49839
49869
49870
49874
49889
49905
49909
49912
49925
49928
49933
49943
49944
49949
49949
49951
49964
49977
49978
50001
50011
50015
50036
50038
50044
50047
50067
50079
50085
50098
50113
50115
50116
50131
50131
50138
50171
50194
50200
50231
50233
50233
50276
50277
50283
50288
50316
50345
50349
50377
50386
50400
50404
50408
50416
50423
50425
50427
50432
50449
50451
50455
50466
50471
50478
50485
50485
50488
50492
50519
50525
50529
50535
50563
50566
50577
50582
50585
50610
50612
50622
50623
50631
50633
50640
50646
50649
50661
50663
50689
50693
50694
50702
50707
50718
50724
50734
50738
50741
50751
50757
50760
50764
50764
50772
50795
50809
50820
50820
50822
50824
50837
50837
50851
50858
50869
50869
50873
50885
50885
50913
50931
50936
50943
50948
50954
50963
50972
50975
50978
50996
50998
51001
51003
51003
51011
51016
51019
51026
51036
51044
51059
51064
51074
51086
51088
51089
51136
51140
51150
51152
51166
51172
51173
51202
51207
51217
51221
51222
51236
51245
51251
51267
51277
51281
51287
51297
51300
51303
51310
51324
51326
51332
51341
51342
51368
51375
51384
51400
51402
51420
51422
51425
51425
51436
51443
51446
51448
51456
51474
51483
51511
51522
51526
51556
51564
51566
51571
51586
51608
51610
51610
51625
51631
51635
51637
51642
51658
51662
51673
51692
51696
51702
51704
51705
51711
51724
51732
51738
51746
51753
51755
51758
51765
51768
51768
51770
51788
51789
51793
51796
51801
51802
51817
51825
51832
51840
51844
51849
51873
51875
51880
51889
51893
51903
51906
51907
51914
51915
51917
51920
51920
51920
51923
51937
51943
51959
51969
51971
51986
52000
52001
52002
52013
52025
52040
52046
52063
52064
52066
52067
52080
52082
52084
52095
52099
52111
52113
52139
52159
52164
52173
52175
52179
52193
52206
52211
52222
52256
52259
52259
52259
52261
52269
52275
52278
52281
52284
52285
52291
52294
52301
52301
52306
52307
52310
52316
52317
52327
52334
52353
52362
52368
52376
52387
52390
52390
52390
52400
52403
52404
52420
52426
52442
52448
52449
52453
52453
52466
52467
52481
52503
52514
52527
52529
52538
52545
52549
52555
52559
52560
52566
52582
52585
52594
52607
52618
52630
52658
52664
52675
52675
52681
52696
52701
52701
52701
52707
52712
52722
52727
52728
52745
52748
52754
52758
52767
52778
52798
52800
52805
52805
52828
52850
52895
52903
52912
52915
52924
52941
52955
52955
52955
52967
52972
52976
52980
52980
52983
52984
52998
53001
53002
53007
53009
53012
53013
53018
53025
53032
53039
53039
53083
53090
53105
53112
53114
53115
53141
53150
53152
53156
53167
53177
53194
53196
53201
53207
53218
53219
53230
53230
53233
53242
53250
53258
53267
53269
53271
53274
53283
53289
53296
53298
53315
53330
53349
53352
53364
53368
53377
53393
53396
53408
53418
53421
53426
53448
53452
53472
53499
53506
53509
53556
53569
53570
53571
53574
53594
53605
53608
53612
53615
53626
53638
53686
53694
53711
53712
53714
53726
53740
53740
53753
53754
53790
53797
53798
53801
53806
53807
53808
53817
53826
53850
53861
53867
53868
53869
53889
53899
53902
53902
53908
53926
53927
53928
53936
53939
53944
53948
53961
53972
53975
53983
53988
53997
54004
54018
54021
54028
54032
54060
54071
54076
54096
54104
54106
54108
54110
54122
54147
54152
54171
54174
54181
54205
54231
54240
54247
54254
54267
54275
54284
54296
54313
54315
54318
54321
54325
54325
54328
54328
54331
54332
54347
54348
54376
54379
54384
54402
54405
54407
54416
54444
54448
54458
54460
54462
54465
54470
54475
54475
54478
54510
54510
54519
54527
54529
54534
54548
54558
54572
54575
54600
54612
54624
54627
54647
54649
54667
54671
54683
54701
54707
54710
54712
54713
54717
54722
54723
54723
54735
54741
54748
54749
54762
54763
54771
54782
54802
54806
54830
54832
54834
54842
54867
54869
54878
54880
54887
54887
54900
54911
54911
54922
54947
54965
54971
54972
54982
54983
54987
54990
55000
55011
55025
55045
55058
55063
55068
55069
55092
55099
55101
55106
55113
55146
55148
55149
55172
55173
55182
55203
55209
55211
55212
55213
55227
55240
55253
55262
55266
55266
55269
55278
55289
55291
55318
55323
55326
55356
55357
55360
55387
55401
55414
55415
55419
55420
55423
55425
55427
55435
55438
55444
55459
55465
55472
55492
55496
55506
55516
55518
55522
55529
55542
55544
55550
55555
55563
55565
55566
55569
55572
55592
55604
55605
55624
55629
55644
55647
55662
55666
55674
55692
55698
55708
55746
55751
55754
55765
55769
55769
55775
55792
55808
55813
55822
55823
55832
55833
55845
55849
55861
55863
55867
55872
55919
55923
55964
55987
55988
55996
56002
56031
56032
56046
56069
56093
56094
56095
56101
56102
56103
56107
56109
56110
56123
56125
56128
56146
56151
56154
56159
56192
56206
56207
56210
56244
56258
56258
56271
56272
56273
56285
56290
56295
56297
56302
56318
56342
56356
56361
56378
56387
56395
56399
56412
56414
56420
56450
56457
56459
56468
56476
56484
56485
56486
56495
56496
56500
56522
56543
56551
56573
56581
56588
56602
56612
56614
56615
56615
56631
56634
56645
56647
56647
56650
56653
56656
56658
56659
56661
56667
56682
56684
56691
56701
56706
56736
56738
56738
56740
56741
56755
56755
56756
56760
56761
56763
56773
56781
56787
56794
56795
56796
56816
56817
56832
56844
56855
56857
56859
56863
56874
56877
56877
56879
56881
56892
56896
56898
56903
56906
56922
56926
56929
56932
56933
56936
56944
56949
56957
56959
56967
56967
56999
57004
57040
57043
57050
57060
57063
57064
57068
57070
57135
57152
57153
57155
57163
57177
57202
57214
57237
57244
57247
57249
57254
57268
57269
57273
57278
57281
57294
57310
57336
57354
57368
57371
57377
57379
57391
57396
57402
57403
57403
57410
57415
57454
57456
57468
57479
57484
57490
57495
57500
57501
57502
57509
57515
57518
57540
57548
57551
57556
57585
57589
57595
57609
57614
57615
57627
57631
57640
57645
57646
57648
57662
57672
57674
57678
57704
57730
57737
57744
57752
57757
57786
57808
57822
57831
57850
57852
57856
57865
57876
57883
57890
57902
57914
57927
57931
57934
57936
57937
57942
57959
57966
57967
57971
57980
57982
58012
58016
58025
58033
58034
58052
58052
58069
58071
58078
58079
58083
58086
58088
58089
58092
58093
58102
58104
58116
58130
58137
58141
58144
58163
58167
58171
58172
58181
58184
58200
58210
58210
58224
58225
58275
58278
58283
58298
58300
58315
58327
58359
58381
58383
58383
58386
58405
58406
58410
58417
58417
58421
58427
58456
58457
58462
58464
58464
58464
58468
58474
58492
58498
58506
58512
58520
58529
58530
58530
58537
58542
58555
58564
58570
58584
58586
58589
58609
58628
58629
58633
58636
58640
58642
58647
58652
58661
58667
58671
58674
58677
58682
58683
58686
58693
58696
58711
58715
58719
58735
58738
58756
58795
58796
58805
58810
58818
58838
58840
58844
58844
58844
58849
58851
58851
58852
58870
58875
58884
58887
58900
58906
58923
58927
58937
58946
58950
58954
58961
58962
58978
58990
58991
58994
58994
59006
59049
59050
59058
59062
59073
59076
59098
59109
59109
59124
59132
59136
59148
59150
59160
59178
59198
59211
59213
59228
59236
59249
59260
59266
59269
59272
59288
59292
59298
59300
59304
59325
59341
59343
59348
59349
59370
59370
59370
59377
59380
59381
59384
59387
59389
59403
59410
59410
59420
59423
59424
59432
59442
59449
59455
59458
59461
59463
59476
59482
59483
59487
59490
59491
59505
59507
59510
59519
59525
59559
59571
59577
59579
59587
59592
59598
59599
59599
59606
59606
59611
59633
59640
59655
59659
59671
59678
59684
59708
59712
59712
59728
59749
59763
59764
59781
59790
59792
59797
59811
59832
59848
59849
59850
59866
59866
59890
59892
59897
59925
59928
59930
59933
59941
59945
59947
59950
59982
59983
59985
59986
59986
59990
59991
59996
60000
60000
60008
60013
60014
60016
60018
60023
60030
60033
60038
60041
60052
60061
60062
60071
60072
60077
60097
60104
60106
60122
60124
60125
60133
60144
60163
60169
60170
60179
60185
60191
60199
60205
60210
60213
60254
60259
60270
60271
60274
60280
60317
60323
60326
60331
60338
60340
60353
60355
60367
60369
60371
60374
60375
60384
60393
60394
60419
60419
60419
60432
60434
60436
60445
60445
60456
60457
60462
60465
60467
60477
60486
60492
60500
60501
60503
60513
60528
60535
60539
60553
60554
60571
60581
60597
60621
60626
60628
60630
60643
60646
60652
60658
60687
60687
60700
60700
60707
60712
60715
60715
60716
60721
60736
60740
60745
60745
60761
60778
60782
60784
60786
60787
60793
60842
60844
60852
60860
60864
60878
60883
60884
60900
60902
60904
60905
60909
60921
60929
60931
60936
60941
60959
60966
60968
60970
60971
60976
60977
61019
61045
61052
61053
61055
61055
61061
61068
61079
61094
61097
61100
61103
61112
61181
61190
61224
61239
61253
61267
61269
61270
61270
61274
61282
61308
61325
61325
61344
61352
61377
61389
61389
61397
61401
61404
61408
61427
61431
61431
61435
61438
61439
61445
61456
61460
61484
61485
61490
61511
61520
61533
61535
61536
61539
61547
61548
61563
61564
61589
61592
61595
61596
61597
61599
61601
61612
61623
61636
61641
61643
61659
61665
61677
61679
61687
61692
61700
61701
61705
61713
61713
61714
61722
61731
61734
61739
61747
61747
61756
61759
61764
61764
61784
61791
61795
61801
61809
61810
61815
61828
61829
61832
61836
61846
61848
61871
61879
61885
61886
61911
61911
61928
61940
61945
61948
61955
61957
61966
61968
61969
61986
62011
62016
62028
62028
62030
62037
62039
62047
62049
62055
62079
62083
62094
62114
62135
62157
62177
62188
62206
62207
62218
62224
62240
62245
62251
62251
62263
62272
62287
62296
62301
62303
62309
62323
62328
62354
62358
62359
62364
62367
62379
62386
62387
62393
62398
62408
62411
62430
62451
62475
62482
62486
62495
62496
62499
62501
62501
62511
62527
62529
62534
62535
62564
62566
62581
62594
62612
62618
62627
62633
62640
62642
62646
62647
62649
62652
62657
62662
62683
62695
62699
62728
62729
62729
62732
62733
62747
62747
62756
62759
62778
62782
62791
62794
62805
62809
62813
62829
62834
62837
62845
62855
62858
62860
62863
62865
62871
62885
62905
62908
62918
62921
62932
62941
62948
62975
62975
62978
62989
62996
62997
63010
63013
63017
63029
63042
63044
63049
63061
63066
63071
63084
63103
63105
63115
63137
63143
63147
63174
63177
63183
63191
63201
63216
63221
63223
63224
63249
63260
63260
63270
63274
63288
63293
63295
63310
63311
63320
63345
63348
63353
63355
63364
63381
63388
63390
63411
63426
63434
63450
63454
63460
63481
63481
63483
63499
63501
63542
63547
63553
63565
63572
63604
63607
63609
63618
63619
63629
63629
63635
63649
63664
63669
63675
63678
63679
63684
63685
63688
63712
63737
63740
63746
63751
63753
63781
63782
63785
63791
63792
63792
63794
63795
63797
63806
63818
63819
63834
63841
63846
63848
63853
63862
63863
63876
63895
63895
63906
63909
63914
63917
63924
63941
63943
63954
63957
63967
63975
63982
63994
64000
64005
64006
64010
64013
64017
64025
64027
64032
64035
64037
64037
64038
64085
64087
64095
64122
64124
64135
64141
64163
64167
64177
64185
64186
64194
64205
64212
64220
64231
64243
64245
64260
64278
64280
64283
64288
64290
64296
64301
64323
64329
64343
64343
64344
64353
64361
64364
64377
64380
64381
64384
64391
64394
64395
64398
64449
64450
64494
64511
64511
64515
64519
64525
64525
64531
64540
64540
64541
64542
64542
64544
64547
64551
64552
64574
64601
64605
64609
64610
64610
64624
64634
64643
64650
64650
64661
64673
64697
64703
64706
64708
64725
64727
64756
64758
64760
64763
64790
64804
64812
64831
64854
64861
64865
64880
64881
64895
64906
64914
64918
64926
64928
64936
64942
64949
64973
64974
64980
64988
64997
65005
65007
65034
65042
65050
65060
65072
65076
65076
65080
65090
65093
65102
65107
65107
65113
65114
65118
65127
65131
65136
65138
65145
65148
65151
65161
65162
65166
65186
65196
65196
65212
65228
65234
65243
65245
65249
65263
65276
65289
65290
65317
65330
65333
65334
65358
65370
65370
65372
65376
65378
65381
65381
65387
65388
65400
65411
65412
65431
65443
65444
65446
65459
65465
65467
65467
65490
65495
65495
65512
65516
65520
65537
65537
65547
65553
65565
65570
65582
65598
65599
65605
65607
65614
65617
65642
65658
65670
65698
65714
65723
65724
65759
65762
65770
65775
65783
65786
65797
65805
65807
65812
65817
65824
65826
65835
65837
65853
65865
65871
65874
65877
65879
65890
65894
65904
65909
65911
65941
65966
65966
65968
65974
65977
65978
65985
66000
66004
66019
66030
66050
66051
66054
66060
66064
66064
66065
66075
66082
66087
66087
66093
66122
66123
66136
66137
66178
66183
66186
66193
66203
66226
66242
66274
66286
66290
66294
66298
66298
66301
66309
66311
66311
66320
66348
66370
66380
66401
66401
66429
66434
66438
66440
66441
66442
66443
66456
66457
66462
66466
66469
66481
66501
66526
66537
66537
66542
66542
66547
66554
66560
66564
66572
66587
66598
66607
66614
66616
66629
66636
66637
66664
66679
66682
66689
66699
66704
66710
66717
66721
66722
66723
66726
66735
66736
66737
66742
66744
66776
66793
66797
66801
66804
66805
66805
66806
66811
66822
66833
66834
66835
66841
66845
66847
66857
66866
66871
66877
66882
66884
66887
66903
66910
66913
66941
66952
66956
66974
66975
66981
67001
67008
67009
67013
67013
67030
67043
67045
67059
67070
67079
67081
67082
67092
67107
67114
67127
67130
67137
67157
67163
67176
67182
67189
67208
67226
67234
67235
67242
67248
67254
67256
67256
67262
67272
67295
67309
67328
67332
67333
67337
67343
67346
67347
67359
67369
67374
67393
67401
67404
67405
67414
67415
67417
67436
67436
67437
67442
67463
67465
67468
67470
67471
67477
67488
67512
67512
67520
67520
67539
67546
67546
67554
67560
67575
67578
67589
67600
67603
67615
67621
67635
67641
67650
67658
67668
67670
67680
67687
67689
67706
67710
67736
67739
67751
67753
67758
67759
67765
67770
67771
67784
67796
67797
67808
67809
67833
67834
67837
67837
67837
67845
67847
67857
67878
67879
67880
67882
67884
67898
67905
67912
67928
67932
67937
67944
67960
67963
67980
67987
68002
68014
68015
68020
68022
68029
68041
68049
68054
68056
68066
68078
68081
68081
68092
68095
68116
68125
68130
68159
68163
68166
68167
68201
68202
68203
68214
68219
68230
68240
68261
68264
68282
68293
68300
68329
68339
68341
68348
68349
68355
68359
68360
68367
68374
68387
68397
68411
68421
68428
68450
68493
68497
68515
68520
68543
68546
68562
68566
68572
68577
68578
68584
68595
68596
68611
68616
68631
68635
68640
68649
68651
68672
68679
68682
68683
68691
68706
68732
68754
68761
68768
68775
68783
68800
68809
68814
68814
68816
68843
68855
68866
68876
68887
68890
68892
68905
68906
68911
68914
68932
68932
68936
68958
68969
68980
69004
69004
69011
69015
69021
69022
69037
69042
69051
69057
69080
69081
69083
69088
69100
69100
69118
69118
69122
69124
69132
69132
69137
69165
69170
69182
69189
69194
69216
69222
69230
69233
69237
69243
69253
69273
69292
69293
69320
69322
69323
69331
69333
69338
69342
69343
69344
69348
69353
69364
69373
69382
69392
69393
69400
69405
69425
69437
69440
69441
69451
69481
69484
69492
69504
69520
69527
69529
69534
69544
69548
69548
69553
69557
69578
69582
69582
69589
69591
69600
69603
69629
69635
69639
69641
69647
69649
69666
69675
69677
69679
69687
69706
69712
69720
69734
