12
27
50
60
92
171
200
207
234
234
316
337
346
354
435
468
483
499
502
547
590
674
688
688
704
705
733
735
758
764
811
813
884
903
993
1108
1143
1234
1241
1260
1272
1308
1327
1336
1378
1450
1461
1492
1514
1529
1560
1592
1641
1656
1674
1698
1716
1761
1776
1779
1806
1836
1925
1943
1971
1998
2022
2035
2056
2062
2087
2091
2137
2152
2239
2328
2378
2384
2427
2460
2533
2546
2574
2581
2586
2594
2651
2673
2707
2761
2778
2796
2828
2835
2876
2922
2970
2979
3015
3064
3100
3130
3134
3187
3222
3310
3334
3376
3427
3435
3442
3471
3483
3502
3622
3637
3670
3685
3740
3767
3806
3810
3864
3923
3976
4055
4066
4173
4220
4259
4279
4287
4325
4344
4371
4403
4405
4449
4550
4577
4743
4745
4830
4863
4971
4982
4996
5004
5006
5060
5095
5104
5148
5227
5237
5325
5344
5347
5351
5359
5388
5404
5414
5423
5533
5554
5595
5600
5605
5640
5654
5711
5719
5720
5734
5797
5845
5874
5992
5994
6051
6077
6083
6094
6167
6217
6284
6297
6313
6499
6517
6518
6528
6530
6556
6563
6577
6586
6597
6614
6615
6630
6642
6761
6794
6853
6858
6895
6941
6982
7027
7060
7073
7283
7306
7314
7322
7337
7418
7425
7430
7511
7535
7597
7603
7686
7762
7783
7843
7909
7918
7939
7957
8014
8035
8058
8065
8118
8131
8140
8143
8166
8181
8302
8353
8359
8397
8397
8406
8412
8427
8453
8480
8516
8551
8563
8592
8602
8612
8621
8624
8629
8706
8716
8754
8815
8832
8840
8851
8968
9019
9118
9127
9134
9172
9191
9286
9298
9315
9324
9343
9344
9410
9575
9606
9631
9693
9707
9785
9807
9817
9823
9835
9913
9973
10031
10042
10054
10087
10088
10112
10135
10140
10155
10211
10224
10249
10253
10270
10303
10365
10365
10400
10411
10442
10499
10510
10527
10627
10755
10756
10764
10769
10773
10783
10804
10838
10872
10916
10928
10928
10963
10986
11013
11016
11125
11164
11176
11181
11188
11233
11336
11401
11469
11481
11492
11505
11519
11541
11543
11576
11583
11663
11697
11702
11704
11718
11799
11882
11910
12015
12038
12043
12096
12113
12153
12156
12222
12227
12252
12366
12402
12432
12442
12448
12480
12555
12643
12644
12656
12698
12723
12865
12881
12896
12910
12938
12998
13021
13091
13104
13128
13196
13332
13342
13366
13395
13452
13508
13530
13539
13557
13557
13625
13682
13771
13789
13847
13872
13880
13937
13967
14011
14032
14081
14138
14150
14152
14161
14161
14230
14315
14353
14360
14522
14533
14534
14537
14555
14596
14617
14645
14661
14691
14774
14845
14858
14917
14945
15016
15066
15080
15106
15120
15123
15185
15201
15258
15286
15326
15472
15474
15582
15585
15590
15651
15740
15759
15794
15808
15852
15880
15890
15897
15938
15974
15988
15996
16054
16054
16089
16116
16143
16200
16245
16250
16287
16288
16306
16331
16456
16583
16608
16654
16700
16717
16718
16808
16819
16901
16927
16944
16944
16967
16983
17054
17056
17057
17076
17079
17101
17124
17145
17201
17225
17231
17273
17286
17322
17336
17352
17368
17385
17412
17424
17461
17553
17558
17586
17617
17662
17665
17719
17786
17861
17910
17934
17935
17952
17964
17983
18016
18026
18107
18128
18138
18174
18204
18219
18245
18245
18325
18388
18459
18561
18575
18667
18682
18702
18811
18843
18871
18898
19007
19073
19083
19089
19130
19202
19208
19222
19228
19228
19293
19308
19320
19326
19335
19367
19371
19443
19488
19489
19490
19536
19613
19657
19717
19731
19732
19779
19788
19830
19831
19832
19839
19847
19853
19875
19876
19903
19942
20104
20142
20146
20147
20150
20162
20181
20189
20231
20238
20253
20299
20311
20321
20341
20373
20375
20394
20435
20445
20491
20560
20562
20670
20689
20729
20770
20802
20825
20857
20876
20897
20919
20942
20964
21001
21005
21012
21018
21079
21152
21172
21197
21235
21278
21297
21304
21316
21324
21324
21342
21350
21376
21391
21407
21411
21491
21683
21694
21699
21702
21705
21745
21768
21813
21832
21876
21887
21890
22047
22049
22054
22077
22079
22164
22196
22210
22349
22368
22444
22468
22517
22539
22542
22544
22593
22620
22633
22640
22653
22684
22725
22847
22866
22882
22912
22939
22999
23079
23096
23152
23174
23234
23264
23305
23392
23448
23474
23478
23489
23510
23527
23605
23606
23633
23643
23828
23855
23858
23910
23915
23990
24116
24138
24139
24140
24196
24206
24222
24225
24230
24290
24301
24367
24433
24486
24505
24527
24700
24712
24715
24717
24769
24792
24838
24855
24920
24927
24927
24944
24976
24977
25079
25113
25121
25126
25128
25129
25192
25203
25243
25265
25272
25324
25346
25349
25358
25397
25403
25422
25463
25516
25546
25548
25575
25575
25593
25661
25672
25697
25705
25732
25735
25780
25801
25864
25965
26088
26124
26131
26142
26150
26172
26195
26215
26241
26262
26272
26283
26306
26307
26326
26356
26356
26381
26455
26461
26471
26497
26525
26551
26560
26579
26616
26624
26641
26659
26666
26740
26795
26802
26809
26858
26944
27045
27064
27069
27204
27242
27268
27327
27342
27382
27435
27469
27471
27480
27489
27501
27501
27512
27527
27538
27542
27565
27597
27601
27782
27783
27792
27819
27824
27849
27850
27863
27864
27916
27919
27935
27963
27979
28033
28056
28118
28255
28332
28433
28434
28435
28441
28452
28453
28473
28478
28484
28587
28601
28634
28646
28658
28671
28724
28735
28751
28801
28808
28808
28843
28844
28951
28984
29011
29063
29108
29136
29158
29175
29202
29216
29243
29250
29276
29317
29320
29372
29390
29416
29471
29505
29559
29568
29575
29586
29598
29621
29668
29698
29735
29740
29743
29829
29890
29901
29940
29973
30012
30019
30025
30034
30070
30077
30082
30115
30116
30132
30171
30176
30181
30215
30245
30283
30295
30320
30320
30358
30361
30375
30387
30388
30448
30475
30567
30594
30596
30606
30692
30722
30741
30771
30814
30827
30829
30837
30856
30879
30918
30926
30942
31194
31227
31239
31250
31275
31290
31314
31340
31367
31410
31450
31497
31505
31525
31548
31583
31620
31630
31653
31680
31756
31786
31788
31794
31802
31812
31830
31835
31838
31875
31928
31954
32056
32097
32099
32174
32183
32212
32244
32275
32317
32370
32431
32532
32550
32598
32607
32608
32754
32755
32833
32857
32886
32939
32939
33078
33090
33129
33139
33149
33206
33210
33240
33275
33295
33401
33518
33529
33546
33604
33605
33627
33641
33698
33712
33722
33842
33846
33885
33969
34017
34043
34067
34093
34099
34122
34132
34142
34171
34187
34254
34311
34341
34342
34365
34403
34460
34501
34513
34523
34534
34550
34563
34571
34571
34597
34655
34709
34709
34732
34783
34800
34817
34838
34841
34902
34925
35020
35074
35078
35096
35115
35149
35173
35203
35273
35394
35426
35442
35447
35496
35497
35503
35547
35559
35679
35723
35736
35742
35746
35749
35765
35818
35862
35889
36039
36076
36120
36129
36161
36256
36261
36271
36315
36325
36358
36430
36471
36529
36546
36559
36621
36640
36708
36791
36807
36995
37027
37067
37085
37090
37122
37140
37184
37192
37250
37277
37306
37324
37327
37336
37379
37379
37401
37477
37510
37516
37518
37566
37607
37640
37646
37670
37698
37754
37818
37830
37840
37844
37857
37870
37880
37928
37930
37977
37990
38006
38021
38022
38028
38121
38125
38218
38338
38357
38364
38381
38435
38437
38444
38446
38477
38503
38582
38621
38637
38643
38679
38742
38756
38808
38850
38854
38862
38934
39022
39051
39068
39078
39080
39111
39216
39220
39225
39267
39291
39323
39356
39427
39434
39469
39482
39517
39545
39566
39579
39717
39718
39805
39811
39825
39835
39844
39855
39867
39887
39898
40158
40183
40200
40226
40234
40239
40255
40271
40291
40306
40307
40385
40394
40438
40439
40444
40475
40477
40486
40515
40526
40569
40619
40751
40808
40817
40838
40858
40862
40872
40916
40925
40932
40964
40978
40979
41059
41070
41099
41156
41172
41183
41222
41271
41316
41398
41414
41492
41497
41499
41499
41507
41542
41567
41604
41704
41714
41764
41866
41896
41965
42002
42059
42092
42092
42115
42117
42165
42194
42225
42264
42266
42284
42344
42502
42575
42630
42787
42804
42838
42839
42877
42895
42909
42921
42936
42952
43044
43058
43094
43114
43130
43157
43164
43219
43314
43328
43363
43389
43423
43439
43485
43519
43538
43597
43619
43660
43704
43774
43864
43971
44044
44091
44145
44185
44299
44340
44353
44385
44386
44387
44419
44529
44571
44598
44599
44764
44771
44820
44927
44927
44947
44995
44998
45003
45004
45033
45036
45049
45064
45067
45117
45144
45161
45183
45260
45285
45417
45417
45522
45523
45548
45618
45650
45657
45662
45722
45798
45996
46002
46020
46047
46057
46058
46088
46091
46173
46257
46275
46280
46288
46313
46333
46368
46371
46377
46387
46432
46451
46481
46498
46518
46547
46562
46563
46574
46590
46599
46613
46648
46658
46749
46817
46851
46866
46874
46923
46926
46933
46971
46981
46999
47005
47021
47045
47058
47098
47112
47196
47219
47230
47248
47357
47366
47381
47443
47462
47476
47584
47593
47667
47711
47759
47802
47809
47817
47841
47868
47897
47902
47999
48035
48047
48061
48140
48164
48166
48190
48243
48265
48284
48294
48315
48334
48393
48408
48467
48476
48497
48601
48602
48661
48680
48699
48730
48773
48825
48826
48837
48840
48843
48891
48940
48951
48951
48953
49080
49086
49087
49096
49143
49143
49149
49214
49219
49305
49313
49321
49339
49349
49407
49439
49458
49495
49520
49521
49525
49537
49540
49564
49651
49739
49773
49774
49775
49952
50007
50028
50071
50146
50159
50166
50211
50254
50308
50339
50340
50342
50358
50425
50435
50440
50498
50503
50528
50567
50574
50630
50634
50701
50702
50728
50743
50799
50828
50883
50933
50935
50937
50945
51038
51086
51091
51112
51116
51143
51150
51243
51259
51267
51273
51276
51280
51322
51353
51473
51502
51520
51522
51540
51573
51587
51589
51648
51652
51795
51839
51893
51915
51956
52029
52116
52124
52154
52211
52229
52260
52280
52332
52343
52394
52461
52570
52590
52596
52696
52726
52755
52816
52836
52857
52866
52879
52923
52931
53001
53013
53088
53157
53161
53193
53198
53322
53336
53373
53382
53407
53464
53484
53503
53515
53534
53563
53591
53635
53677
53702
53788
53823
53831
53832
53850
53878
53893
53942
54012
54017
54020
54024
54027
54049
54066
54122
54154
54163
54202
54251
54312
54341
54368
54403
54427
54435
54497
54505
54523
54528
54535
54590
54625
54671
54868
54876
54881
55061
55134
55182
55214
55284
55315
55407
55428
55463
55490
55517
55522
55547
55640
55726
55776
55804
55868
55882
55885
55900
55943
56003
56043
56052
56131
56133
56141
56154
56159
56160
56177
56192
56233
56234
56316
56338
56341
56345
56436
56451
56490
56509
56682
56683
56700
56717
56756
56782
56794
56837
56859
56864
56865
56907
56933
56984
56997
57002
57068
57087
57103
57124
57139
57140
57143
57160
57180
57192
57196
57204
57223
57230
57253
57308
57335
57338
57341
57357
57406
57435
57483
57489
57489
57537
57569
57569
57589
57604
57623
57651
57651
57658
57673
57674
57682
57737
57740
57876
57886
57912
57922
58026
58031
58043
58088
58092
58097
58111
58148
58151
58152
58187
58192
58200
58237
58316
58344
58407
58437
58511
58518
58525
58562
58569
58593
58599
58663
58706
58737
58749
58776
58972
58973
58975
58986
59034
59052
59079
59124
59149
59169
59244
59269
59303
59311
59322
59330
59353
59353
59364
59372
59389
59431
59455
59470
59503
59544
59604
59625
59640
59697
59739
59747
59800
59816
59961
59989
59996
60008
60014
60026
60052
60060
60088
60129
60150
60153
60182
60199
60322
60327
60333
60334
60349
60376
60391
60402
60471
60483
60505
60560
60568
60620
60706
60756
60842
60868
60868
60934
60963
61003
61121
61136
61145
61154
61184
61257
61271
61291
61344
61363
61389
61399
61416
61418
61465
61509
61540
61542
61570
61600
61623
61710
61752
61769
61835
61836
61839
61896
61897
61948
61985
62033
62110
62112
62121
62162
62206
62264
62350
62362
62372
62373
62382
62408
62429
62461
62486
62536
62583
62610
62691
62710
62751
62826
62852
62896
62987
63025
63072
63159
63212
63228
63252
63257
63258
63282
63310
63343
63358
63433
63462
63467
63484
63529
63536
63546
63551
63585
63593
63635
63650
63668
63696
63802
63870
63937
63993
64061
64088
64183
64184
64191
64213
64242
64280
64319
64378
64388
64390
64401
64459
64535
64548
64618
64649
64690
64701
64741
64758
64774
64857
64877
64938
65038
65139
65187
65204
65292
65341
65368
65374
65400
65433
65448
65478
65485
65535
65586
65618
65655
65674
65717
65725
65756
65807
65870
65888
65973
65987
66007
66069
66086
66112
66193
66252
66262
66289
66341
66409
66441
66564
66609
66612
66640
66741
66747
66779
66792
66818
66834
66859
66879
66888
66930
66948
66962
66982
67011
67017
67044
67114
67135
67189
67202
67246
67253
67296
67302
67421
67428
67448
67453
67457
67457
67518
67525
67540
67541
67554
67567
67575
67579
67597
67811
67846
67848
67898
67939
67976
67986
68032
68033
68046
68076
68090
68110
68125
68156
68172
68239
68275
68282
68305
68336
68367
68411
68412
68439
68515
68539
68557
68562
68582
68585
68633
68633
68634
68661
68664
68675
68706
68729
68729
68747
68801
68890
68891
68903
68965
68977
68993
69069
69081
69203
69221
69237
69260
69274
69302
69309
69311
69388
69409
69427
69433
69464
69518
69541
69576
69589
69596
69613
69630
69652
69668
69719
