0
6
7
11
17
18
25
35
39
42
42
59
60
63
68
71
80
96
101
107
119
150
169
174
183
221
231
232
234
250
251
268
270
272
274
286
293
296
296
306
345
357
357
361
363
371
373
373
376
378
381
391
393
400
416
417
419
421
423
425
426
428
440
440
441
446
449
474
485
505
542
542
547
550
554
560
566
568
577
578
597
626
628
629
630
633
638
646
655
669
670
683
701
722
726
735
741
742
742
743
747
752
766
769
791
800
805
812
817
823
827
830
835
850
866
868
870
888
888
901
904
910
912
913
930
934
938
943
957
983
989
1001
1005
1014
1025
1030
1035
1052
1056
1061
1069
1084
1101
1162
1173
1179
1181
1191
1196
1201
1213
1233
1236
1243
1255
1263
1265
1266
1268
1282
1283
1284
1286
1287
1298
1299
1299
1303
1317
1334
1339
1343
1345
1363
1364
1370
1371
1371
1372
1380
1388
1393
1400
1411
1413
1413
1415
1434
1436
1438
1466
1466
1472
1474
1482
1483
1483
1489
1511
1519
1540
1542
1556
1565
1567
1610
1614
1622
1631
1645
1654
1654
1658
1667
1684
1688
1695
1696
1698
1699
1705
1708
1710
1711
1711
1716
1717
1728
1737
1746
1748
1751
1758
1764
1768
1770
1779
1782
1786
1786
1802
1815
1817
1819
1823
1826
1840
1861
1882
1897
1903
1906
1915
1928
1938
1944
1952
1961
1963
1967
1972
1972
1973
1981
2001
2008
2011
2017
2021
2023
2025
2025
2032
2041
2046
2065
2070
2074
2087
2088
2088
2109
2126
2142
2151
2160
2173
2178
2185
2191
2192
2205
2228
2231
2232
2239
2241
2247
2249
2252
2265
2269
2278
2279
2280
2286
2287
2295
2298
2304
2314
2318
2320
2321
2355
2369
2372
2377
2378
2386
2387
2388
2395
2397
2408
2409
2411
2414
2415
2418
2424
2440
2444
2449
2449
2449
2450
2455
2458
2460
2492
2501
2528
2531
2545
2550
2555
2575
2575
2584
2587
2593
2594
2597
2601
2622
2623
2625
2639
2639
2649
2653
2662
2663
2672
2683
2686
2689
2690
2693
2693
2701
2705
2713
2720
2727
2728
2737
2744
2754
2765
2768
2780
2781
2792
2797
2816
2820
2836
2844
2858
2859
2893
2896
2901
2903
2908
2919
2929
2932
2954
2958
2959
2971
2972
2977
2982
3012
3016
3029
3042
3045
3050
3057
3058
3060
3069
3069
3088
3088
3089
3096
3106
3121
3122
3124
3130
3131
3131
3157
3158
3160
3171
3175
3175
3182
3190
3198
3199
3219
3231
3238
3240
3242
3247
3248
3249
3266
3273
3273
3275
3284
3287
3293
3303
3305
3318
3324
3324
3327
3328
3332
3339
3339
3341
3343
3343
3345
3348
3352
3359
3361
3361
3373
3375
3376
3417
3419
3443
3445
3446
3457
3480
3482
3492
3520
3566
3581
3601
3607
3611
3621
3621
3621
3631
3637
3675
3678
3684
3710
3714
3716
3716
3721
3724
3730
3733
3738
3764
3770
3772
3794
3795
3799
3810
3814
3815
3832
3835
3836
3840
3846
3853
3865
3866
3866
3867
3878
3885
3890
3895
3903
3907
3924
3925
3933
3939
3947
3950
3958
3960
3973
3976
3982
3983
3999
4007
4008
4015
4021
4027
4036
4048
4049
4063
4071
4081
4085
4119
4122
4127
4137
4139
4150
4154
4155
4156
4160
4167
4168
4172
4176
4200
4206
4209
4209
4235
4239
4256
4273
4276
4277
4278
4281
4286
4295
4303
4305
4325
4336
4343
4344
4354
4357
4385
4391
4392
4394
4398
4411
4427
4447
4453
4463
4467
4473
4481
4485
4491
4499
4505
4513
4534
4537
4540
4542
4544
4547
4565
4572
4576
4581
4600
4605
4608
4610
4620
4651
4665
4677
4691
4692
4707
4715
4715
4716
4720
4733
4744
4753
4776
4780
4803
4814
4819
4820
4831
4842
4844
4857
4879
4887
4889
4909
4909
4931
4941
4945
4972
4989
4995
5009
5010
5012
5017
5040
5069
5075
5084
5088
5092
5114
5114
5119
5122
5138
5143
5175
5177
5196
5198
5199
5202
5205
5220
5223
5224
5239
5240
5245
5250
5250
5254
5256
5267
5273
5275
5284
5309
5320
5322
5323
5334
5337
5339
5353
5373
5374
5384
5407
5410
5412
5417
5434
5436
5439
5449
5450
5457
5464
5468
5473
5495
5500
5521
5550
5552
5554
5560
5566
5572
5586
5615
5617
5628
5631
5637
5648
5660
5664
5667
5678
5686
5690
5691
5697
5724
5728
5729
5746
5748
5749
5754
5757
5771
5771
5773
5773
5775
5819
5821
5830
5832
5833
5855
5857
5866
5910
5913
5920
5944
5960
5961
5973
5977
5980
5982
5985
5987
5989
5990
5990
6019
6029
6034
6037
6046
6055
6058
6058
6067
6075
6078
6082
6084
6086
6086
6091
6095
6095
6108
6139
6139
6155
6157
6159
6175
6199
6215
6221
6225
6242
6266
6274
6279
6292
6313
6316
6316
6319
6326
6326
6326
6343
6343
6353
6356
6368
6384
6389
6406
6406
6408
6422
6434
6459
6461
6467
6480
6488
6498
6501
6501
6534
6537
6542
6543
6545
6548
6565
6567
6571
6575
6590
6603
6603
6620
6623
6623
6623
6628
6633
6641
6654
6655
6659
6673
6674
6680
6681
6692
6702
6703
6705
6710
6718
6726
6730
6740
6741
6750
6758
6785
6800
6804
6806
6811
6815
6823
6844
6850
6851
6855
6860
6867
6878
6887
6889
6891
6903
6911
6923
6925
6925
6926
6932
6937
6948
6951
6952
6954
6961
6972
6974
6980
6998
7007
7010
7011
7030
7043
7045
7065
7082
7088
7091
7100
7104
7106
7113
7113
7124
7137
7142
7143
7152
7152
7161
7171
7181
7182
7204
7205
7217
7219
7220
7225
7231
7233
7233
7235
7246
7252
7255
7261
7267
7277
7282
7285
7287
7289
7302
7303
7306
7310
7318
7319
7323
7328
7332
7344
7353
7357
7364
7368
7370
7375
7377
7378
7383
7386
7392
7393
7395
7396
7396
7397
7421
7425
7427
7428
7437
7452
7467
7477
7491
7523
7523
7544
7551
7555
7561
7562
7563
7563
7575
7577
7580
7594
7600
7600
7603
7605
7628
7631
7637
7640
7645
7650
7657
7663
7665
7690
7692
7695
7699
7704
7708
7710
7725
7734
7738
7741
7753
7757
7769
7770
7774
7775
7775
7779
7780
7789
7796
7796
7804
7820
7838
7839
7839
7847
7852
7853
7853
7855
7859
7875
7886
7889
7890
7896
7898
7906
7910
7940
7942
7956
7972
7975
7982
7985
7987
7990
7994
7999
8004
8004
8007
8013
8026
8030
8034
8068
8074
8081
8090
8097
8102
8103
8105
8118
8123
8149
8183
8216
8216
8224
8237
8242
8245
8246
8247
8248
8250
8254
8256
8285
8286
8287
8292
8294
8295
8309
8321
8325
8336
8343
8367
8376
8394
8407
8410
8417
8428
8432
8438
8459
8475
8484
8486
8487
8503
8506
8516
8559
8564
8569
8578
8583
8595
8606
8608
8620
8625
8628
8634
8636
8644
8652
8668
8679
8679
8680
8680
8684
8688
8697
8704
8717
8750
8761
8762
8766
8773
8779
8783
8792
8798
8802
8807
8818
8819
8830
8842
8854
8855
8876
8892
8903
8925
8932
8948
8958
8962
8965
8970
8971
8977
8977
8977
8984
8985
8986
8989
9001
9015
9017
9018
9019
9024
9030
9032
9060
9062
9063
9065
9067
9071
9077
9082
9089
9099
9102
9115
9117
9127
9131
9134
9137
9144
9145
9148
9154
9154
9155
9164
9165
9166
9173
9174
9179
9184
9192
9220
9245
9253
9260
9265
9271
9277
9283
9290
9293
9305
9308
9319
9328
9334
9349
9362
9379
9385
9403
9415
9424
9425
9428
9433
9434
9440
9443
9450
9451
9456
9459
9461
9479
9480
9494
9495
9504
9505
9512
9518
9521
9528
9538
9539
9543
9545
9558
9577
9584
9589
9597
9604
9604
9606
9614
9622
9624
9629
9631
9631
9638
9645
9646
9654
9673
9678
9683
9687
9700
9701
9716
9716
9722
9742
9761
9763
9769
9774
9777
9784
9785
9808
9816
9817
9824
9826
9828
9830
9842
9853
9860
9861
9878
9894
9906
9916
9927
9927
9937
9961
9962
9978
9986
9992
10000
10000
10015
10025
10032
10044
10045
10045
10057
10064
10064
10066
10081
10088
10088
10119
10124
10133
10135
10136
10138
10145
10152
10157
10160
10171
10186
10188
10197
10218
10223
10230
10238
10241
10260
10270
10290
10295
10301
10301
10305
10314
10315
10327
10329
10331
10334
10340
10346
10359
10363
10373
10390
10393
10425
10453
10457
10487
10490
10492
10500
10502
10506
10507
10513
10518
10525
10526
10531
10537
10540
10544
10549
10551
10552
10566
10568
10588
10596
10638
10640
10642
10669
10672
10683
10695
10698
10711
10718
10721
10735
10739
10745
10754
10755
10760
10767
10769
10769
10769
10770
10778
10780
10812
10814
10816
10822
10827
10830
10830
10851
10859
10864
10892
10894
10895
10924
10930
10944
10950
10972
10977
10978
11000
11014
11026
11029
11047
11048
11055
11057
11070
11072
11079
11080
11085
11086
11089
11101
11107
11109
11110
11114
11114
11119
11131
11136
11139
11148
11155
11156
11165
11173
11177
11184
11184
11186
11206
11225
11226
11235
11245
11252
11255
11261
11268
11271
11272
11277
11283
11285
11291
11300
11312
11318
11325
11335
11336
11338
11347
11348
11350
11356
11366
11368
11369
11372
11383
11387
11400
11401
11402
11412
11413
11424
11438
11439
11448
11463
11468
11469
11479
11483
11495
11497
11499
11507
11518
11524
11535
11547
11547
11551
11555
11569
11573
11582
11585
11587
11599
11610
11625
11632
11634
11636
11638
11643
11643
11655
11662
11668
11671
11678
11683
11686
11699
11708
11716
11719
11721
11740
11740
11765
11787
11793
11813
11821
11823
11829
11848
11853
11853
11861
11866
11880
11885
11895
11904
11923
11925
11944
11958
11958
11961
11970
11975
11977
11983
11986
11999
12004
12005
12024
12033
12043
12051
12091
12092
12106
12108
12129
12130
12142
12143
12157
12157
12165
12169
12190
12191
12191
12208
12210
12216
12216
12217
12221
12222
12223
12233
12237
12238
12248
12251
12255
12264
12264
12267
12272
12277
12282
12309
12327
12343
12345
12349
12350
12366
12369
12420
12427
12441
12444
12450
12469
12476
12476
12485
12494
12494
12501
12502
12525
12532
12537
12548
12552
12557
12558
12563
12574
12578
12591
12616
12617
12619
12624
12631
12643
12644
12649
12657
12678
12679
12679
12690
12690
12694
12719
12720
12721
12722
12722
12731
12732
12757
12765
12771
12775
12791
12806
12808
12812
12820
12842
12846
12848
12856
12862
12871
12871
12877
12894
12898
12908
12909
12911
12911
12913
12915
12916
12921
12929
12932
12937
12941
12949
12952
12955
12969
12981
13004
13017
13025
13035
13036
13055
13060
13075
13079
13086
13086
13088
13101
13125
13128
13130
13134
13139
13145
13151
13178
13196
13211
13219
13230
13235
13247
13247
13285
13287
13293
13307
13308
13310
13311
13313
13313
13328
13329
13336
13353
13355
13363
13372
13374
13381
13383
13384
13401
13427
13441
13443
13457
13463
13467
13472
13484
13486
13490
13496
13498
13505
13508
13515
13516
13524
13530
13533
13544
13549
13581
13589
13589
13590
13595
13595
13597
13608
13612
13612
13613
13644
13649
13649
13656
13656
13659
13666
13671
13691
13695
13695
13700
13704
13708
13714
13717
13723
13749
13766
13774
13791
13793
13805
13807
13808
13810
13816
13818
13824
13826
13830
13849
13852
13863
13865
13879
13883
13894
13896
13904
13911
13950
13950
13959
13961
13962
13962
13965
13966
13971
13972
13982
13987
13987
13987
13990
14011
14015
14017
14047
14049
14057
14061
14066
14072
14076
14080
14089
14104
14119
14122
14130
14130
14132
14154
14161
14163
14170
14188
14188
14199
14203
14209
14214
14223
14232
14236
14244
14245
14245
14259
14262
14265
14269
14285
14286
14294
14294
14300
14313
14323
14330
14332
14334
14338
14340
14363
14383
14390
14392
14404
14406
14413
14419
14432
14436
14437
14444
14446
14449
14452
14459
14472
14475
14485
14495
14496
14497
14506
14511
14541
14543
14547
14559
14580
14584
14586
14591
14616
14623
14630
14631
14640
14644
14645
14658
14692
14724
14733
14754
14758
14759
14779
14791
14794
14796
14798
14800
14810
14820
14847
14856
14876
14880
14883
14886
14913
14925
14932
14936
14945
14947
14949
14956
14960
14965
14983
14994
15007
15012
15018
15027
15041
15049
15050
15082
15094
15112
15118
15119
15121
15121
15126
15129
15139
15140
15151
15157
15171
15174
15213
15216
15223
15227
15244
15247
15257
15257
15261
15270
15288
15297
15299
15304
15307
15307
15320
15333
15335
15355
15371
15377
15391
15402
15410
15410
15434
15440
15442
15452
15452
15452
15459
15460
15493
15494
15495
15499
15501
15506
15512
15514
15522
15525
15529
15536
15538
15540
15541
15544
15547
15549
15569
15575
15579
15585
15592
15594
15605
15610
15611
15619
15619
15624
15633
15634
15640
15648
15649
15659
15667
15668
15669
15673
15685
15690
15715
15722
15734
15735
15740
15745
15748
15754
15760
15771
15775
15780
15780
15782
15794
15800
15800
15806
15822
15833
15833
15837
15839
15842
15844
15852
15869
15871
15876
15882
15920
15928
15932
15940
15942
15944
15959
15968
15970
15982
15983
15985
15993
15998
16003
16003
16003
16018
16021
16028
16032
16035
16040
16048
16059
16061
16066
16070
16071
16072
16078
16100
16120
16123
16126
16131
16132
16144
16150
16151
16175
16178
16180
16193
16198
16201
16214
16225
16227
16229
16234
16249
16249
16260
16262
16266
16271
16275
16275
16282
16287
16303
16309
16313
16344
16360
16388
16415
16431
16437
16441
16452
16454
16456
16458
16458
16466
16473
16476
16483
16501
16506
16513
16529
16533
16533
16536
16542
16543
16546
16547
16549
16554
16554
16571
16579
16584
16588
16600
16611
16611
16642
16651
16654
16656
16660
16663
16668
16674
16676
16685
16685
16686
16691
16693
16698
16718
16723
16725
16728
16730
16752
16756
16761
16764
16773
16774
16777
16787
16798
16812
16819
16825
16838
16839
16853
16857
16862
16868
16877
16883
16883
16885
16891
16923
16933
16943
16945
16951
16960
16967
16976
16978
16979
16994
17001
17005
17013
17037
17040
17047
17051
17051
17052
17056
17064
17065
17068
17085
17097
17106
17110
17130
17131
17138
17140
17145
17149
17153
17156
17161
17161
17166
17190
17198
17208
17216
17231
17232
17244
17255
17260
17267
17275
17276
17279
17283
17286
17293
17295
17304
17305
17308
17314
17318
17322
17323
17335
17337
17339
17356
17365
17367
17367
17369
17382
17382
17389
17394
17394
17401
17403
17403
17409
17419
17430
17433
17434
17435
17437
17437
17438
17443
17450
17450
17456
17457
17468
17469
17474
17480
17481
17487
17521
17533
17536
17539
17547
17574
17576
17578
17580
17582
17609
17616
17628
17631
17636
17646
17647
17660
17694
17694
17704
17717
17725
17730
17756
17761
17805
17824
17826
17827
17855
17870
17873
17881
17882
17908
17936
17955
17968
17968
17971
17977
17983
17989
17994
17996
18011
18017
18020
18044
18053
18055
18079
18091
18115
18120
18126
18131
18135
18144
18145
18145
18147
18149
18150
18153
18160
18161
18164
18177
18181
18203
18215
18226
18238
18249
18250
18266
18281
18282
18285
18291
18293
18294
18307
18317
18322
18342
18355
18364
18366
18368
18398
18414
18416
18434
18458
18467
18502
18503
18503
18503
18511
18517
18523
18527
18535
18541
18543
18545
18568
18572
18589
18593
18601
18614
18642
18647
18650
18660
18665
18688
18707
18708
18709
18710
18743
18749
18756
18759
18764
18774
18781
18790
18796
18825
18830
18839
18839
18849
18853
18868
18879
18880
18908
18932
18938
18946
18982
18984
18998
19005
19010
19011
19011
19011
19012
19013
19015
19027
19043
19044
19053
19065
19067
19068
19071
19075
19078
19099
19103
19121
19122
19131
19134
19135
19135
19137
19145
19147
19150
19154
19159
19161
19167
19168
19175
19189
19193
19194
19195
19199
19216
19218
19238
19241
19242
19246
19251
19267
19277
19281
19296
19308
19326
19332
19338
19342
19344
19361
19361
19366
19383
19392
19393
19401
19402
19413
19452
19466
19467
19474
19478
19480
19480
19483
19489
19495
19500
19502
19504
19519
19523
19523
19524
19541
19552
19553
19555
19557
19559
19561
19567
19586
19592
19595
19596
19604
19606
19621
19627
19630
19649
19652
19654
19668
19669
19676
19680
19691
19693
19694
19705
19705
19710
19723
19731
19732
19732
19739
19751
19752
19765
19766
19776
19780
19785
19786
19792
19796
19804
19844
19845
19872
19875
19882
19884
19905
19911
19932
19949
19959
19967
19967
19982
19983
19989
19992
19997
20015
20025
20031
20032
20035
20052
20058
20058
20082
20088
20109
20121
20125
20131
20150
20152
20169
20172
20181
20189
20205
20211
20218
20220
20240
20243
20245
20254
20266
20269
20270
20271
20283
20288
20296
20312
20316
20317
20318
20320
20329
20333
20337
20337
20338
20340
20342
20373
20375
20388
20391
20395
20395
20402
20404
20413
20420
20425
20427
20442
20442
20445
20446
20451
20451
20456
20469
20479
20482
20497
20502
20503
20508
20509
20518
20522
20531
20532
20560
20568
20583
20591
20595
20606
20608
20608
20615
20617
20623
20629
20633
20634
20639
20644
20660
20684
20690
20697
20701
20708
20718
20721
20740
20747
20748
20753
20761
20763
20779
20806
20814
20820
20838
20846
20847
20856
20862
20863
20895
20900
20904
20905
20912
20915
20916
20922
20923
20933
20933
20964
20972
20974
20977
20985
20989
20995
21000
21018
21020
21021
21035
21044
21045
21051
21056
21062
21068
21078
21088
21089
21097
21099
21155
21156
21156
21157
21170
21171
21172
21179
21180
21181
21186
21199
21206
21226
21231
21239
21255
21262
21275
21276
21277
21289
21304
21311
21315
21319
21326
21342
21342
21351
21361
21367
21389
21393
21400
21409
21412
21419
21435
21435
21437
21442
21444
21449
21450
21485
21486
21490
21498
21500
21508
21513
21527
21539
21553
21564
21573
21596
21603
21626
21636
21640
21645
21657
21659
21661
21675
21676
21678
21686
21689
21706
21713
21718
21722
21727
21734
21735
21740
21778
21785
21790
21791
21794
21812
21816
21821
21865
21871
21880
21913
21914
21923
21944
21948
21961
21961
21968
21977
21978
21990
22004
22014
22036
22055
22067
22072
22073
22087
22116
22123
22156
22175
22184
22187
22190
22197
22214
22215
22228
22236
22242
22250
22253
22261
22279
22280
22280
22290
22294
22307
22310
22331
22331
22336
22339
22342
22361
22361
22368
22369
22374
22381
22382
22382
22428
22436
22436
22436
22440
22445
22448
22463
22463
22471
22478
22481
22485
22490
22491
22492
22521
22523
22531
22551
22557
22560
22561
22562
22563
22567
22568
22572
22576
22580
22583
22585
22586
22598
22601
22602
22604
22629
22637
22655
22688
22699
22708
22708
22730
22732
22738
22739
22746
22755
22756
22758
22761
22766
22780
22780
22785
22787
22793
22798
22803
22803
22811
22821
22829
22834
22838
22843
22847
22859
22870
22871
22886
22888
22891
22894
22898
22903
22907
22910
22914
22922
22925
22930
22954
22956
22958
22959
22980
23026
23028
23038
23046
23057
23068
23075
23099
23100
23112
23113
23119
23120
23124
23131
23138
23146
23148
23151
23165
23186
23190
23200
23203
23211
23215
23234
23242
23244
23252
23265
23270
23270
23276
23276
23287
23288
23302
23314
23315
23321
23326
23339
23341
23342
23354
23374
23374
23375
23393
23396
23396
23400
23400
23401
23409
23412
23420
23421
23433
23436
23443
23452
23453
23457
23469
23476
23483
23501
23509
23516
23520
23531
23535
23545
23546
23548
23566
23570
23574
23586
23587
23587
23592
23602
23604
23617
23622
23625
23630
23638
23672
23677
23679
23682
23688
23707
23713
23714
23720
23730
23737
23784
23785
23792
23792
23812
23816
23821
23824
23825
23829
23839
23840
23851
23852
23856
23864
23865
23869
23869
23876
23916
23920
23925
23933
23951
23984
23986
23997
24001
24004
24018
24025
24025
24028
24030
24032
24034
24047
24050
24052
24057
24059
24060
24070
24077
24089
24089
24100
24114
24120
24129
24129
24129
24133
24138
24144
24146
24146
24150
24151
24154
24157
24175
24175
24191
24203
24209
24225
24232
24235
24241
24247
24251
24286
24291
24306
24310
24317
24320
24330
24332
24342
24347
24353
24360
24374
24381
24387
24387
24387
24391
24391
24397
24401
24404
24410
24418
24421
24427
24442
24443
24446
24456
24467
24473
24483
24504
24507
24508
24509
24513
24542
24543
24546
24547
24552
24553
24565
24566
24580
24582
24588
24598
24613
24625
24626
24630
24634
24643
24668
24673
24687
24726
24728
24734
24737
24741
24743
24764
24765
24765
24768
24778
24779
24797
24798
24806
24807
24810
24811
24822
24829
24830
24836
24855
24862
24865
24872
24879
24880
24886
24892
24892
24909
24916
24916
24917
24918
24921
24922
24923
24927
24927
24929
24938
24941
24944
24945
24945
24949
24963
24998
25020
25021
25032
25040
25051
25064
25072
25072
25081
25109
25116
25122
25133
25163
25174
25179
25194
25195
25200
25214
25242
25243
25246
25246
25260
25266
25283
25285
25285
25285
25298
25308
25315
25333
25338
25341
25342
25371
25374
25385
25405
25411
25432
25448
25451
25452
25452
25457
25466
25482
25482
25483
25493
25496
25499
25509
25517
25522
25526
25541
25544
25561
25561
25562
25575
25579
25586
25589
25611
25628
25645
25648
25659
25674
25682
25695
25699
25708
25756
25757
25759
25762
25763
25777
25780
25800
25830
25837
25872
25880
25887
25908
25914
25918
25933
25936
25936
25943
25945
25955
25965
25972
25979
25980
25980
25986
25990
25992
25998
26003
26027
26041
26051
26053
26053
26053
26054
26054
26062
26063
26064
26072
26077
26087
26102
26108
26120
26125
26131
26135
26141
26152
26161
26164
26194
26216
26231
26233
26234
26241
26250
26253
26259
26259
26273
26276
26301
26302
26305
26308
26318
26320
26322
26328
26330
26333
26354
26355
26359
26391
26392
26397
26397
26419
26421
26423
26433
26436
26437
26447
26456
26468
26475
26477
26493
26497
26498
26504
26506
26513
26514
26517
26531
26536
26549
26564
26571
26575
26578
26579
26601
26609
26612
26618
26631
26631
26641
26649
26653
26661
26667
26668
26669
26670
26679
26689
26690
26712
26712
26715
26716
26720
26727
26734
26760
26763
26778
26790
26819
26828
26834
26840
26845
26846
26860
26866
26871
26873
26874
26879
26880
26903
26912
26918
26923
26925
26927
26943
26949
26956
26959
26964
26964
26964
26980
26986
27011
27014
27022
27023
27035
27038
27043
27045
27051
27077
27078
27080
27083
27085
27099
27115
27120
27121
27125
27129
27131
27134
27143
27149
27156
27162
27176
27186
27200
27215
27217
27233
27236
27239
27243
27255
27257
27271
27273
27277
27280
27287
27309
27311
27312
27314
27322
27343
27352
27354
27386
27388
27397
27410
27411
27416
27423
27425
27438
27449
27458
27459
27466
27475
27476
27481
27490
27491
27491
27500
27506
27508
27509
27521
27548
27550
27558
27565
27566
27594
27599
27607
27609
27610
27619
27622
27628
27629
27632
27634
27639
27642
27648
27678
27686
27688
27708
27716
27728
27730
27734
27740
27751
27753
27758
27765
27771
27778
27781
27784
27796
27818
27842
27845
27851
27863
27871
27878
27885
27897
27903
27908
27909
27915
27939
27941
27944
27946
27952
27958
27959
27969
27986
27986
27989
27992
28010
28016
28027
28028
28030
28031
28036
28045
28051
28061
28067
28086
28116
28145
28149
28163
28167
28168
28169
28172
28179
28179
28185
28205
28214
28224
28238
28239
28252
28255
28258
28280
28283
28296
28309
28329
28348
28364
28372
28372
28378
28387
28388
28390
28392
28394
28395
28398
28400
28411
28411
28423
28436
28449
28459
28466
28486
28501
28502
28516
28525
28529
28544
28549
28569
28569
28577
28577
28578
28596
28599
28609
28618
28618
28633
28634
28637
28639
28655
28661
28679
28681
28699
28700
28707
28714
28718
28723
28726
28736
28737
28737
28741
28748
28754
28755
28764
28774
28794
28807
28820
28827
28829
28830
28834
28851
28852
28862
28870
28881
28885
28891
28897
28901
28901
28904
28915
28926
28933
28938
28952
28959
28962
28973
28996
29004
29011
29023
29041
29058
29065
29072
29082
29094
29103
29109
29122
29136
29139
29143
29146
29147
29165
29169
29174
29178
29185
29187
29201
29203
29214
29226
29238
29243
29256
29263
29286
29291
29294
29295
29299
29310
29316
29351
29352
29388
29400
29407
29410
29413
29419
29447
29450
29475
29480
29487
29489
29503
29507
29510
29515
29528
29532
29537
29557
29562
29580
29583
29588
29596
29598
29601
29616
29616
29631
29656
29666
29667
29676
29693
29695
29696
29698
29704
29704
29709
29711
29711
29712
29715
29727
29727
29729
29730
29739
29746
29781
29785
29789
29809
29817
29820
29825
29838
29842
29859
29866
29868
29871
29879
29885
29890
29896
29933
29936
29936
29939
29970
29980
29982
29984
29988
29989
29992
30002
30006
30012
30021
30036
30045
30051
30057
30059
30061
30086
30094
30098
30104
30104
30127
30137
30143
30148
30163
30175
30179
30183
30188
30194
30206
30211
30212
30216
30231
30236
30247
30256
30285
30287
30290
30296
30305
30313
30321
30336
30344
30372
30374
30385
30401
30403
30406
30407
30438
30444
30448
30454
30467
30469
30472
30479
30488
30500
30501
30520
30525
30526
30528
30537
30564
30566
30581
30583
30584
30588
30593
30626
30626
30637
30647
30651
30653
30659
30673
30682
30691
30713
30715
30724
30735
30743
30748
30759
30772
30776
30787
30793
30794
30805
30810
30812
30816
30823
30835
30861
30864
30869
30876
30884
30895
30901
30910
30916
30934
30935
30947
30950
30955
30963
30967
30970
30978
30993
30997
31004
31012
31012
31022
31026
31034
31042
31043
31044
31045
31050
31066
31080
31080
31083
31086
31104
31105
31118
31124
31126
31128
31136
31145
31151
31152
31162
31182
31185
31188
31201
31205
31208
31217
31218
31229
31229
31253
31262
31268
31271
31274
31275
31299
31304
31305
31316
31321
31322
31331
31332
31339
31342
31354
31359
31368
31391
31398
31417
31434
31446
31456
31459
31460
31462
31506
31508
31517
31525
31528
31534
31535
31538
31538
31538
31545
31556
31578
31585
31589
31601
31603
31612
31613
31644
31652
31655
31657
31676
31682
31689
31696
31707
31709
31711
31713
31716
31724
31727
31731
31732
31732
31735
31736
31737
31740
31747
31748
31775
31775
31778
31795
31796
31811
31812
31814
31834
31836
31838
31847
31847
31850
31850
31872
31878
31882
31882
31887
31894
31900
31918
31922
31931
31936
31944
31945
31949
31955
31965
31987
31992
31998
32000
32005
32005
32006
32008
32018
32019
32032
32043
32057
32063
32070
32072
32085
32102
32104
32113
32121
32126
32134
32169
32171
32173
32188
32192
32194
32198
32203
32209
32228
32249
32258
32262
32271
32272
32273
32274
32274
32285
32305
32324
32336
32345
32362
32369
32393
32409
32413
32425
32431
32432
32433
32439
32440
32446
32451
32467
32472
32478
32494
32502
32508
32520
32520
32525
32527
32530
32539
32563
32571
32581
32590
32602
32612
32614
32623
32624
32634
32637
32659
32670
32674
32682
32684
32694
32701
32707
32709
32718
32724
32734
32745
32747
32752
32752
32754
32757
32757
32759
32774
32775
32789
32798
32799
32802
32804
32819
32823
32834
32836
32842
32858
32861
32862
32864
32874
32880
32880
32884
32886
32892
32895
32896
32896
32906
32912
32922
32924
32925
32953
32965
32970
32983
33029
33038
33042
33045
33050
33052
33058
33060
33076
33080
33104
33109
33125
33126
33129
33131
33135
33142
33149
33150
33172
33175
33178
33179
33208
33210
33213
33220
33227
33229
33238
33253
33259
33260
33285
33299
33303
33306
33306
33329
33330
33331
33331
33334
33339
33348
33353
33357
33359
33361
33364
33364
33367
33374
33398
33405
33423
33436
33437
33439
33449
33453
33465
33466
33468
33480
33487
33490
33494
33499
33506
33517
33527
33530
33534
33534
33536
33538
33545
33550
33555
33568
33573
33580
33584
33592
33596
33596
33616
33617
33629
33630
33656
33658
33660
33665
33670
33676
33681
33681
33697
33697
33699
33704
33708
33709
33713
33714
33715
33725
33726
33747
33758
33785
33788
33796
33798
33803
33807
33814
33815
33830
33830
33832
33859
33873
33874
33883
33884
33891
33894
33900
33902
33903
33911
33925
33956
33958
33960
33964
33966
33969
33971
33980
34002
34008
34013
34013
34017
34025
34037
34042
34043
34053
34056
34063
34066
34086
34090
34098
34103
34120
34157
34158
34160
34166
34174
34178
34181
34184
34185
34206
34207
34211
34232
34235
34241
34252
34256
34261
34281
34296
34304
34307
34311
34311
34355
34359
34366
34368
34382
34401
34409
34426
34429
34429
34452
34462
34473
34490
34492
34506
34510
34518
34520
34526
34541
34541
34543
34543
34546
34549
34549
34554
34566
34576
34604
34606
34638
34639
34645
34655
34658
34658
34659
34664
34703
34708
34709
34713
34715
34717
34719
34725
34732
34733
34735
34742
34751
34759
34763
34763
34765
34774
34779
34785
34794
34799
34800
34813
34815
34817
34835
34858
34858
34861
34862
34875
34876
34887
34888
34891
34904
34912
34929
34939
34941
34952
34954
34959
34960
34965
34971
34977
34983
34986
34987
34992
35029
35037
35039
35039
35045
35047
35062
35070
35078
35082
35093
35093
35096
35102
35103
35107
35115
35117
35117
35123
35123
35137
35138
35146
35151
35165
35167
35167
35170
35176
35189
35191
35195
35203
35204
35205
35217
35218
35237
35237
35240
35243
35251
35258
35259
35260
35271
35300
35308
35313
35318
35321
35355
35356
35381
35381
35403
35404
35405
35414
35420
35437
35443
35447
35452
35454
35460
35471
35473
35486
35492
35497
35497
35502
35508
35514
35518
35519
35528
35540
35540
35550
35562
35572
35576
35578
35587
35589
35603
35631
35642
35643
35649
35654
35655
35655
35662
35663
35665
35667
35667
35668
35679
35680
35697
35711
35716
35720
35723
35730
35733
35736
35739
35739
35742
35751
35759
35761
35766
35783
35787
35788
35792
35795
35795
35796
35811
35812
35818
35821
35821
35826
35831
35843
35843
35851
35856
35859
35868
35877
35880
35917
35924
35937
35937
35951
35959
35965
35991
35991
35993
36006
36007
36027
36027
36031
36052
36070
36074
36089
36090
36091
36109
36118
36124
36129
36145
36148
36155
36162
36166
36173
36187
36199
36200
36216
36218
36233
36234
36236
36241
36258
36298
36301
36307
36313
36313
36329
36329
36331
36338
36342
36345
36350
36359
36363
36369
36373
36390
36395
36400
36411
36423
36451
36459
36477
36478
36482
36482
36482
36486
36493
36493
36504
36506
36511
36513
36529
36536
36549
36567
36570
36573
36597
36622
36632
36638
36642
36646
36648
36648
36653
36660
36675
36679
36679
36697
36709
36727
36731
36733
36747
36756
36762
36765
36769
36777
36778
36803
36803
36816
36837
36850
36858
36879
36898
36920
36929
36936
36942
36965
36968
36981
37007
37007
37008
37017
37021
37026
37028
37028
37034
37038
37041
37048
37057
37058
37066
37076
37086
37098
37099
37106
37107
37113
37122
37127
37133
37152
37155
37157
37158
37163
37163
37173
37196
37198
37200
37203
37207
37215
37230
37234
37234
37236
37238
37249
37252
37269
37275
37278
37284
37287
37299
37303
37319
37323
37333
37335
37349
37358
37360
37366
37368
37375
37376
37378
37379
37398
37409
37412
37416
37419
37422
37426
37426
37431
37436
37444
37446
37452
37453
37457
37474
37476
37477
37489
37501
37508
37510
37512
37527
37538
37553
37560
37561
37561
37574
37577
37577
37584
37597
37597
37600
37601
37612
37618
37635
37644
37650
37652
37662
37667
37705
37708
37712
37714
37718
37750
37750
37771
37784
37786
37803
37815
37828
37835
37840
37847
37853
37863
37866
37870
37875
37881
37891
37892
37898
37899
37901
37902
37909
37910
37922
37927
37947
37990
37999
38022
38029
38034
38036
38038
38053
38054
38055
38066
38077
38088
38088
38097
38125
38136
38148
38151
38158
38171
38174
38180
38185
38208
38208
38214
38216
38221
38224
38226
38233
38236
38244
38247
38253
38261
38263
38268
38275
38279
38280
38281
38303
38306
38306
38316
38318
38333
38337
38348
38352
38365
38374
38378
38380
38390
38395
38397
38398
38407
38425
38430
38441
38454
38455
38458
38468
38484
38486
38492
38518
38537
38561
38571
38573
38574
38577
38579
38580
38581
38581
38583
38591
38613
38619
38624
38637
38640
38644
38646
38647
38651
38656
38668
38668
38689
38698
38699
38702
38711
38728
38735
38747
38752
38753
38765
38774
38777
38788
38789
38791
38797
38804
38809
38812
38814
38816
38843
38862
38891
38899
38920
38939
38943
38944
38958
38966
38980
38981
38998
39006
39008
39010
39011
39012
39024
39026
39055
39080
39095
39102
39110
39121
39132
39143
39145
39146
39159
39163
39164
39174
39186
39196
39199
39209
39210
39227
39262
39267
39290
39300
39317
39328
39370
39371
39380
39387
39390
39398
39420
39420
39422
39437
39468
39479
39487
39491
39494
39499
39501
39517
39524
39525
39528
39536
39541
39561
39571
39573
39574
39584
39597
39602
39604
39606
39610
39614
39616
39621
39644
39645
39652
39657
39667
39667
39669
39671
39676
39676
39684
39685
39695
39699
39726
39739
39757
39767
39779
39784
39785
39794
39795
39798
39825
39826
39827
39828
39831
39833
39842
39846
39860
39875
39889
39895
39903
39904
39905
39907
39914
39924
39926
39935
39936
39936
39945
39947
39965
39969
39973
39988
39990
39991
40016
40032
40035
40035
40042
40059
40063
40079
40083
40084
40089
40096
40096
40111
40137
40139
40139
40149
40152
40162
40162
40164
40174
40199
40199
40216
40227
40241
40241
40247
40263
40271
40272
40285
40293
40296
40310
40311
40312
40315
40330
40332
40338
40338
40360
40360
40364
40391
40392
40410
40412
40416
40436
40439
40442
40449
40452
40470
40472
40475
40482
40514
40516
40518
40518
40531
40531
40531
40537
40544
40560
40563
40570
40585
40589
40617
40624
40625
40629
40642
40645
40656
40658
40701
40704
40710
40718
40722
40726
40766
40767
40786
40787
40819
40824
40833
40834
40843
40844
40857
40858
40871
40900
40901
40914
40914
40922
40934
40935
40950
40950
40976
40991
40992
40998
41069
41077
41079
41081
41083
41112
41122
41138
41154
41163
41174
41194
41197
41202
41225
41226
41239
41253
41255
41256
41257
41264
41271
41273
41276
41280
41287
41295
41295
41313
41324
41333
41345
41349
41351
41351
41364
41367
41367
41370
41378
41383
41383
41385
41389
41391
41403
41404
41411
41412
41417
41421
41427
41457
41462
41474
41477
41479
41482
41482
41486
41511
41513
41519
41552
41557
41563
41568
41578
41579
41581
41594
41595
41597
41597
41598
41614
41615
41646
41656
41677
41700
41708
41729
41737
41745
41745
41753
41753
41761
41768
41778
41786
41787
41791
41792
41801
41833
41834
41840
41860
41863
41863
41868
41871
41872
41875
41894
41900
41904
41909
41914
41915
41923
41933
41946
41948
41950
41953
41972
41975
41989
42006
42006
42013
42018
42023
42024
42040
42043
42048
42061
42063
42065
42067
42073
42078
42082
42084
42104
42106
42129
42130
42142
42184
42186
42192
42196
42196
42200
42203
42204
42206
42212
42213
42221
42227
42232
42238
42238
42249
42252
42254
42257
42257
42258
42262
42279
42280
42285
42292
42297
42311
42312
42314
42319
42331
42334
42340
42350
42352
42355
42363
42368
42375
42394
42401
42414
42419
42428
42438
42443
42451
42451
42463
42470
42483
42502
42506
42514
42522
42533
42539
42548
42549
42550
42558
42560
42563
42575
42575
42584
42593
42600
42612
42614
42617
42623
42635
42646
42649
42658
42679
42698
42707
42714
42716
42729
42734
42752
42756
42774
42774
42789
42790
42791
42802
42803
42804
42805
42805
42810
42813
42826
42843
42852
42857
42874
42891
42894
42895
42902
42920
42923
42938
42958
42969
42986
42991
43004
43011
43014
43019
43033
43043
43045
43049
43066
43079
43103
43103
43105
43116
43120
43122
43123
43125
43132
43150
43151
43153
43161
43163
43172
43177
43178
43185
43195
43229
43235
43241
43250
43253
43254
43259
43269
43273
43282
43291
43292
43296
43312
43329
43333
43337
43339
43340
43345
43360
43362
43367
43373
43381
43381
43382
43382
43394
43415
43425
43458
43458
43459
43461
43469
43470
43481
43489
43502
43503
43503
43509
43511
43521
43523
43528
43528
43534
43554
43562
43564
43578
43601
43601
43605
43614
43620
43620
43623
43630
43632
43659
43676
43677
43685
43687
43697
43698
43707
43710
43712
43714
43717
43728
43743
43748
43754
43783
43783
43793
43801
43807
43818
43827
43827
43829
43833
43837
43853
43857
43857
43860
43862
43876
43877
43883
43884
43888
43893
43900
43903
43905
43906
43919
43922
43926
43938
43943
43945
43946
43947
43947
43958
43958
43969
43990
43993
44004
44008
44026
44067
44073
44073
44074
44087
44088
44090
44093
44095
44105
44110
44111
44116
44132
44137
44144
44154
44155
44158
44164
44174
44179
44185
44186
44194
44203
44207
44213
44217
44233
44238
44242
44255
44257
44264
44269
44270
44271
44273
44282
44320
44329
44331
44343
44345
44355
44355
44363
44382
44388
44400
44401
44403
44417
44422
44423
44425
44431
44435
44452
44456
44468
44480
44484
44491
44493
44496
44503
44518
44527
44547
44549
44579
44580
44590
44594
44599
44602
44604
44606
44609
44612
44614
44626
44631
44632
44637
44639
44640
44640
44644
44646
44662
44664
44665
44668
44691
44698
44700
44712
44721
44733
44749
44753
44754
44754
44759
44763
44767
44776
44810
44812
44815
44821
44821
44823
44825
44834
44849
44851
44855
44870
44887
44888
44900
44912
44912
44921
44932
44937
44951
44979
44989
44991
45001
45003
45003
45005
45021
45022
45025
45041
45044
45045
45046
45047
45048
45053
45053
45075
45079
45082
45092
45111
45117
45132
45139
45142
45142
45150
45165
45169
45170
45171
45174
45185
45187
45195
45199
45201
45210
45210
45214
45229
45236
45243
45262
45272
45276
45276
45281
45281
45284
45287
45290
45303
45312
45335
45342
45345
45353
45358
45367
45373
45374
45380
45381
45388
45401
45407
45411
45418
45437
45442
45449
45451
45458
45466
45485
45488
45497
45501
45503
45515
45521
45521
45529
45549
45560
45565
45571
45605
45611
45613
45615
45616
45619
45629
45648
45649
45651
45652
45656
45663
45675
45686
45686
45698
45707
45710
45714
45717
45738
45739
45739
45740
45753
45762
45765
45793
45805
45806
45819
45819
45826
45833
45854
45864
45865
45868
45874
45896
45897
45911
45913
45921
45930
45937
45953
45969
45977
45979
45979
45983
46016
46025
46028
46033
46035
46043
46054
46066
46086
46106
46110
46113
46125
46127
46135
46143
46148
46148
46149
46150
46155
46159
46168
46172
46177
46184
46190
46193
46221
46232
46236
46241
46242
46244
46266
46283
46314
46330
46332
46363
46377
46377
46423
46430
46469
46470
46470
46492
46499
46501
46507
46512
46519
46523
46524
46526
46534
46542
46550
46560
46561
46578
46616
46622
46628
46637
46639
46655
46662
46669
46694
46707
46709
46716
46717
46721
46723
46732
46744
46755
46758
46762
46775
46811
46815
46822
46831
46831
46834
46845
46847
46849
46854
46858
46861
46898
46900
46915
46940
46945
46967
46983
46998
46998
47007
47023
47023
47026
47028
47029
47052
47054
47054
47055
47070
47074
47081
47099
47100
47103
47106
47124
47132
47142
47146
47165
47165
47198
47198
47204
47210
47213
47225
47226
47230
47245
47266
47270
47272
47275
47279
47284
47295
47325
47329
47335
47341
47342
47346
47355
47357
47362
47365
47372
47374
47385
47391
47391
47394
47398
47403
47427
47433
47438
47454
47458
47460
47465
47470
47472
47484
47486
47495
47499
47505
47505
47507
47509
47512
47514
47534
47542
47553
47565
47565
47577
47580
47583
47584
47596
47596
47597
47602
47613
47618
47618
47621
47641
47646
47653
47667
47669
47676
47692
47700
47717
47719
47732
47732
47746
47773
47786
47825
47831
47833
47840
47842
47854
47858
47879
47881
47902
47910
47942
47953
47958
47966
47975
47977
47996
47996
48010
48022
48036
48048
48053
48076
48084
48089
48115
48119
48121
48126
48135
48141
48192
48198
48216
48216
48218
48220
48225
48230
48236
48240
48241
48244
48266
48269
48270
48272
48280
48281
48284
48294
48299
48305
48320
48334
48345
48388
48388
48391
48403
48411
48426
48460
48464
48474
48476
48477
48477
48485
48487
48493
48496
48518
48523
48535
48555
48555
48561
48565
48583
48584
48597
48598
48611
48632
48647
48650
48662
48671
48674
48674
48678
48678
48685
48691
48724
48741
48746
48759
48760
48771
48781
48798
48799
48804
48809
48811
48812
48817
48819
48822
48828
48840
48844
48845
48854
48857
48858
48863
48869
48880
48882
48889
48890
48913
48914
48916
48930
48948
48954
48957
48966
48966
48972
48973
48976
48988
48991
48997
48997
49012
49013
49015
49023
49057
49057
49060
49076
49081
49091
49106
49108
49108
49120
49120
49124
49128
49131
49145
49148
49151
49154
49181
49184
49194
49210
49211
49236
49238
49249
49253
49263
49265
49278
49283
49292
49295
49307
49312
49314
49324
49329
49332
49343
49348
49362
49366
49369
49373
49382
49389
49391
49394
49395
49401
49405
49426
49428
49431
49435
49436
49449
49449
49452
49458
49459
49459
49473
49476
49484
49513
49514
49536
49541
49546
49552
49553
49561
49563
49565
49568
49586
49589
49591
49596
49602
49627
49632
49632
49634
49644
49664
49669
49670
49674
49679
49680
49683
49692
49709
49721
49727
49732
49732
49735
49750
49762
49763
49765
49778
49794
49801
49801
49809
49833
49847
49849
49860
49877
49879
49879
49881
49911
49932
49937
49940
49947
49952
49961
49964
49965
49970
49998
50010
50011
50025
50026
50034
50039
50045
50047
50048
50054
50060
50072
50072
50085
50088
50093
50099
50112
50120
50121
50142
50149
50165
50165
50167
50169
50171
50186
50200
50218
50224
50237
50243
50243
50245
50276
50283
50286
50286
50294
50296
50302
50308
50315
50317
50323
50327
50332
50333
50337
50342
50348
50354
50354
50360
50365
50366
50372
50379
50383
50383
50394
50397
50403
50404
50405
50406
50410
50419
50419
50420
50439
50441
50446
50460
50467
50468
50470
50474
50477
50490
50503
50520
50527
50530
50534
50540
50542
50556
50567
50572
50595
50599
50600
50610
50611
50614
50614
50616
50649
50656
50661
50663
50666
50673
50685
50698
50703
50704
50706
50711
50714
50721
50734
50738
50744
50744
50764
50770
50787
50813
50833
50839
50839
50844
50876
50886
50888
50890
50913
50913
50914
50926
50933
50935
50935
50936
50939
50951
50954
50955
50978
50988
50990
50993
51010
51014
51018
51019
51024
51025
51040
51045
51047
51054
51058
51070
51074
51077
51079
51080
51091
51094
51101
51105
51123
51126
51126
51135
51158
51159
51175
51180
51188
51200
51202
51213
51218
51222
51228
51240
51251
51267
51284
51284
51288
51294
51298
51305
51308
51309
51331
51339
51357
51371
51376
51380
51384
51402
51411
51425
51425
51428
51432
51440
51440
51451
51456
51457
51464
51464
51465
51471
51490
51490
51508
51508
51510
51511
51511
51515
51527
51527
51529
51542
51542
51543
51545
51549
51556
51564
51572
51590
51602
51604
51606
51608
51643
51644
51664
51666
51668
51671
51672
51683
51684
51685
51697
51703
51703
51706
51732
51735
51737
51746
51750
51751
51764
51767
51782
51787
51800
51800
51801
51813
51814
51816
51817
51819
51823
51826
51833
51844
51858
51871
51887
51894
51896
51896
51898
51898
51899
51902
51909
51913
51915
51922
51924
51927
51927
51931
51938
51942
51943
51945
51950
51953
51958
51973
51978
51979
51984
51994
52002
52014
52016
52019
52026
52037
52044
52045
52046
52052
52057
52065
52066
52089
52098
52112
52113
52126
52128
52136
52138
52139
52145
52147
52150
52153
52173
52180
52197
52200
52216
52221
52226
52261
52268
52269
52279
52290
52303
52304
52314
52316
52344
52350
52356
52363
52367
52371
52387
52391
52397
52401
52406
52407
52422
52423
52426
52436
52436
52438
52449
52460
52460
52477
52477
52477
52497
52524
52539
52564
52567
52582
52590
52593
52593
52595
52598
52607
52627
52638
52644
52648
52649
52653
52660
52670
52671
52673
52674
52699
52701
52702
52719
52720
52724
52724
52729
52732
52747
52748
52782
52783
52792
52802
52804
52810
52811
52828
52849
52877
52880
52884
52887
52906
52908
52914
52914
52921
52926
52982
52988
52997
53009
53012
53013
53028
53030
53060
53062
53064
53069
53070
53072
53082
53087
53091
53095
53104
53115
53130
53131
53131
53135
53157
53179
53204
53204
53217
53228
53230
53240
53247
53255
53257
53259
53270
53304
53304
53311
53312
53315
53322
53327
53339
53383
53392
53392
53402
53408
53415
53417
53417
53423
53450
53451
53457
53462
53464
53464
53492
53510
53539
53556
53567
53569
53571
53588
53598
53612
53618
53625
53625
53632
53650
53658
53663
53690
53705
53713
53719
53722
53726
53730
53738
53744
53745
53754
53781
53810
53817
53825
53841
53846
53849
53859
53870
53876
53877
53882
53888
53892
53896
53909
53913
53923
53924
53924
53946
53960
53962
53975
53977
53981
53987
53990
53992
53994
53995
53996
54004
54007
54034
54038
54042
54077
54085
54097
54100
54108
54108
54116
54127
54130
54133
54145
54166
54194
54199
54211
54212
54213
54219
54233
54234
54242
54245
54256
54256
54262
54277
54291
54297
54300
54307
54324
54333
54335
54348
54366
54383
54389
54389
54404
54407
54408
54418
54442
54448
54457
54459
54462
54472
54475
54478
54486
54492
54496
54499
54516
54524
54548
54570
54574
54577
54602
54603
54604
54610
54631
54632
54642
54664
54666
54677
54678
54687
54691
54693
54703
54711
54712
54718
54735
54738
54742
54754
54765
54765
54775
54785
54796
54813
54823
54824
54833
54833
54838
54838
54844
54852
54865
54868
54881
54903
54906
54930
54941
54945
54956
54959
54964
54968
54980
54984
55004
55009
55013
55013
55019
55024
55031
55056
55058
55070
55091
55101
55113
55121
55144
55159
55160
55165
55171
55175
55175
55178
55178
55189
55191
55195
55199
55202
55212
55214
55244
55262
55266
55267
55275
55275
55277
55284
55290
55290
55294
55295
55313
55315
55341
55348
55379
55389
55393
55395
55406
55415
55416
55421
55421
55433
55443
55444
55444
55450
55468
55478
55479
55498
55522
55523
55527
55534
55540
55541
55549
55583
55597
55602
55613
55633
55644
55645
55646
55659
55660
55667
55669
55692
55697
55715
55730
55735
55739
55743
55747
55755
55761
55772
55779
55790
55798
55800
55809
55810
55811
55817
55819
55834
55836
55836
55842
55845
55878
55881
55885
55888
55890
55892
55902
55944
55950
55952
55964
55973
55981
55984
55989
55999
56000
56002
56005
56009
56027
56029
56030
56032
56033
56043
56049
56059
56064
56066
56097
56105
56123
56125
56135
56135
56159
56168
56174
56192
56195
56198
56209
56209
56213
56220
56241
56245
56253
56276
56297
56310
56330
56334
56334
56341
56350
56350
56366
56367
56367
56369
56379
56385
56418
56426
56442
56445
56450
56478
56486
56492
56511
56512
56515
56517
56531
56544
56547
56556
56580
56596
56601
56605
56618
56644
56649
56660
56664
56664
56675
56693
56695
56707
56711
56714
56749
56756
56757
56764
56764
56765
56766
56777
56777
56787
56806
56811
56841
56849
56868
56870
56870
56880
56900
56912
56913
56920
56935
56939
56941
56943
56946
56954
56959
56959
56963
56977
56984
56987
56994
56998
57009
57021
57021
57027
57053
57056
57066
57070
57080
57086
57104
57106
57111
57114
57120
57135
57159
57160
57165
57167
57177
57178
57201
57208
57218
57223
57224
57244
57246
57249
57249
57253
57257
57267
57272
57278
57286
57287
57306
57310
57320
57330
57331
57344
57347
57348
57349
57351
57356
57367
57386
57408
57426
57439
57445
57450
57460
57462
57464
57468
57472
57476
57488
57493
57503
57505
57511
57522
57534
57537
57538
57541
57551
57557
57560
57561
57562
57619
57619
57633
57639
57644
57654
57666
57672
57681
57691
57699
57706
57708
57720
57741
57742
57747
57754
57772
57777
57779
57784
57791
57793
57793
57797
57801
57802
57805
57810
57812
57817
57819
57841
57856
57856
57860
57862
57866
57870
57876
57889
57902
57931
57945
57959
57968
57971
57975
57976
57976
57977
57993
58002
58009
58015
58021
58059
58063
58064
58066
58072
58074
58074
58078
58080
58095
58098
58107
58110
58114
58142
58144
58151
58156
58164
58168
58175
58195
58222
58227
58255
58259
58261
58263
58302
58303
58322
58322
58322
58325
58326
58330
58345
58363
58373
58376
58382
58391
58395
58399
58405
58413
58419
58419
58429
58435
58436
58442
58464
58464
58468
58480
58486
58495
58504
58507
58513
58518
58518
58521
58530
58531
58557
58574
58607
58614
58624
58630
58645
58650
58662
58676
58684
58691
58692
58700
58707
58710
58717
58721
58722
58726
58736
58766
58774
58776
58776
58783
58791
58794
58799
58806
58817
58818
58833
58839
58852
58863
58880
58906
58911
58919
58923
58926
58926
58927
58940
58951
58964
58976
58982
58984
58986
58997
59012
59018
59025
59042
59053
59064
59071
59074
59083
59098
59112
59113
59119
59144
59153
59157
59161
59166
59168
59168
59170
59172
59173
59186
59196
59197
59204
59206
59214
59214
59223
59237
59238
59248
59250
59264
59272
59281
59282
59295
59300
59314
59320
59326
59328
59330
59339
59341
59344
59354
59385
59392
59398
59398
59404
59416
59426
59428
59442
59446
59449
59450
59450
59451
59453
59474
59484
59499
59510
59514
59523
59529
59535
59540
59541
59541
59546
59549
59556
59559
59576
59588
59593
59604
59605
59606
59607
59617
59619
59622
59624
59630
59633
59639
59647
59661
59668
59670
59692
59701
59701
59709
59715
59716
59723
59728
59740
59758
59763
59767
59773
59786
59789
59797
59798
59799
59816
59816
59824
59834
59848
59865
59868
59882
59902
59908
59917
59921
59923
59941
59957
59976
59976
59981
59989
60001
60002
60018
60020
60047
60054
60055
60060
60063
60075
60097
60097
60100
60107
60110
60120
60121
60131
60144
60146
60163
60175
60177
60180
60185
60186
60207
60207
60211
60218
60219
60239
60260
60261
60262
60262
60302
60323
60327
60329
60341
60346
60347
60350
60352
60352
60354
60357
60381
60396
60409
60412
60422
60423
60429
60438
60439
60441
60443
60449
60455
60491
60513
60521
60529
60531
60553
60566
60574
60583
60596
60603
60610
60615
60620
60621
60627
60630
60630
60631
60638
60646
60647
60651
60654
60668
60669
60671
60694
60696
60704
60704
60713
60723
60726
60730
60737
60743
60753
60771
60778
60804
60811
60852
60859
60878
60882
60885
60889
60905
60920
60921
60922
60929
60938
60949
60954
60961
60986
60987
60992
61000
61013
61038
61059
61059
61063
61067
61076
61079
61119
61119
61131
61134
61134
61144
61159
61167
61170
61182
61200
61207
61208
61210
61218
61224
61226
61254
61265
61267
61268
61276
61279
61282
61284
61300
61311
61321
61323
61337
61357
61364
61364
61370
61373
61374
61378
61390
61391
61400
61401
61415
61444
61456
61462
61465
61520
61522
61522
61551
61558
61567
61570
61574
61579
61583
61599
61605
61613
61621
61624
61627
61631
61636
61642
61647
61675
61685
61686
61686
61687
61691
61693
61695
61714
61747
61750
61757
61757
61766
61773
61776
61776
61782
61785
61787
61800
61801
61809
61812
61816
61817
61823
61829
61833
61835
61835
61838
61844
61862
61863
61895
61896
61921
61923
61926
61934
61944
61947
61951
61967
61979
61994
61994
62011
62011
62012
62031
62041
62045
62046
62056
62056
62057
62059
62074
62079
62091
62099
62099
62104
62156
62157
62158
62169
62170
62179
62188
62212
62221
62228
62237
62241
62243
62248
62257
62265
62266
62277
62283
62289
62297
62299
62299
62311
62315
62329
62329
62354
62363
62364
62365
62376
62381
62389
62397
62404
62405
62408
62415
62418
62419
62429
62430
62436
62442
62451
62465
62468
62472
62494
62496
62501
62511
62514
62524
62527
62532
62572
62574
62575
62578
62583
62589
62593
62594
62598
62600
62621
62621
62627
62645
62659
62664
62667
62669
62696
62707
62707
62710
62713
62742
62745
62748
62750
62754
62760
62763
62770
62773
62780
62790
62801
62805
62807
62811
62814
62815
62833
62839
62848
62861
62868
62882
62882
62898
62901
62910
62912
62934
62936
62947
62953
62961
62988
62992
62997
63008
63012
63016
63018
63020
63022
63029
63033
63053
63057
63062
63069
63095
63111
63115
63117
63124
63131
63135
63171
63181
63191
63194
63208
63208
63209
63212
63212
63218
63219
63235
63238
63246
63256
63258
63270
63280
63301
63332
63333
63335
63335
63336
63338
63344
63344
63360
63360
63370
63374
63378
63382
63385
63386
63390
63394
63399
63404
63411
63412
63415
63421
63423
63438
63454
63457
63466
63469
63488
63497
63502
63502
63504
63504
63504
63506
63508
63525
63533
63544
63564
63576
63580
63604
63616
63624
63627
63633
63639
63642
63649
63654
63655
63664
63689
63700
63708
63719
63723
63727
63735
63750
63763
63768
63804
63806
63809
63840
63847
63862
63894
63914
63926
63932
63939
63953
63961
63973
63979
63983
63992
63997
63999
64000
64007
64014
64030
64046
64047
64050
64052
64057
64065
64070
64072
64091
64096
64098
64116
64122
64128
64134
64136
64139
64143
64144
64153
64153
64167
64172
64178
64180
64181
64182
64206
64208
64213
64223
64234
64239
64249
64254
64260
64261
64262
64264
64281
64291
64325
64326
64346
64349
64365
64369
64371
64404
64408
64409
64413
64432
64434
64435
64464
64465
64473
64473
64478
64478
64491
64496
64496
64511
64534
64538
64546
64561
64561
64561
64566
64567
64581
64581
64585
64586
64607
64614
64624
64627
64628
64629
64669
64669
64672
64673
64676
64692
64710
64724
64730
64733
64740
64787
64795
64798
64801
64827
64840
64848
64870
64879
64879
64887
64897
64900
64916
64929
64936
64940
64943
64948
64951
64955
64967
64968
64971
64979
64986
64988
64991
65000
65004
65004
65008
65025
65068
65071
65086
65089
65097
65105
65108
65118
65125
65133
65135
65142
65150
65160
65174
65195
65199
65210
65229
65245
65250
65255
65258
65285
65312
65322
65333
65338
65344
65363
65368
65373
65376
65377
65388
65396
65399
65419
65420
65442
65446
65465
65476
65481
65485
65497
65498
65505
65508
65510
65521
65534
65538
65549
65553
65555
65557
65559
65583
65594
65627
65639
65641
65648
65648
65660
65672
65686
65689
65693
65695
65704
65719
65721
65721
65725
65727
65730
65750
65760
65768
65768
65771
65781
65785
65787
65790
65793
65800
65805
65823
65824
65825
65846
65847
65849
65862
65864
65886
65894
65904
65907
65909
65911
65913
65920
65920
65937
65948
65972
65976
65977
65979
65983
66006
66011
66014
66025
66028
66029
66031
66034
66055
66057
66066
66072
66102
66106
66114
66122
66123
66125
66142
66154
66169
66179
66190
66197
66202
66208
66211
66216
66227
66232
66236
66239
66243
66254
66277
66309
66317
66325
66367
66384
66386
66387
66399
66403
66404
66409
66410
66411
66452
66459
66463
66477
66478
66483
66483
66490
66498
66501
66501
66504
66509
66511
66515
66526
66538
66538
66542
66552
66568
66573
66576
66579
66581
66591
66606
66609
66615
66617
66636
66638
66639
66639
66656
66669
66682
66684
66698
66705
66709
66711
66714
66725
66725
66726
66729
66736
66748
66752
66773
66775
66783
66784
66789
66791
66793
66794
66807
66809
66816
66823
66828
66833
66844
66872
66877
66882
66889
66891
66893
66898
66911
66923
66926
66931
66935
66936
66941
66964
66968
66978
66988
67010
67014
67033
67040
67041
67046
67047
67051
67051
67067
67070
67075
67080
67111
67115
67117
67131
67138
67145
67147
67151
67161
67163
67165
67173
67178
67188
67194
67197
67198
67204
67217
67248
67249
67281
67285
67316
67320
67344
67350
67351
67359
67369
67377
67378
67408
67416
67417
67423
67442
67446
67455
67457
67461
67484
67484
67492
67497
67516
67525
67535
67558
67559
67564
67571
67575
67595
67601
67608
67615
67631
67633
67637
67644
67659
67664
67666
67673
67688
67694
67695
67697
67711
67723
67732
67743
67743
67744
67750
67757
67772
67775
67778
67781
67786
67809
67811
67845
67856
67863
67906
67914
67917
67918
67936
67942
67946
67959
67969
67971
67981
67981
67987
67989
68000
68001
68013
68014
68019
68026
68048
68049
68062
68069
68086
68098
68103
68107
68117
68149
68170
68175
68176
68176
68179
68183
68190
68190
68197
68204
68205
68210
68211
68217
68232
68232
68248
68263
68268
68282
68290
68291
68302
68302
68305
68311
68315
68335
68341
68360
68384
68395
68408
68415
68422
68422
68423
68444
68455
68463
68469
68476
68492
68500
68509
68529
68536
68550
68559
68572
68576
68586
68610
68613
68625
68627
68659
68659
68660
68662
68665
68665
68684
68685
68688
68690
68690
68698
68702
68741
68743
68743
68743
68759
68761
68768
68776
68803
68807
68808
68815
68822
68823
68826
68846
68847
68853
68862
68870
68876
68876
68877
68893
68893
68896
68907
68917
68920
68921
68923
68933
68935
68936
68946
68957
68970
68982
68997
69009
69015
69019
69021
69023
69040
69042
69044
69079
69087
69108
69112
69129
69134
69140
69157
69166
69171
69172
69181
69181
69188
69190
69192
69206
69207
69211
69216
69225
69234
69239
69247
69249
69258
69270
69271
69276
69280
69288
69295
69308
69321
69324
69326
69327
69332
69334
69342
69346
69348
69357
69363
69367
69372
69377
69381
69392
69412
69417
69418
69425
69431
69436
69444
69448
69462
69465
69479
69480
69483
69487
69498
69505
69509
69512
69517
69530
69531
69543
69558
69560
69566
69571
69604
69606
69608
69615
69620
69622
69630
69635
69670
69675
69684
69714
69732
