12
19
26
39
49
54
60
65
76
77
82
85
93
96
104
105
108
113
115
118
121
128
130
137
145
146
152
153
161
161
165
167
171
176
178
184
198
200
234
236
244
244
248
268
279
292
311
313
324
328
335
341
358
364
367
372
373
378
397
405
410
412
418
418
418
418
422
427
444
450
453
463
468
474
481
484
487
489
492
498
498
499
499
507
508
508
519
533
546
550
562
562
568
573
573
605
618
622
633
639
657
660
663
664
670
670
676
676
702
704
711
722
747
748
749
751
758
758
761
765
774
776
784
785
786
795
799
802
841
846
847
871
887
891
895
908
928
938
958
964
981
982
982
985
999
1023
1026
1029
1030
1039
1044
1052
1055
1059
1063
1070
1071
1072
1073
1075
1084
1086
1087
1091
1092
1093
1095
1106
1124
1132
1135
1138
1140
1151
1153
1154
1156
1172
1175
1186
1187
1190
1208
1230
1231
1234
1240
1240
1259
1263
1281
1292
1295
1299
1302
1304
1317
1324
1334
1349
1349
1350
1355
1359
1362
1366
1374
1385
1387
1402
1405
1406
1419
1421
1422
1427
1432
1436
1444
1446
1470
1476
1478
1490
1490
1501
1506
1510
1512
1516
1516
1521
1524
1531
1534
1543
1557
1558
1560
1560
1562
1573
1582
1590
1609
1609
1614
1615
1633
1650
1651
1661
1673
1689
1690
1702
1714
1715
1744
1744
1753
1753
1761
1767
1771
1773
1776
1779
1781
1783
1786
1786
1789
1791
1792
1796
1809
1830
1845
1849
1853
1867
1871
1872
1876
1876
1877
1886
1888
1889
1893
1904
1912
1914
1916
1918
1920
1925
1930
1932
1934
1935
1944
1956
1957
1958
1960
1960
1970
1977
1980
1981
1982
1997
2002
2005
2015
2021
2021
2027
2034
2042
2043
2061
2064
2064
2066
2093
2096
2099
2102
2106
2111
2118
2130
2141
2149
2153
2162
2176
2176
2177
2191
2204
2210
2241
2255
2256
2258
2278
2280
2283
2291
2292
2296
2299
2304
2311
2313
2314
2318
2320
2330
2338
2343
2355
2357
2361
2364
2366
2367
2372
2378
2391
2393
2411
2414
2440
2454
2458
2459
2462
2473
2474
2474
2475
2492
2497
2499
2502
2505
2523
2527
2541
2542
2543
2557
2558
2561
2563
2572
2583
2592
2604
2621
2623
2623
2641
2642
2662
2663
2665
2707
2718
2726
2726
2743
2743
2744
2750
2750
2775
2776
2791
2805
2809
2817
2830
2838
2847
2848
2849
2874
2876
2882
2884
2885
2894
2896
2898
2910
2915
2916
2937
2944
2946
2957
2958
2960
2970
2972
2977
2978
2985
2989
2989
3007
3019
3021
3025
3050
3052
3053
3063
3071
3079
3092
3109
3120
3135
3137
3142
3142
3146
3152
3158
3159
3167
3171
3178
3191
3194
3209
3214
3221
3253
3258
3263
3271
3281
3287
3296
3303
3315
3321
3323
3337
3350
3350
3352
3363
3372
3377
3393
3396
3407
3412
3419
3428
3431
3437
3445
3452
3458
3465
3472
3472
3483
3485
3503
3504
3504
3505
3507
3521
3524
3525
3531
3545
3569
3569
3571
3573
3577
3578
3581
3585
3586
3588
3597
3609
3611
3616
3616
3622
3640
3648
3672
3673
3694
3697
3710
3716
3731
3734
3749
3757
3765
3768
3788
3800
3805
3824
3840
3847
3853
3856
3857
3858
3867
3891
3898
3904
3909
3915
3920
3920
3932
3950
3953
3958
3964
3975
3983
3993
3995
3998
4002
4010
4019
4027
4028
4038
4039
4058
4080
4084
4084
4085
4108
4112
4122
4134
4137
4161
4171
4174
4190
4198
4211
4212
4216
4225
4226
4228
4240
4245
4250
4251
4254
4255
4271
4274
4280
4293
4299
4303
4303
4319
4320
4329
4334
4342
4343
4344
4350
4351
4366
4381
4391
4394
4395
4396
4411
4421
4444
4446
4450
4463
4465
4482
4508
4522
4528
4540
4543
4545
4551
4553
4553
4554
4559
4573
4576
4576
4582
4596
4602
4606
4612
4622
4630
4633
4634
4636
4640
4645
4648
4657
4658
4659
4668
4676
4678
4697
4700
4700
4705
4706
4715
4732
4738
4740
4750
4752
4752
4775
4780
4780
4788
4790
4803
4810
4820
4842
4845
4847
4851
4853
4863
4877
4879
4883
4885
4891
4904
4909
4932
4938
4946
4947
4958
4973
4982
4982
4988
5004
5010
5011
5012
5014
5034
5036
5045
5051
5053
5056
5064
5087
5089
5098
5102
5132
5135
5142
5144
5152
5155
5157
5164
5181
5198
5199
5200
5202
5202
5209
5210
5212
5213
5228
5231
5239
5242
5257
5260
5266
5268
5293
5298
5301
5306
5310
5312
5315
5318
5335
5337
5339
5352
5370
5372
5376
5392
5395
5401
5421
5422
5424
5429
5431
5439
5444
5445
5452
5467
5477
5484
5485
5486
5487
5488
5491
5491
5495
5512
5517
5524
5525
5531
5532
5539
5543
5545
5563
5570
5575
5582
5584
5594
5603
5604
5609
5614
5631
5641
5647
5650
5659
5662
5675
5686
5694
5696
5696
5702
5709
5714
5717
5718
5719
5724
5725
5726
5729
5731
5744
5756
5763
5765
5773
5775
5776
5778
5784
5816
5825
5825
5834
5842
5847
5853
5867
5873
5880
5881
5884
5888
5891
5910
5915
5916
5918
5919
5943
5946
5953
5961
5963
5963
5964
5966
5966
5975
5985
5988
5994
5994
5996
6004
6012
6016
6031
6033
6037
6055
6071
6094
6094
6105
6110
6116
6120
6122
6129
6133
6149
6155
6156
6156
6158
6160
6187
6208
6214
6215
6245
6250
6252
6255
6280
6286
6289
6299
6303
6310
6324
6325
6327
6330
6331
6340
6341
6348
6359
6367
6376
6385
6388
6397
6413
6417
6421
6428
6428
6430
6431
6436
6442
6443
6444
6448
6451
6454
6459
6462
6475
6477
6487
6513
6514
6523
6550
6574
6576
6586
6597
6600
6620
6624
6624
6625
6633
6633
6633
6641
6655
6671
6671
6675
6680
6680
6696
6700
6703
6707
6719
6729
6741
6747
6758
6763
6771
6776
6787
6799
6807
6825
6832
6837
6845
6878
6882
6889
6892
6896
6916
6926
6929
6937
6955
6962
6967
6972
6972
6977
7001
7010
7018
7025
7029
7034
7042
7045
7050
7057
7058
7060
7067
7068
7074
7076
7081
7082
7082
7085
7096
7101
7101
7106
7107
7125
7125
7137
7146
7148
7157
7176
7180
7188
7191
7196
7226
7233
7236
7244
7246
7258
7260
7262
7263
7281
7283
7288
7289
7306
7307
7309
7318
7322
7327
7348
7356
7360
7362
7368
7373
7379
7384
7387
7397
7397
7407
7414
7415
7422
7425
7428
7431
7431
7438
7442
7445
7451
7457
7459
7459
7463
7466
7468
7485
7493
7494
7498
7511
7513
7516
7521
7529
7534
7534
7537
7546
7549
7574
7580
7591
7605
7608
7616
7617
7624
7625
7626
7627
7634
7642
7643
7645
7654
7663
7672
7678
7702
7704
7713
7714
7718
7731
7756
7764
7767
7775
7780
7782
7790
7794
7797
7800
7801
7804
7813
7815
7826
7834
7843
7851
7853
7858
7861
7875
7878
7879
7905
7906
7910
7937
7942
7959
7962
7963
7966
7969
7978
7988
7989
8008
8008
8043
8045
8049
8052
8078
8112
8127
8130
8133
8148
8175
8180
8194
8196
8199
8216
8218
8232
8236
8240
8242
8242
8246
8248
8259
8260
8274
8298
8302
8304
8318
8334
8336
8346
8347
8360
8360
8363
8379
8383
8385
8400
8409
8426
8453
8454
8464
8466
8469
8493
8496
8504
8511
8521
8524
8525
8541
8542
8545
8563
8567
8574
8593
8597
8608
8650
8654
8659
8667
8668
8671
8671
8678
8683
8698
8703
8717
8724
8730
8747
8748
8751
8756
8761
8772
8780
8789
8795
8804
8810
8826
8838
8868
8874
8884
8895
8903
8922
8923
8942
8947
8964
8964
8967
8968
8991
9000
9017
9037
9047
9049
9054
9054
9056
9058
9063
9064
9090
9091
9097
9118
9119
9120
9120
9125
9135
9141
9149
9149
9168
9198
9203
9237
9238
9240
9242
9243
9246
9256
9257
9258
9260
9286
9292
9293
9298
9319
9329
9332
9335
9340
9348
9354
9363
9363
9377
9395
9400
9413
9427
9428
9432
9443
9455
9483
9495
9498
9503
9521
9527
9530
9535
9542
9548
9552
9554
9557
9561
9571
9576
9582
9588
9595
9596
9597
9598
9604
9608
9616
9618
9619
9623
9627
9628
9631
9632
9635
9638
9650
9658
9661
9670
9705
9709
9739
9740
9759
9760
9761
9768
9779
9782
9796
9809
9814
9831
9866
9868
9871
9871
9872
9881
9889
9891
9900
9922
9929
9945
9945
9953
9955
9957
9962
9968
9972
9976
9979
9983
9987
9989
9991
9998
10000
10012
10012
10020
10046
10046
10082
10082
10087
10106
10109
10124
10127
10134
10134
10138
10146
10157
10160
10162
10165
10184
10203
10210
10216
10217
10242
10258
10260
10261
10271
10276
10288
10296
10310
10322
10325
10326
10327
10327
10329
10330
10334
10343
10348
10357
10367
10367
10370
10371
10384
10392
10392
10397
10401
10429
10430
10435
10435
10437
10443
10443
10443
10445
10447
10450
10459
10463
10473
10494
10502
10509
10517
10528
10546
10558
10562
10565
10565
10566
10574
10578
10584
10585
10592
10594
10598
10601
10612
10613
10626
10632
10641
10642
10649
10650
10667
10667
10679
10680
10683
10703
10711
10712
10717
10718
10720
10727
10742
10744
10746
10772
10773
10777
10789
10793
10797
10799
10800
10807
10809
10825
10825
10828
10828
10830
10831
10835
10856
10857
10857
10869
10877
10892
10896
10898
10899
10899
10900
10933
10949
10956
10963
10965
10968
10982
10985
10985
10986
10991
11000
11003
11007
11020
11042
11070
11075
11076
11077
11085
11088
11094
11107
11124
11138
11146
11146
11162
11172
11178
11181
11184
11185
11186
11189
11215
11217
11227
11230
11232
11245
11250
11259
11262
11263
11266
11266
11277
11277
11279
11280
11284
11290
11292
11306
11308
11315
11318
11320
11337
11345
11351
11351
11355
11357
11361
11372
11375
11377
11381
11391
11395
11400
11406
11407
11411
11412
11426
11432
11434
11448
11479
11485
11491
11504
11506
11508
11518
11532
11534
11540
11548
11548
11553
11557
11569
11571
11592
11599
11604
11604
11627
11628
11635
11656
11672
11687
11690
11693
11693
11698
11698
11708
11718
11741
11750
11755
11757
11767
11784
11788
11810
11814
11817
11820
11832
11849
11850
11861
11869
11870
11881
11888
11919
11921
11926
11932
11937
11939
11942
11952
11955
11956
11958
11970
11984
11987
11992
12006
12009
12013
12018
12020
12025
12037
12047
12062
12065
12075
12079
12083
12107
12111
12119
12120
12126
12128
12136
12139
12143
12152
12158
12172
12176
12180
12191
12193
12199
12214
12233
12249
12254
12255
12281
12295
12298
12308
12315
12323
12330
12331
12359
12362
12369
12369
12375
12376
12379
12389
12396
12414
12416
12430
12442
12444
12447
12449
12450
12457
12458
12463
12467
12489
12501
12512
12517
12534
12537
12543
12556
12556
12561
12568
12574
12577
12581
12598
12610
12623
12624
12627
12630
12635
12651
12654
12660
12674
12693
12694
12702
12705
12711
12712
12718
12733
12734
12741
12743
12766
12767
12785
12786
12798
12798
12808
12832
12840
12850
12857
12857
12868
12887
12890
12905
12909
12910
12913
12915
12928
12938
12942
12943
12957
12959
12965
12976
12979
12983
12988
12988
12994
13007
13009
13025
13034
13042
13042
13048
13053
13054
13055
13056
13059
13062
13080
13085
13096
13106
13108
13110
13124
13131
13132
13143
13144
13151
13151
13165
13181
13189
13199
13200
13201
13208
13208
13214
13222
13224
13226
13237
13238
13247
13253
13255
13256
13256
13257
13260
13273
13283
13288
13295
13300
13307
13311
13357
13357
13367
13367
13370
13387
13389
13435
13450
13459
13464
13467
13469
13476
13482
13504
13505
13505
13511
13514
13514
13523
13552
13563
13564
13564
13568
13577
13595
13601
13604
13606
13607
13619
13620
13628
13635
13638
13661
13702
13704
13709
13713
13734
13737
13739
13743
13753
13755
13760
13788
13789
13801
13809
13811
13817
13837
13837
13842
13844
13863
13864
13870
13885
13904
13920
13929
13933
13933
13967
13969
13971
13980
13987
13993
13998
13999
14009
14018
14019
14019
14024
14036
14056
14059
14072
14075
14081
14088
14092
14096
14108
14111
14133
14134
14138
14138
14139
14151
14158
14161
14194
14208
14209
14216
14217
14226
14229
14242
14260
14264
14292
14293
14296
14301
14302
14302
14316
14329
14341
14354
14355
14357
14357
14366
14368
14372
14380
14389
14401
14403
14405
14405
14416
14419
14435
14435
14436
14442
14452
14455
14459
14471
14482
14486
14491
14499
14503
14504
14508
14509
14524
14527
14528
14532
14534
14535
14535
14541
14543
14570
14579
14586
14588
14602
14608
14619
14629
14632
14635
14651
14653
14654
14660
14671
14675
14685
14688
14688
14694
14710
14715
14734
14737
14741
14741
14748
14749
14757
14757
14765
14769
14779
14781
14786
14788
14797
14807
14819
14821
14825
14827
14842
14851
14852
14865
14893
14894
14894
14905
14907
14908
14908
14915
14922
14922
14924
14935
14953
14962
14967
14967
14974
14976
14979
14983
14988
14994
15001
15013
15026
15041
15055
15059
15063
15073
15074
15079
15079
15083
15084
15100
15110
15121
15136
15136
15139
15146
15153
15157
15157
15158
15162
15167
15169
15170
15171
15176
15182
15182
15189
15189
15192
15198
15206
15219
15227
15244
15245
15248
15270
15273
15295
15299
15301
15307
15315
15318
15325
15327
15334
15343
15352
15363
15365
15370
15395
15413
15415
15424
15431
15441
15442
15447
15451
15459
15475
15476
15484
15484
15489
15491
15495
15496
15515
15537
15553
15555
15558
15562
15564
15569
15577
15581
15586
15590
15595
15597
15599
15613
15620
15630
15646
15648
15649
15650
15655
15655
15665
15686
15688
15698
15707
15731
15756
15777
15780
15780
15788
15797
15815
15822
15822
15826
15838
15848
15849
15854
15861
15865
15869
15891
15913
15914
15923
15929
15945
15951
15952
15953
15964
15969
15972
15981
15987
15994
16000
16036
16037
16038
16051
16076
16082
16108
16119
16123
16124
16141
16150
16155
16156
16167
16168
16169
16175
16176
16194
16196
16225
16227
16228
16230
16234
16245
16250
16250
16251
16264
16268
16272
16274
16279
16281
16288
16294
16295
16296
16315
16318
16328
16330
16333
16340
16345
16346
16353
16370
16392
16399
16401
16418
16422
16434
16435
16435
16436
16438
16450
16471
16477
16479
16485
16487
16508
16509
16512
16513
16524
16527
16527
16534
16536
16537
16538
16539
16547
16549
16551
16558
16560
16560
16563
16590
16619
16641
16641
16642
16651
16663
16665
16666
16672
16678
16678
16682
16689
16694
16698
16699
16707
16710
16720
16728
16729
16735
16751
16755
16760
16765
16770
16772
16777
16800
16803
16807
16820
16821
16829
16829
16831
16833
16835
16838
16848
16849
16856
16856
16863
16863
16871
16871
16875
16881
16882
16906
16909
16915
16918
16933
16933
16942
16942
16949
16952
16956
16958
16965
16967
16970
16990
17003
17027
17064
17079
17080
17083
17119
17122
17126
17139
17143
17156
17189
17192
17212
17213
17217
17221
17224
17239
17244
17251
17269
17273
17284
17286
17286
17292
17300
17310
17315
17323
17329
17334
17336
17338
17349
17353
17359
17373
17389
17400
17401
17403
17412
17417
17421
17425
17431
17434
17438
17443
17445
17461
17464
17465
17465
17467
17470
17470
17479
17503
17503
17512
17528
17533
17537
17542
17543
17545
17551
17552
17554
17557
17562
17563
17601
17605
17628
17637
17646
17647
17648
17653
17660
17661
17668
17668
17677
17688
17698
17701
17702
17706
17707
17708
17712
17712
17712
17713
17718
17718
17735
17738
17749
17761
17768
17788
17807
17810
17819
17822
17829
17840
17843
17844
17858
17859
17873
17878
17881
17887
17895
17897
17898
17898
17900
17912
17915
17915
17917
17924
17951
17952
17953
17957
17965
17965
17967
17977
17982
17991
18004
18006
18013
18014
18018
18019
18024
18027
18034
18040
18071
18071
18077
18077
18078
18084
18100
18104
18110
18113
18113
18128
18141
18159
18163
18170
18178
18181
18191
18191
18196
18228
18234
18235
18250
18258
18263
18263
18265
18279
18290
18294
18294
18298
18299
18301
18301
18302
18311
18311
18333
18348
18349
18366
18367
18367
18370
18373
18378
18384
18387
18391
18391
18404
18405
18406
18419
18441
18442
18444
18447
18448
18450
18451
18453
18458
18459
18460
18464
18483
18485
18490
18495
18498
18502
18504
18524
18534
18549
18551
18555
18557
18562
18569
18573
18579
18584
18592
18603
18610
18611
18626
18626
18632
18639
18646
18654
18656
18669
18670
18687
18689
18696
18696
18696
18701
18704
18714
18726
18733
18743
18752
18761
18773
18786
18788
18793
18797
18808
18808
18811
18811
18817
18825
18846
18855
18856
18863
18865
18865
18867
18885
18890
18895
18903
18905
18925
18926
18927
18928
18932
18941
18954
18958
18960
18963
18965
18972
18995
19001
19004
19007
19010
19027
19027
19032
19040
19043
19048
19069
19069
19070
19073
19075
19081
19082
19087
19097
19116
19120
19128
19132
19137
19138
19139
19160
19179
19212
19215
19215
19234
19236
19240
19243
19251
19263
19264
19282
19287
19291
19294
19297
19298
19319
19319
19342
19362
19366
19371
19389
19391
19397
19412
19420
19428
19431
19440
19444
19446
19452
19471
19472
19475
19477
19487
19501
19505
19511
19512
19516
19518
19533
19536
19537
19541
19542
19545
19551
19568
19576
19581
19589
19591
19592
19597
19598
19598
19600
19610
19611
19627
19630
19635
19635
19636
19638
19643
19648
19651
19652
19667
19667
19678
19691
19717
19722
19735
19736
19742
19748
19752
19752
19757
19758
19765
19778
19793
19799
19822
19830
19834
19865
19869
19873
19876
19879
19880
19886
19893
19900
19902
19906
19907
19921
19929
19948
19950
19964
19972
19979
19982
19993
20004
20007
20007
20022
20026
20029
20032
20048
20057
20057
20060
20062
20073
20076
20078
20092
20101
20111
20119
20120
20128
20138
20168
20171
20172
20176
20188
20189
20224
20254
20266
20270
20276
20276
20282
20285
20294
20299
20299
20310
20319
20319
20340
20342
20357
20360
20363
20365
20367
20367
20371
20378
20385
20385
20391
20397
20407
20408
20417
20418
20425
20425
20459
20480
20481
20490
20492
20535
20555
20556
20557
20567
20569
20572
20578
20590
20592
20592
20592
20597
20602
20602
20612
20618
20642
20644
20649
20649
20650
20659
20660
20663
20665
20668
20674
20674
20680
20690
20710
20714
20714
20723
20742
20743
20748
20749
20762
20762
20763
20794
20814
20814
20817
20817
20824
20834
20834
20834
20863
20879
20881
20882
20885
20891
20901
20917
20930
20932
20935
20940
20944
20954
20956
20959
20981
20987
20994
21003
21022
21030
21035
21038
21048
21052
21056
21058
21061
21061
21063
21066
21075
21081
21093
21098
21112
21135
21148
21156
21157
21161
21172
21173
21174
21181
21182
21193
21195
21210
21211
21225
21233
21234
21240
21243
21244
21271
21272
21275
21278
21287
21288
21292
21295
21298
21309
21310
21315
21324
21334
21344
21345
21353
21369
21402
21413
21427
21437
21447
21448
21452
21453
21454
21468
21469
21469
21482
21482
21484
21488
21499
21513
21526
21547
21547
21566
21571
21574
21584
21613
21615
21624
21625
21633
21635
21637
21653
21659
21660
21674
21676
21681
21690
21696
21700
21707
21707
21711
21711
21720
21720
21727
21730
21739
21741
21755
21761
21768
21773
21774
21783
21787
21794
21798
21804
21825
21833
21839
21845
21870
21875
21881
21886
21890
21892
21897
21900
21904
21909
21918
21918
21920
21921
21932
21944
21944
21946
21950
21957
21969
21972
21976
21976
21979
21994
21995
21997
22010
22010
22013
22021
22040
22043
22064
22073
22081
22091
22097
22106
22113
22115
22116
22129
22132
22137
22141
22142
22143
22143
22149
22161
22175
22182
22204
22208
22215
22220
22232
22237
22242
22250
22253
22256
22267
22276
22305
22307
22324
22327
22329
22335
22339
22354
22367
22368
22374
22389
22395
22397
22404
22405
22413
22414
22415
22428
22474
22476
22481
22484
22484
22499
22501
22506
22527
22546
22551
22551
22552
22562
22569
22573
22589
22592
22600
22608
22612
22632
22633
22633
22638
22642
22646
22655
22657
22663
22665
22681
22700
22703
22720
22722
22740
22757
22762
22774
22777
22778
22791
22802
22814
22815
22817
22818
22820
22823
22830
22850
22852
22864
22866
22870
22880
22884
22893
22894
22897
22901
22906
22907
22917
22928
22973
22975
22989
22991
22995
22998
23001
23002
23016
23028
23033
23038
23060
23085
23088
23099
23110
23113
23115
23125
23135
23146
23151
23153
23154
23154
23164
23175
23190
23191
23196
23206
23217
23232
23238
23244
23248
23253
23261
23266
23270
23271
23288
23289
23305
23311
23312
23327
23331
23336
23340
23342
23346
23347
23347
23350
23361
23365
23390
23403
23408
23416
23454
23457
23493
23509
23513
23522
23539
23544
23548
23553
23553
23555
23568
23593
23601
23606
23631
23645
23656
23673
23689
23690
23693
23704
23704
23725
23737
23739
23751
23770
23775
23816
23849
23850
23872
23907
23916
23920
23924
23925
23940
23942
23943
23952
23959
23968
23970
23988
23991
23992
24003
24005
24012
24016
24017
24017
24035
24036
24036
24038
24043
24047
24049
24057
24059
24065
24078
24083
24086
24099
24101
24105
24106
24112
24112
24129
24131
24137
24146
24148
24154
24167
24169
24180
24183
24191
24197
24213
24217
24223
24226
24227
24231
24231
24232
24235
24241
24250
24259
24261
24266
24273
24274
24307
24308
24310
24310
24315
24318
24318
24336
24347
24352
24352
24358
24363
24369
24376
24391
24397
24421
24425
24435
24445
24448
24450
24450
24457
24457
24459
24488
24503
24505
24510
24526
24531
24534
24536
24543
24547
24552
24557
24564
24569
24584
24622
24625
24626
24628
24633
24634
24637
24638
24642
24646
24652
24655
24666
24669
24675
24698
24700
24710
24725
24734
24746
24755
24759
24759
24779
24789
24791
24794
24806
24812
24848
24851
24857
24859
24860
24865
24866
24877
24894
24930
24933
24942
24953
24955
24957
24971
24972
24977
24980
24982
24994
24996
25025
25026
25043
25054
25054
25054
25057
25061
25063
25068
25073
25085
25096
25109
25111
25118
25119
25133
25137
25140
25149
25170
25171
25171
25175
25175
25178
25183
25184
25211
25214
25228
25237
25241
25252
25261
25270
25274
25285
25296
25296
25299
25300
25311
25336
25337
25343
25346
25347
25363
25407
25413
25415
25420
25420
25435
25445
25447
25454
25458
25466
25467
25473
25481
25500
25549
25562
25569
25578
25580
25594
25595
25604
25606
25617
25618
25643
25645
25648
25657
25661
25662
25663
25671
25671
25682
25683
25688
25692
25706
25706
25709
25713
25734
25734
25751
25755
25758
25758
25759
25762
25765
25814
25819
25819
25824
25830
25830
25837
25845
25847
25857
25867
25869
25879
25885
25888
25889
25908
25911
25924
25933
25943
25943
25944
25948
25948
25953
25958
25962
25964
25964
25967
25971
25984
25991
26012
26013
26017
26019
26025
26030
26036
26036
26039
26047
26057
26070
26071
26078
26081
26097
26112
26114
26115
26116
26119
26124
26126
26143
26154
26155
26163
26177
26181
26182
26185
26187
26187
26193
26195
26198
26199
26206
26206
26210
26212
26226
26243
26257
26258
26265
26265
26272
26272
26274
26279
26282
26288
26288
26290
26295
26300
26314
26324
26325
26328
26341
26344
26349
26371
26383
26395
26405
26405
26407
26415
26418
26425
26427
26428
26431
26437
26442
26453
26458
26458
26461
26465
26467
26470
26474
26476
26483
26498
26503
26520
26521
26522
26526
26526
26543
26552
26568
26574
26574
26584
26592
26594
26606
26607
26608
26609
26611
26612
26618
26624
26631
26642
26645
26652
26658
26659
26675
26682
26684
26696
26698
26704
26704
26708
26716
26727
26734
26735
26741
26746
26754
26759
26768
26787
26796
26811
26813
26814
26841
26846
26851
26856
26859
26860
26862
26862
26864
26865
26870
26889
26890
26901
26911
26917
26920
26921
26922
26924
26934
26941
26959
26980
26991
26993
27001
27005
27018
27018
27028
27028
27041
27062
27077
27078
27079
27081
27089
27090
27091
27099
27101
27109
27112
27115
27117
27118
27118
27118
27120
27121
27125
27127
27128
27146
27146
27147
27147
27153
27159
27176
27179
27183
27186
27187
27189
27194
27203
27222
27226
27232
27238
27251
27263
27269
27272
27276
27276
27286
27289
27308
27310
27315
27321
27322
27323
27326
27346
27350
27362
27374
27393
27410
27410
27422
27426
27433
27442
27452
27458
27459
27469
27481
27482
27483
27484
27485
27485
27502
27510
27514
27519
27519
27527
27530
27533
27533
27551
27556
27557
27561
27561
27563
27568
27583
27588
27591
27605
27606
27614
27615
27623
27628
27639
27647
27652
27656
27675
27679
27681
27682
27689
27696
27697
27706
27711
27718
27719
27729
27740
27754
27758
27758
27762
27767
27773
27778
27792
27805
27816
27816
27821
27826
27834
27835
27841
27846
27882
27883
27885
27886
27892
27895
27896
27907
27908
27916
27921
27944
27950
27953
27955
27957
27958
27958
27968
27973
27999
27999
28001
28005
28018
28039
28041
28083
28083
28093
28094
28097
28110
28110
28111
28116
28123
28128
28131
28138
28141
28148
28153
28155
28157
28159
28168
28168
28169
28177
28177
28180
28181
28194
28209
28217
28221
28230
28239
28249
28251
28254
28270
28284
28299
28305
28307
28310
28315
28320
28326
28328
28342
28343
28345
28350
28356
28357
28357
28361
28364
28374
28380
28390
28404
28412
28412
28417
28425
28437
28445
28459
28459
28464
28465
28465
28484
28491
28503
28527
28528
28549
28555
28590
28593
28605
28607
28610
28610
28617
28620
28626
28631
28634
28638
28644
28653
28663
28666
28667
28667
28669
28671
28675
28679
28681
28692
28701
28704
28713
28721
28727
28728
28739
28743
28765
28770
28772
28775
28787
28792
28794
28803
28815
28817
28825
28852
28854
28863
28875
28884
28891
28920
28921
28926
28927
28937
28943
28945
28946
28954
28956
28968
28982
28984
29020
29026
29037
29038
29047
29057
29058
29059
29074
29083
29091
29096
29108
29111
29120
29145
29145
29153
29156
29164
29166
29169
29179
29185
29186
29205
29208
29210
29237
29238
29240
29250
29252
29253
29257
29279
29280
29292
29294
29296
29306
29311
29314
29315
29348
29354
29372
29377
29379
29386
29398
29412
29426
29435
29436
29436
29441
29443
29446
29446
29454
29463
29464
29467
29486
29489
29490
29493
29496
29511
29524
29531
29549
29556
29559
29561
29562
29564
29565
29576
29590
29594
29614
29629
29630
29633
29640
29645
29655
29664
29671
29684
29696
29700
29706
29717
29719
29732
29739
29747
29754
29756
29769
29770
29775
29775
29779
29794
29816
29818
29823
29823
29827
29829
29830
29841
29843
29845
29852
29854
29857
29861
29862
29871
29877
29881
29910
29910
29932
29939
29962
29964
29988
29999
30003
30004
30012
30018
30021
30027
30029
30036
30047
30048
30052
30055
30057
30064
30080
30098
30105
30106
30110
30119
30121
30139
30146
30150
30154
30158
30185
30191
30199
30204
30217
30219
30226
30228
30236
30239
30240
30242
30243
30244
30246
30252
30274
30276
30280
30283
30290
30294
30304
30321
30325
30351
30355
30362
30364
30376
30382
30388
30389
30405
30409
30413
30413
30422
30422
30431
30437
30438
30445
30452
30456
30467
30475
30486
30490
30515
30517
30533
30536
30550
30554
30584
30594
30598
30603
30607
30611
30624
30640
30642
30649
30662
30663
30666
30674
30683
30690
30691
30697
30700
30722
30723
30726
30731
30731
30735
30742
30752
30766
30768
30779
30782
30784
30786
30787
30790
30791
30809
30812
30816
30833
30838
30841
30858
30861
30879
30880
30883
30892
30926
30945
30960
30987
31005
31005
31012
31026
31026
31066
31078
31115
31118
31125
31133
31137
31142
31162
31166
31184
31187
31189
31194
31197
31202
31209
31210
31212
31213
31214
31217
31223
31225
31227
31235
31241
31242
31257
31257
31260
31263
31283
31287
31296
31302
31312
31318
31324
31326
31333
31338
31339
31342
31349
31359
31359
31369
31394
31401
31424
31435
31436
31440
31440
31442
31456
31460
31467
31468
31469
31475
31479
31480
31483
31485
31485
31490
31512
31533
31537
31546
31549
31560
31566
31571
31573
31575
31581
31591
31597
31605
31611
31616
31620
31620
31633
31636
31636
31662
31663
31665
31668
31694
31697
31704
31711
31715
31723
31723
31724
31725
31727
31734
31748
31749
31762
31780
31786
31817
31819
31821
31828
31842
31873
31880
31892
31895
31902
31916
31925
31930
31933
31945
31945
31946
31958
31984
31989
31992
32002
32005
32010
32013
32015
32035
32042
32044
32045
32052
32055
32055
32062
32064
32064
32071
32083
32088
32090
32091
32099
32108
32112
32119
32120
32133
32134
32141
32142
32145
32154
32155
32160
32167
32169
32188
32204
32206
32208
32224
32238
32241
32293
32307
32317
32322
32341
32343
32346
32349
32353
32366
32401
32412
32413
32418
32427
32434
32436
32437
32454
32454
32455
32460
32460
32467
32471
32477
32487
32490
32494
32495
32498
32498
32503
32510
32518
32540
32543
32550
32553
32554
32557
32575
32580
32582
32588
32593
32593
32594
32596
32599
32603
32614
32619
32643
32658
32659
32667
32678
32682
32682
32682
32692
32697
32706
32714
32719
32735
32741
32746
32751
32752
32754
32758
32764
32764
32776
32778
32788
32791
32796
32799
32812
32835
32835
32837
32839
32857
32862
32865
32869
32873
32887
32896
32900
32901
32915
32917
32922
32923
32933
32934
32950
32951
32954
32960
32971
32976
32981
32982
32990
32996
33008
33013
33021
33026
33030
33031
33046
33047
33065
33067
33076
33077
33077
33078
33105
33116
33119
33119
33123
33127
33150
33153
33154
33166
33169
33171
33194
33195
33197
33205
33211
33225
33233
33235
33238
33242
33242
33243
33244
33246
33246
33246
33252
33262
33269
33274
33275
33278
33278
33281
33282
33282
33288
33288
33290
33298
33299
33306
33317
33335
33336
33350
33350
33354
33368
33376
33379
33415
33416
33419
33425
33428
33437
33439
33442
33442
33446
33460
33466
33473
33474
33482
33487
33496
33501
33504
33526
33536
33539
33547
33547
33552
33554
33555
33562
33616
33616
33620
33627
33634
33639
33640
33653
33655
33657
33657
33662
33685
33685
33690
33698
33707
33709
33709
33714
33722
33723
33733
33760
33760
33777
33781
33781
33827
33830
33838
33846
33846
33847
33848
33855
33863
33865
33874
33876
33881
33890
33895
33903
33903
33907
33911
33911
33911
33917
33919
33924
33929
33929
33932
33933
33937
33949
33950
33954
33961
33969
33999
34003
34004
34016
34024
34030
34039
34040
34049
34060
34062
34072
34077
34079
34082
34087
34092
34092
34116
34117
34132
34142
34155
34161
34174
34180
34201
34205
34214
34219
34221
34226
34226
34230
34241
34247
34256
34264
34296
34297
34323
34326
34327
34343
34344
34345
34345
34350
34354
34359
34362
34369
34380
34380
34389
34396
34401
34408
34408
34413
34415
34437
34440
34453
34458
34478
34480
34480
34480
34481
34485
34488
34490
34500
34509
34512
34514
34525
34527
34531
34538
34540
34543
34550
34551
34554
34555
34557
34585
34590
34604
34605
34608
34608
34610
34645
34660
34662
34669
34680
34680
34682
34684
34689
34691
34711
34713
34721
34724
34731
34754
34762
34773
34774
34790
34800
34806
34806
34806
34821
34834
34836
34839
34839
34850
34869
34884
34884
34889
34896
34896
34921
34931
34935
34945
34963
34967
34976
34984
34993
34998
35017
35029
35037
35037
35038
35048
35063
35065
35069
35070
35071
35074
35079
35092
35102
35111
35119
35135
35136
35140
35150
35151
35154
35158
35169
35182
35187
35191
35194
35197
35211
35212
35215
35217
35223
35250
35273
35279
35279
35284
35296
35306
35309
35311
35313
35313
35323
35326
35336
35349
35362
35368
35376
35376
35385
35387
35391
35394
35420
35438
35444
35449
35452
35458
35460
35462
35475
35485
35495
35498
35502
35505
35505
35512
35519
35522
35531
35531
35534
35535
35536
35547
35559
35562
35567
35578
35581
35586
35595
35599
35607
35614
35629
35651
35656
35661
35678
35679
35683
35688
35691
35691
35695
35696
35699
35700
35701
35707
35738
35744
35744
35747
35767
35767
35780
35781
35782
35801
35808
35809
35816
35817
35848
35852
35872
35875
35879
35889
35893
35907
35907
35909
35911
35933
35950
35953
35961
35965
35976
35977
35983
35984
35992
36010
36016
36018
36018
36022
36022
36029
36029
36030
36041
36047
36062
36062
36065
36083
36116
36117
36119
36131
36131
36135
36135
36139
36160
36164
36168
36170
36172
36175
36183
36187
36193
36197
36200
36209
36230
36242
36245
36266
36267
36281
36285
36290
36302
36314
36320
36322
36335
36348
36357
36360
36362
36396
36410
36413
36423
36427
36431
36432
36441
36442
36449
36449
36453
36456
36457
36462
36476
36476
36477
36483
36486
36488
36500
36508
36509
36514
36518
36544
36547
36555
36571
36573
36574
36581
36585
36588
36591
36615
36621
36622
36630
36630
36631
36643
36664
36673
36688
36693
36698
36715
36724
36727
36729
36732
36755
36765
36766
36775
36779
36781
36793
36805
36809
36821
36832
36839
36839
36841
36851
36857
36874
36875
36893
36899
36908
36913
36921
36924
36927
36929
36939
36949
36958
36959
36963
36965
36970
36979
36983
36987
36996
37003
37011
37014
37015
37018
37018
37022
37029
37043
37049
37057
37092
37100
37116
37121
37122
37125
37129
37130
37148
37149
37164
37191
37208
37209
37220
37221
37221
37223
37245
37290
37292
37294
37300
37305
37309
37315
37317
37318
37321
37333
37339
37344
37352
37359
37360
37382
37391
37395
37404
37415
37416
37423
37424
37436
37437
37449
37457
37461
37464
37464
37472
37475
37484
37484
37487
37496
37507
37508
37526
37531
37532
37550
37553
37553
37555
37559
37579
37594
37600
37602
37649
37654
37668
37681
37691
37693
37702
37705
37707
37721
37722
37725
37735
37749
37749
37758
37759
37838
37838
37839
37841
37844
37844
37845
37850
37851
37865
37883
37914
37926
37934
37935
37937
37950
37959
37962
37972
37983
37983
37985
37987
37997
38004
38016
38030
38032
38042
38042
38064
38072
38100
38107
38107
38110
38119
38120
38124
38133
38191
38199
38202
38204
38210
38219
38228
38234
38234
38240
38245
38257
38278
38281
38289
38289
38298
38310
38310
38316
38323
38324
38328
38338
38344
38348
38354
38361
38366
38371
38381
38381
38397
38409
38437
38437
38437
38446
38482
38511
38513
38518
38519
38525
38533
38536
38540
38545
38551
38554
38558
38560
38585
38587
38594
38603
38610
38610
38613
38639
38641
38647
38647
38657
38679
38694
38695
38698
38706
38711
38725
38728
38734
38738
38771
38777
38777
38781
38796
38800
38810
38813
38813
38824
38829
38836
38847
38857
38863
38869
38873
38878
38883
38894
38898
38899
38899
38901
38904
38912
38930
38939
38943
38944
38949
38962
38965
38969
38978
38983
38983
38996
39009
39034
39038
39041
39047
39047
39058
39072
39083
39096
39097
39097
39119
39122
39122
39124
39140
39148
39155
39158
39175
39176
39186
39186
39186
39187
39189
39193
39198
39207
39226
39238
39243
39249
39252
39259
39268
39270
39282
39283
39305
39312
39313
39328
39329
39338
39354
39362
39363
39376
39378
39403
39411
39416
39423
39429
39430
39445
39449
39454
39465
39472
39473
39474
39479
39492
39493
39495
39508
39518
39523
39530
39531
39533
39539
39549
39549
39550
39552
39552
39561
39562
39566
39590
39592
39601
39601
39613
39615
39624
39625
39626
39629
39644
39645
39648
39653
39678
39700
39703
39711
39716
39747
39756
39763
39785
39785
39792
39793
39797
39799
39799
39815
39837
39845
39847
39860
39872
39873
39875
39884
39894
39902
39912
39925
39926
39941
39949
39985
39999
40005
40005
40026
40048
40050
40062
40070
40074
40097
40104
40108
40114
40114
40117
40170
40174
40184
40198
40208
40208
40220
40222
40224
40224
40227
40229
40236
40244
40246
40256
40262
40264
40266
40267
40290
40305
40311
40318
40321
40326
40340
40347
40351
40357
40374
40382
40388
40397
40398
40399
40399
40399
40407
40418
40427
40431
40436
40441
40442
40456
40460
40461
40461
40480
40496
40499
40505
40512
40515
40524
40534
40539
40540
40542
40549
40554
40558
40560
40577
40578
40584
40596
40606
40621
40625
40627
40634
40642
40670
40680
40689
40703
40708
40710
40723
40739
40755
40758
40759
40761
40761
40771
40778
40783
40806
40841
40867
40881
40889
40890
40891
40895
40897
40902
40909
40914
40918
40932
40934
40935
40937
40956
40965
40974
40982
40985
41004
41007
41008
41022
41027
41033
41038
41039
41044
41046
41052
41067
41074
41075
41077
41090
41098
41103
41113
41115
41121
41123
41129
41134
41138
41142
41149
41159
41164
41168
41174
41175
41186
41199
41207
41213
41222
41226
41249
41249
41263
41275
41283
41283
41285
41289
41295
41302
41305
41336
41340
41342
41349
41349
41361
41377
41396
41398
41408
41437
41438
41454
41454
41481
41483
41487
41487
41489
41497
41503
41511
41512
41526
41527
41529
41530
41536
41541
41558
41559
41565
41570
41571
41584
41612
41626
41648
41653
41656
41657
41668
41671
41674
41674
41702
41715
41721
41724
41727
41736
41739
41752
41753
41758
41759
41763
41774
41779
41780
41782
41784
41786
41789
41791
41829
41871
41881
41882
41883
41892
41894
41897
41903
41904
41909
41912
41932
41934
41940
41944
41949
41955
41958
41963
41964
41972
41992
42000
42020
42031
42034
42035
42035
42052
42075
42077
42084
42095
42100
42102
42104
42112
42117
42123
42130
42134
42146
42151
42153
42156
42174
42177
42187
42189
42191
42194
42234
42235
42236
42238
42246
42249
42253
42266
42272
42280
42286
42297
42298
42309
42312
42318
42320
42321
42322
42325
42342
42351
42360
42363
42379
42382
42388
42400
42405
42406
42411
42412
42417
42425
42430
42441
42448
42450
42452
42453
42461
42465
42468
42481
42485
42504
42518
42519
42526
42538
42541
42564
42585
42587
42587
42588
42590
42595
42602
42607
42622
42630
42639
42650
42659
42678
42681
42688
42697
42711
42713
42713
42717
42722
42730
42737
42737
42745
42751
42753
42754
42757
42777
42779
42790
42792
42793
42797
42798
42803
42810
42814
42823
42839
42863
42870
42871
42882
42885
42890
42900
42902
42908
42910
42913
42913
42914
42916
42923
42924
42927
42945
42946
42952
42955
42956
42973
42973
42977
42979
42984
42987
42989
42989
42991
43002
43006
43022
43023
43024
43028
43032
43041
43047
43055
43060
43060
43067
43077
43090
43103
43115
43115
43118
43119
43121
43123
43123
43129
43139
43142
43148
43153
43162
43164
43171
43176
43183
43186
43193
43202
43218
43221
43230
43256
43257
43259
43261
43279
43281
43287
43311
43314
43315
43315
43325
43333
43336
43339
43339
43345
43348
43362
43376
43379
43383
43385
43392
43400
43403
43419
43422
43444
43445
43448
43449
43450
43459
43466
43469
43470
43476
43485
43489
43499
43500
43511
43527
43529
43536
43536
43537
43538
43546
43552
43554
43555
43562
43578
43591
43605
43625
43628
43629
43630
43637
43645
43645
43648
43659
43660
43678
43684
43688
43700
43700
43700
43716
43717
43724
43729
43750
43751
43754
43755
43767
43781
43793
43820
43827
43832
43840
43849
43851
43873
43877
43884
43889
43898
43910
43913
43917
43921
43921
43922
43931
43935
43935
43936
43945
43948
43949
43951
43953
43969
43971
43977
43977
43980
43989
43989
43994
43997
43999
44002
44003
44006
44007
44007
44008
44009
44011
44025
44083
44085
44087
44109
44117
44122
44126
44127
44137
44138
44140
44158
44168
44170
44181
44194
44198
44201
44205
44207
44211
44215
44231
44233
44236
44248
44250
44264
44280
44281
44291
44303
44314
44318
44320
44321
44327
44327
44338
44371
44379
44401
44405
44423
44429
44429
44430
44431
44442
44448
44457
44457
44460
44462
44471
44475
44488
44497
44501
44510
44518
44527
44529
44530
44538
44542
44553
44560
44562
44568
44570
44585
44614
44614
44615
44618
44638
44640
44650
44667
44671
44673
44688
44707
44709
44712
44713
44716
44717
44748
44771
44783
44803
44808
44809
44814
44835
44838
44846
44848
44860
44867
44868
44873
44881
44889
44897
44897
44901
44906
44913
44918
44929
44935
44935
44938
44947
44957
44958
44965
44966
44971
44991
45005
45016
45021
45028
45033
45052
45055
45055
45058
45060
45065
45075
45076
45077
45079
45080
45086
45096
45105
45106
45122
45123
45144
45149
45165
45169
45187
45192
45195
45195
45198
45203
45216
45217
45227
45228
45244
45249
45249
45290
45293
45297
45299
45306
45316
45341
45345
45349
45360
45366
45375
45387
45388
45418
45425
45441
45444
45464
45464
45473
45478
45479
45487
45492
45492
45507
45516
45540
45541
45548
45554
45562
45568
45596
45606
45610
45619
45640
45642
45648
45659
45667
45705
45712
45714
45719
45728
45735
45736
45746
45760
45786
45798
45814
45819
45821
45835
45838
45841
45845
45851
45902
45906
45911
45915
45919
45943
45957
45968
45969
45972
45972
45973
45975
45990
45992
45993
46008
46023
46024
46029
46036
46046
46051
46054
46060
46062
46073
46080
46089
46096
46100
46106
46106
46108
46138
46155
46158
46162
46169
46207
46215
46219
46220
46226
46241
46244
46252
46285
46294
46309
46309
46315
46315
46325
46326
46337
46352
46359
46359
46373
46379
46392
46392
46407
46427
46428
46436
46436
46437
46440
46444
46458
46466
46470
46470
46479
46480
46482
46493
46495
46517
46520
46520
46524
46548
46558
46560
46565
46566
46567
46570
46574
46599
46607
46614
46627
46628
46638
46644
46652
46654
46660
46666
46672
46709
46710
46713
46714
46724
46766
46776
46792
46811
46819
46820
46825
46827
46838
46846
46848
46851
46856
46864
46870
46882
46886
46887
46908
46912
46916
46930
46932
46948
46950
46955
46969
46969
46969
46972
46972
46994
46999
46999
47000
47011
47012
47019
47022
47040
47042
47043
47053
47058
47061
47063
47067
47074
47085
47094
47105
47115
47121
47123
47131
47137
47139
47142
47144
47147
47161
47161
47173
47188
47189
47193
47200
47206
47208
47221
47222
47233
47240
47244
47250
47251
47253
47285
47290
47290
47292
47298
47313
47330
47338
47343
47345
47347
47354
47384
47398
47400
47401
47412
47413
47420
47424
47435
47437
47439
47442
47443
47449
47454
47468
47469
47474
47475
47478
47479
47491
47501
47512
47513
47524
47526
47526
47527
47531
47534
47538
47571
47572
47586
47588
47594
47600
47600
47603
47610
47613
47621
47629
47633
47650
47666
47668
47675
47685
47690
47696
47699
47699
47727
47730
47733
47769
47774
47786
47792
47811
47811
47814
47817
47818
47820
47840
47843
47858
47867
47875
47894
47906
47915
47916
47917
47933
47938
47940
47951
47956
47958
47962
47967
47971
47975
47976
47978
47982
47996
48022
48027
48036
48049
48055
48060
48068
48079
48085
48087
48091
48100
48110
48115
48133
48134
48138
48144
48156
48158
48169
48179
48196
48199
48207
48231
48232
48254
48259
48261
48267
48268
48270
48277
48283
48288
48309
48320
48323
48326
48338
48348
48365
48389
48394
48396
48397
48397
48418
48419
48425
48426
48430
48445
48451
48462
48462
48473
48476
48478
48490
48490
48501
48505
48522
48529
48545
48549
48554
48572
48579
48582
48583
48585
48596
48597
48599
48606
48620
48621
48631
48653
48672
48680
48692
48695
48720
48724
48731
48733
48735
48742
48749
48772
48791
48805
48809
48812
48815
48825
48826
48840
48858
48868
48871
48873
48895
48899
48907
48908
48916
48918
48929
48932
48941
48947
48991
48999
49008
49013
49015
49016
49017
49018
49026
49039
49039
49049
49049
49059
49059
49061
49064
49078
49083
49088
49093
49093
49106
49123
49141
49147
49150
49151
49152
49157
49159
49168
49169
49184
49186
49194
49199
49211
49213
49232
49236
49244
49248
49253
49254
49256
49256
49257
49275
49284
49285
49295
49307
49311
49326
49341
49352
49364
49368
49371
49373
49376
49393
49399
49401
49411
49420
49426
49434
49434
49437
49443
49443
49447
49447
49452
49454
49455
49456
49459
49472
49484
49508
49548
49554
49564
49566
49569
49584
49589
49590
49593
49601
49608
49648
49662
49674
49676
49683
49699
49705
49706
49721
49725
49729
49732
49742
49743
49749
49753
49757
49759
49760
49782
49788
49797
49800
49808
49815
49815
49819
49825
49827
49848
49849
49854
49859
49869
49869
49876
49887
49896
49916
49929
49958
49974
50002
50009
50009
50012
50027
50034
50051
50054
50061
50072
50072
50077
50080
50090
50093
50095
50097
50101
50104
50109
50127
50134
50134
50136
50155
50162
50169
50172
50196
50199
50204
50208
50208
50214
50217
50246
50256
50265
50271
50277
50290
50300
50307
50308
50314
50327
50336
50342
50345
50353
50355
50356
50359
50365
50371
50379
50384
50385
50403
50403
50410
50426
50432
50432
50441
50443
50486
50487
50487
50505
50507
50530
50534
50535
50538
50539
50545
50546
50550
50550
50565
50566
50566
50573
50580
50585
50591
50591
50596
50601
50622
50649
50656
50662
50675
50684
50691
50692
50697
50697
50700
50715
50725
50742
50773
50776
50779
50792
50796
50796
50799
50803
50804
50805
50808
50826
50827
50831
50850
50855
50877
50877
50886
50891
50895
50899
50899
50927
50931
50931
50934
50939
50941
50948
50968
50972
50984
50984
50985
50994
51003
51007
51014
51017
51024
51025
51032
51033
51036
51039
51061
51064
51082
51097
51098
51110
51134
51151
51152
51160
51165
51166
51167
51169
51175
51186
51189
51189
51204
51212
51213
51217
51234
51234
51235
51237
51239
51245
51247
51249
51260
51267
51275
51278
51278
51280
51293
51294
51300
51335
51337
51337
51347
51351
51355
51359
51359
51377
51381
51388
51392
51393
51402
51404
51404
51409
51410
51438
51450
51453
51460
51471
51479
51489
51494
51497
51504
51512
51518
51520
51523
51524
51554
51557
51566
51575
51581
51592
51596
51600
51602
51603
51606
51607
51621
51648
51657
51662
51665
51668
51670
51679
51681
51681
51682
51688
51695
51698
51709
51712
51723
51724
51725
51739
51744
51746
51748
51749
51755
51790
51803
51810
51832
51835
51837
51840
51871
51880
51889
51902
51903
51907
51914
51915
51922
51932
51948
51948
51951
51952
51985
51986
51993
51999
52003
52004
52010
52016
52018
52021
52022
52031
52032
52036
52039
52061
52061
52064
52076
52082
52091
52109
52109
52126
52139
52144
52147
52170
52172
52182
52185
52188
52190
52198
52205
52209
52214
52223
52226
52229
52232
52235
52243
52247
52253
52255
52263
52267
52294
52296
52300
52307
52317
52324
52324
52330
52338
52338
52350
52351
52355
52360
52386
52391
52392
52395
52424
52427
52429
52433
52440
52441
52443
52447
52457
52459
52460
52465
52483
52483
52488
52500
52507
52521
52522
52529
52530
52534
52540
52543
52545
52554
52554
52555
52558
52565
52566
52572
52575
52582
52584
52590
52612
52616
52619
52630
52632
52635
52638
52646
52649
52656
52666
52675
52677
52683
52683
52689
52710
52755
52761
52764
52764
52770
52775
52775
52787
52800
52805
52809
52824
52826
52836
52844
52853
52854
52864
52873
52873
52880
52892
52893
52902
52908
52910
52918
52928
52936
52957
52972
52982
52983
52983
52983
52992
52996
52999
53007
53015
53015
53024
53037
53046
53050
53054
53058
53063
53067
53074
53076
53077
53083
53086
53091
53096
53098
53100
53101
53107
53113
53122
53144
53160
53181
53187
53193
53206
53217
53228
53243
53244
53273
53293
53294
53301
53306
53311
53314
53314
53315
53330
53341
53345
53361
53370
53376
53382
53389
53390
53395
53408
53426
53433
53434
53439
53442
53443
53458
53461
53467
53468
53480
53481
53483
53486
53493
53498
53527
53529
53534
53568
53572
53582
53582
53588
53591
53592
53593
53594
53599
53600
53603
53612
53633
53637
53639
53651
53656
53662
53672
53673
53676
53679
53683
53685
53697
53713
53718
53723
53725
53727
53728
53759
53765
53778
53789
53797
53800
53802
53806
53814
53818
53826
53835
53847
53865
53866
53868
53878
53879
53889
53897
53900
53902
53913
53920
53937
53937
53945
53946
53947
53952
53954
53975
53984
53985
53996
53997
54001
54013
54018
54026
54026
54031
54032
54032
54039
54051
54055
54057
54064
54066
54070
54075
54079
54081
54083
54084
54086
54090
54090
54094
54099
54109
54117
54119
54126
54140
54147
54148
54152
54166
54183
54185
54188
54197
54202
54202
54208
54212
54212
54219
54220
54233
54245
54255
54267
54283
54284
54288
54288
54297
54303
54305
54313
54322
54328
54335
54352
54352
54353
54355
54359
54365
54368
54377
54386
54391
54391
54393
54395
54399
54401
54401
54411
54412
54416
54418
54441
54451
54454
54475
54476
54484
54484
54494
54507
54509
54518
54525
54557
54561
54582
54594
54604
54615
54616
54625
54630
54633
54637
54638
54640
54640
54693
54707
54707
54713
54714
54724
54725
54740
54751
54756
54757
54775
54780
54789
54796
54814
54820
54827
54836
54841
54857
54873
54878
54898
54901
54906
54910
54920
54924
54925
54927
54935
54948
54964
54978
54981
54991
54995
55015
55066
55109
55109
55119
55128
55131
55131
55133
55137
55151
55152
55153
55166
55190
55191
55191
55204
55224
55242
55264
55272
55277
55278
55279
55287
55292
55301
55310
55317
55330
55340
55344
55356
55368
55368
55378
55383
55383
55387
55390
55395
55397
55411
55414
55427
55457
55481
55488
55492
55505
55517
55539
55548
55554
55562
55574
55575
55580
55582
55592
55595
55596
55600
55605
55607
55608
55609
55618
55620
55650
55651
55663
55665
55671
55697
55700
55711
55721
55723
55729
55729
55731
55742
55759
55787
55788
55797
55798
55819
55825
55826
55826
55837
55849
55852
55867
55875
55879
55885
55888
55890
55914
55916
55931
55943
55967
55986
55987
55989
55994
55995
55996
56005
56021
56045
56048
56053
56056
56056
56065
56067
56067
56070
56071
56082
56084
56106
56108
56110
56115
56115
56128
56130
56136
56159
56175
56177
56178
56187
56205
56210
56216
56238
56243
56244
56248
56269
56277
56292
56293
56303
56305
56308
56324
56332
56334
56335
56342
56350
56360
56361
56362
56370
56384
56385
56393
56399
56403
56411
56412
56416
56419
56422
56434
56434
56466
56488
56532
56549
56554
56559
56560
56564
56573
56574
56585
56594
56600
56607
56621
56628
56636
56637
56641
56649
56649
56650
56663
56665
56674
56687
56688
56691
56708
56715
56720
56725
56727
56728
56732
56736
56742
56743
56744
56756
56759
56774
56794
56795
56798
56801
56804
56805
56821
56823
56830
56830
56833
56841
56842
56844
56848
56855
56862
56872
56882
56889
56902
56905
56941
56948
56955
56964
56966
56971
56978
56978
56978
57009
57010
57013
57025
57058
57064
57070
57075
57082
57100
57102
57103
57110
57114
57114
57114
57116
57159
57173
57176
57177
57178
57181
57189
57191
57197
57209
57210
57211
57212
57214
57229
57241
57256
57273
57281
57287
57305
57308
57310
57313
57313
57329
57336
57337
57351
57358
57358
57367
57382
57384
57389
57391
57392
57396
57413
57424
57440
57440
57447
57452
57455
57462
57469
57494
57499
57521
57526
57530
57541
57550
57560
57564
57564
57568
57580
57582
57608
57614
57620
57627
57644
57661
57667
57668
57674
57679
57685
57686
57731
57733
57738
57748
57748
57768
57768
57776
57780
57780
57786
57790
57797
57808
57810
57810
57813
57814
57837
57848
57861
57870
57873
57877
57877
57885
57896
57906
57907
57909
57915
57940
57946
57952
57969
57975
57993
58003
58006
58015
58017
58019
58020
58022
58023
58029
58030
58032
58037
58040
58040
58045
58046
58055
58059
58059
58062
58062
58064
58065
58075
58091
58095
58101
58102
58108
58120
58122
58127
58127
58139
58145
58146
58147
58150
58157
58157
58172
58199
58202
58216
58241
58261
58262
58262
58262
58279
58279
58284
58288
58294
58295
58299
58306
58312
58317
58320
58340
58352
58365
58366
58368
58368
58383
58386
58402
58405
58411
58411
58416
58419
58425
58440
58446
58458
58459
58459
58468
58471
58477
58482
58489
58507
58509
58524
58525
58532
58534
58536
58540
58554
58558
58562
58580
58589
58601
58603
58608
58610
58615
58621
58646
58664
58677
58679
58681
58682
58682
58683
58686
58692
58698
58700
58721
58727
58744
58746
58747
58748
58755
58756
58761
58770
58771
58773
58795
58800
58808
58825
58833
58848
58853
58857
58858
58870
58912
58924
58929
58934
58938
58950
58957
58966
58967
58974
58985
58996
58998
59011
59020
59026
59026
59042
59042
59046
59073
59081
59085
59085
59090
59114
59117
59119
59130
59144
59144
59147
59155
59157
59183
59184
59190
59194
59198
59208
59232
59233
59237
59238
59242
59253
59256
59258
59272
59276
59278
59301
59302
59325
59328
59330
59334
59344
59344
59365
59371
59389
59395
59428
59439
59442
59448
59450
59458
59462
59472
59482
59484
59484
59485
59503
59507
59509
59526
59528
59584
59585
59588
59591
59592
59598
59604
59636
59642
59646
59650
59658
59665
59679
59711
59724
59728
59732
59735
59744
59745
59745
59763
59764
59783
59787
59793
59809
59814
59814
59821
59824
59830
59832
59832
59833
59839
59846
59854
59864
59865
59893
59902
59907
59907
59917
59925
59928
59937
59941
59950
59955
59963
59978
59981
60002
60014
60022
60024
60035
60044
60063
60064
60071
60075
60077
60080
60084
60089
60089
60098
60099
60101
60102
60102
60109
60110
60119
60120
60124
60128
60131
60132
60138
60138
60144
60158
60169
60178
60180
60197
60197
60227
60228
60254
60256
60257
60274
60289
60293
60293
60297
60304
60308
60332
60344
60356
60360
60390
60395
60405
60406
60414
60415
60425
60433
60434
60453
60457
60466
60468
60469
60474
60476
60485
60487
60502
60509
60510
60514
60521
60527
60530
60547
60553
60554
60567
60570
60577
60580
60584
60599
60602
60603
60607
60607
60610
60612
60629
60635
60636
60636
60644
60647
60649
60688
60691
60704
60706
60710
60712
60737
60740
60742
60742
60751
60753
60754
60759
60771
60772
60789
60800
60808
60817
60819
60820
60824
60830
60839
60875
60881
60883
60890
60893
60894
60894
60894
60905
60905
60925
60954
60965
60968
60974
60981
60993
60996
61006
61026
61027
61039
61039
61041
61042
61046
61049
61056
61056
61057
61062
61070
61079
61087
61107
61108
61110
61118
61123
61124
61133
61141
61146
61155
61167
61168
61174
61177
61180
61193
61197
61199
61209
61217
61225
61228
61232
61235
61248
61250
61254
61256
61257
61258
61258
61264
61268
61271
61275
61281
61287
61288
61296
61299
61301
61310
61321
61327
61331
61343
61344
61348
61354
61361
61368
61379
61382
61393
61404
61409
61423
61426
61427
61428
61430
61431
61443
61444
61445
61463
61473
61480
61521
61523
61530
61531
61537
61539
61555
61587
61593
61597
61599
61603
61611
61623
61628
61631
61632
61634
61642
61642
61644
61645
61649
61656
61670
61678
61703
61704
61706
61715
61715
61741
61747
61759
61767
61785
61793
61794
61803
61830
61840
61855
61861
61863
61878
61879
61881
61893
61924
61928
61930
61936
61939
61941
61953
61954
61955
61955
61962
61990
61993
61995
62002
62005
62006
62009
62023
62025
62029
62031
62047
62064
62079
62083
62097
62107
62112
62122
62134
62137
62141
62147
62158
62167
62169
62177
62184
62188
62188
62192
62206
62208
62215
62232
62249
62252
62269
62272
62276
62278
62286
62287
62293
62303
62307
62311
62318
62340
62343
62349
62356
62361
62362
62370
62374
62375
62404
62405
62414
62418
62420
62424
62425
62426
62428
62429
62434
62440
62447
62447
62452
62462
62464
62466
62492
62497
62505
62507
62509
62519
62522
62529
62531
62559
62562
62569
62580
62582
62595
62613
62620
62624
62635
62642
62653
62664
62668
62676
62683
62683
62698
62706
62711
62712
62716
62743
62748
62748
62750
62787
62797
62798
62802
62806
62813
62817
62833
62840
62842
62842
62844
62849
62852
62854
62856
62857
62859
62872
62877
62878
62890
62903
62903
62910
62933
62935
62942
62943
62944
62957
62965
62972
62978
62980
62981
62983
62988
62997
63000
63010
63025
63029
63029
63036
63039
63043
63061
63067
63070
63077
63082
63085
63100
63104
63110
63120
63143
63157
63175
63183
63186
63198
63203
63208
63209
63217
63223
63228
63242
63243
63246
63249
63249
63272
63275
63285
63288
63288
63289
63290
63298
63300
63301
63314
63317
63321
63340
63360
63365
63366
63371
63376
63383
63389
63397
63405
63438
63441
63453
63462
63466
63474
63488
63490
63496
63499
63506
63509
63519
63526
63526
63528
63528
63538
63549
63549
63551
63560
63561
63562
63567
63567
63569
63575
63579
63584
63609
63643
63643
63663
63666
63677
63683
63689
63697
63698
63728
63730
63732
63742
63746
63765
63773
63775
63794
63803
63811
63822
63829
63832
63847
63853
63854
63857
63869
63872
63898
63900
63912
63913
63919
63929
63929
63930
63949
63951
63953
63954
63965
63972
63982
63986
63993
63999
64000
64028
64031
64040
64060
64061
64082
64085
64085
64088
64091
64091
64092
64094
64112
64129
64129
64129
64131
64134
64135
64136
64145
64147
64155
64158
64158
64162
64164
64166
64173
64179
64192
64198
64207
64207
64211
64216
64216
64217
64217
64224
64235
64236
64266
64266
64276
64280
64281
64285
64294
64298
64303
64329
64331
64331
64340
64341
64345
64351
64358
64376
64379
64390
64392
64404
64424
64426
64428
64434
64441
64444
64462
64478
64488
64495
64528
64547
64552
64563
64564
64566
64566
64569
64575
64588
64588
64595
64607
64610
64612
64612
64624
64632
64632
64634
64637
64642
64650
64658
64674
64676
64699
64701
64706
64711
64715
64715
64719
64720
64725
64726
64746
64751
64755
64756
64763
64766
64768
64781
64786
64786
64803
64804
64819
64821
64831
64836
64837
64839
64856
64860
64860
64862
64862
64873
64875
64882
64886
64887
64891
64895
64902
64908
64924
64935
64935
64936
64939
64944
64950
64958
64963
64966
64971
64982
65002
65005
65011
65017
65017
65025
65035
65039
65043
65045
65046
65053
65055
65086
65118
65145
65168
65174
65174
65176
65186
65190
65197
65202
65204
65204
65210
65213
65253
65262
65275
65280
65286
65290
65298
65301
65308
65309
65320
65324
65337
65340
65349
65366
65371
65375
65385
65389
65393
65394
65395
65407
65415
65416
65432
65446
65450
65455
65457
65474
65484
65484
65487
65489
65500
65508
65524
65541
65546
65549
65550
65588
65592
65599
65602
65604
65610
65615
65624
65627
65631
65652
65668
65668
65671
65676
65679
65697
65697
65724
65736
65738
65739
65742
65744
65772
65777
65786
65799
65800
65801
65802
65808
65817
65818
65819
65819
65825
65828
65830
65830
65841
65846
65858
65882
65883
65887
65899
65909
65909
65912
65916
65920
65926
65928
65932
65933
65936
65937
65948
65953
65953
65954
65970
65972
65995
65999
66014
66026
66029
66029
66039
66058
66082
66083
66091
66092
66094
66099
66111
66122
66130
66130
66139
66141
66144
66148
66159
66160
66166
66169
66170
66178
66182
66186
66200
66210
66222
66233
66239
66256
66275
66284
66285
66293
66302
66326
66336
66339
66340
66342
66349
66350
66350
66354
66366
66369
66370
66370
66375
66391
66394
66399
66403
66404
66405
66406
66412
66427
66436
66437
66441
66441
66455
66459
66459
66468
66474
66478
66480
66497
66500
66526
66526
66530
66534
66549
66549
66564
66577
66584
66588
66595
66595
66603
66608
66612
66620
66624
66638
66646
66670
66672
66676
66702
66718
66732
66754
66769
66771
66771
66779
66796
66815
66833
66839
66847
66872
66872
66874
66879
66879
66909
66911
66912
66912
66935
66938
66943
66949
66965
66971
66977
66979
66992
66992
66993
66993
66993
67003
67011
67012
67040
67044
67065
67072
67075
67077
67084
67085
67088
67107
67114
67115
67119
67119
67123
67136
67146
67164
67168
67184
67189
67205
67217
67226
67230
67239
67240
67242
67250
67253
67260
67268
67276
67281
67285
67287
67294
67295
67296
67297
67307
67309
67318
67318
67320
67327
67337
67341
67351
67353
67358
67365
67368
67379
67383
67391
67392
67417
67420
67423
67426
67437
67439
67442
67452
67454
67465
67476
67491
67503
67505
67528
67532
67535
67540
67544
67565
67572
67573
67596
67610
67619
67625
67625
67626
67630
67639
67640
67641
67642
67655
67671
67679
67683
67684
67687
67688
67691
67696
67704
67715
67723
67725
67728
67735
67744
67744
67751
67758
67759
67764
67768
67780
67787
67790
67804
67809
67819
67825
67835
67847
67861
67867
67869
67877
67884
67894
67908
67922
67924
67944
67964
67972
67979
67982
67996
67999
68001
68008
68009
68037
68038
68039
68040
68041
68048
68056
68056
68078
68079
68093
68107
68125
68138
68151
68155
68158
68161
68183
68190
68193
68197
68206
68210
68210
68212
68216
68222
68234
68255
68264
68269
68270
68271
68275
68284
68297
68300
68301
68312
68332
68369
68377
68380
68381
68384
68386
68395
68401
68404
68421
68427
68430
68438
68451
68455
68461
68465
68466
68468
68472
68473
68477
68478
68483
68496
68497
68499
68523
68531
68532
68547
68550
68575
68579
68579
68590
68592
68595
68613
68613
68617
68639
68643
68668
68672
68677
68679
68685
68697
68714
68727
68731
68742
68742
68749
68752
68773
68773
68785
68792
68820
68825
68833
68841
68843
68860
68873
68882
68889
68900
68903
68905
68932
68935
68938
68938
68939
68948
68953
68970
68979
68984
68988
68988
68993
68999
69002
69017
69017
69021
69024
69035
69042
69064
69076
69077
69088
69101
69113
69120
69127
69127
69130
69135
69145
69148
69151
69158
69159
69162
69167
69176
69177
69200
69204
69209
69210
69213
69214
69215
69228
69238
69242
69259
69262
69267
69268
69269
69281
69289
69291
69310
69312
69329
69348
69362
69370
69383
69398
69403
69408
69411
69420
69425
69434
69434
69444
69449
69452
69456
69457
69457
69468
69472
69474
69493
69499
69504
69510
69517
69538
69541
69543
69545
69550
69555
69564
69580
69589
69593
69595
69596
69600
69600
69608
69608
69612
69613
69627
69632
69639
69640
69647
69664
69675
69681
69694
69694
69696
69705
69712
69721
69731
69733
69744
