55
78
122
226
323
805
849
860
1292
1336
1426
1581
1618
1879
1983
2267
2431
2493
2542
2792
2875
2922
3024
3111
3121
3199
3318
3319
3405
3766
3811
3832
3890
3995
4147
4225
4254
4392
4508
4602
4607
4628
4665
4694
4726
4773
4820
4826
4839
4871
4905
5054
5145
5161
5162
5228
5329
5376
5491
5522
5603
5737
5785
5814
5862
5881
5954
6092
6215
6330
6423
6566
6724
6750
6851
6980
7029
7085
7185
7253
7299
7351
7422
7502
7708
7819
7868
7976
7989
7990
8008
8032
8046
8119
8332
8405
8451
8845
8865
8998
9229
9329
9372
9477
9536
9801
9928
10017
10101
10125
10209
10257
10333
10391
10473
10516
10574
10606
10714
10792
10806
10931
11077
11083
11205
11346
11429
11466
11580
11686
11690
11757
11809
11922
12034
12039
12072
12104
12153
12212
12354
12517
12523
12738
12806
13066
13112
13117
13203
13264
13695
13700
14026
14121
14372
14405
14663
14740
14809
14867
14897
14940
14958
15064
15107
15439
15448
15512
15523
15682
15776
15844
15876
15895
15980
16069
16098
16146
16186
16208
16305
16320
16384
16727
16887
16902
17185
17365
17582
17635
17731
17752
17963
18000
18227
18305
18318
18325
18401
18438
18441
18600
18720
18878
18917
19091
19189
19355
19456
19575
19665
19724
19929
19955
20044
20150
20196
20222
20263
20546
20646
20731
20765
20832
20859
20900
20918
20953
21054
21132
21225
21313
21348
21489
21502
21508
21512
21530
21555
21605
21612
21679
21877
21892
22100
22320
22337
22367
22515
22628
22849
23032
23378
23608
23703
23722
23795
23862
23908
23923
23961
24084
24094
24107
24229
24576
24800
25004
25010
25416
25499
25913
26079
26081
26384
26432
26438
26456
26566
26581
26688
27065
27132
27150
27170
27171
27218
27218
27310
27370
27409
27467
27628
27926
28079
28316
28411
28422
28442
28448
28513
28530
28725
28740
28764
29172
29375
29605
29860
29943
30087
30368
30398
30536
30723
30831
31078
31263
31291
31305
31349
31360
31409
31543
31598
31668
31673
31723
31814
31917
31926
31936
32057
32194
32231
32235
32373
32459
32494
32631
32757
32768
33463
33492
33571
33821
33836
33879
33886
33901
34062
34439
34609
34744
34970
35014
35120
35141
35215
35273
35364
35451
35465
35488
35522
35619
35646
35868
35936
36043
36084
36294
36350
36444
36484
36602
36639
36718
36763
36898
36904
36968
37085
37146
37227
37405
37465
37617
37746
37777
37866
37885
38095
38347
38399
38469
38572
38627
38686
38895
38933
38959
38960
39198
39368
39487
39530
39543
39601
39608
39839
40038
40154
40175
40188
40248
40301
40373
40382
40616
40894
41033
41075
41197
41235
41252
41311
41476
41540
41546
41555
41616
41699
41924
42081
42130
42191
42296
42367
42389
42598
42637
42779
42900
43081
43183
43189
43215
43341
43574
43844
43973
44006
44233
44301
44682
44809
44814
45016
45157
45184
45203
45702
45810
45882
45916
46028
46564
46567
46632
46699
46719
46783
46970
47098
47135
47174
47227
47233
47250
47457
47697
47756
47784
47836
47879
47881
47931
47952
48075
48273
48273
48317
48327
48573
48620
48624
48660
48839
48899
48923
48971
49074
49106
49151
49220
49334
49384
49518
49621
49689
49732
49764
49772
49794
49794
49938
50010
50126
50245
50265
50268
50298
50503
50511
50517
50605
50678
50855
50931
50933
51150
51252
51256
51275
51358
51385
51467
51468
51503
51675
51675
51704
51727
51945
52122
52140
52306
52313
52329
52344
52425
52438
52585
52807
52841
52902
52921
53033
53040
53402
53497
53659
53681
53792
53958
53972
54018
54021
54248
54250
54254
54295
54295
54633
54791
54823
54958
55176
55262
55392
55420
55434
55494
55695
55706
56027
56211
56218
56237
56248
56638
56639
57092
57414
57450
57479
57494
57500
57541
57694
57701
57798
57829
57890
57960
58026
58056
58119
58203
58252
58335
58449
58720
58881
59310
59339
59462
59516
59542
59697
59765
59781
59790
59857
59907
60043
60088
60119
60144
60253
60665
60790
60902
60960
60982
61028
61034
61110
61234
61285
61363
61401
61570
61724
61770
61804
61852
61910
61929
62048
62125
62128
62169
62287
62303
62435
62691
62727
62787
62878
62900
63009
63126
63320
63449
63561
63811
63860
63891
63922
63969
63990
64045
64171
64238
64375
64479
64557
64747
64805
64969
64980
64983
65252
65440
65455
65468
65737
65810
65840
65899
65926
66045
66164
66212
66354
66441
66457
66578
66718
67313
67463
67466
67524
67573
67645
67646
67768
67871
68078
68158
68213
68253
68253
68317
68325
68349
68389
68542
68738
68838
68851
68856
68891
68896
69156
69163
69484
