0
38
38
41
55
65
72
87
99
108
112
114
116
121
131
141
144
153
165
167
196
222
226
226
234
242
244
256
263
281
298
298
313
316
339
341
344
345
357
371
378
394
398
399
406
408
410
421
427
437
446
462
475
498
505
505
506
509
524
536
537
539
548
556
575
578
584
590
600
609
613
637
644
655
670
704
707
708
713
721
728
741
755
758
771
781
781
784
796
800
801
818
822
822
824
847
855
855
860
863
867
868
870
872
872
875
887
891
897
900
910
917
918
918
918
919
951
962
984
993
1005
1028
1030
1037
1045
1053
1062
1062
1064
1067
1069
1081
1086
1091
1097
1099
1107
1116
1119
1130
1131
1133
1140
1146
1148
1154
1160
1183
1188
1188
1218
1241
1243
1246
1249
1254
1260
1271
1275
1278
1283
1284
1300
1305
1308
1309
1314
1319
1332
1333
1335
1339
1340
1352
1359
1370
1378
1381
1396
1400
1410
1416
1419
1425
1429
1432
1432
1436
1447
1464
1473
1474
1474
1481
1483
1483
1484
1484
1507
1509
1518
1528
1544
1548
1565
1591
1593
1618
1621
1625
1625
1626
1628
1628
1630
1632
1634
1645
1652
1654
1667
1670
1671
1693
1730
1731
1735
1735
1737
1740
1742
1742
1743
1749
1759
1769
1782
1787
1799
1801
1813
1817
1826
1827
1833
1842
1856
1858
1859
1873
1878
1884
1884
1888
1891
1896
1897
1903
1909
1918
1927
1929
1930
1940
1951
1968
1975
1983
1984
1984
1987
1989
2000
2013
2014
2024
2043
2045
2046
2053
2057
2063
2086
2102
2103
2107
2125
2164
2183
2190
2201
2207
2221
2238
2251
2258
2271
2276
2282
2289
2296
2302
2303
2306
2307
2307
2311
2312
2325
2325
2326
2332
2339
2342
2343
2344
2344
2346
2356
2359
2373
2394
2398
2409
2415
2420
2420
2431
2438
2445
2446
2446
2455
2458
2459
2470
2490
2507
2520
2526
2532
2534
2547
2559
2571
2573
2591
2605
2607
2609
2609
2617
2627
2629
2630
2630
2637
2646
2658
2662
2662
2667
2673
2684
2691
2700
2702
2720
2731
2732
2740
2765
2787
2794
2799
2809
2816
2820
2820
2822
2824
2825
2833
2846
2858
2861
2863
2876
2880
2890
2897
2898
2902
2905
2923
2923
2925
2933
2942
2950
2974
2980
2987
3013
3014
3023
3032
3038
3044
3047
3058
3063
3078
3080
3081
3089
3092
3092
3096
3098
3099
3099
3109
3119
3133
3136
3145
3153
3162
3171
3185
3223
3227
3237
3244
3253
3255
3269
3269
3273
3276
3277
3284
3294
3300
3304
3315
3322
3336
3338
3358
3362
3371
3375
3375
3377
3380
3381
3384
3391
3394
3396
3402
3404
3410
3412
3417
3419
3421
3422
3436
3441
3455
3463
3467
3471
3480
3493
3495
3500
3507
3510
3519
3523
3537
3550
3550
3556
3573
3574
3588
3613
3627
3638
3639
3640
3647
3672
3682
3682
3683
3702
3708
3712
3712
3728
3746
3751
3757
3774
3784
3801
3807
3809
3810
3813
3814
3824
3842
3846
3848
3851
3863
3890
3891
3893
3896
3898
3900
3910
3925
3937
3943
3959
3970
3974
4000
4003
4005
4011
4013
4014
4014
4025
4031
4044
4044
4049
4053
4054
4068
4068
4070
4077
4078
4095
4099
4108
4111
4119
4131
4140
4143
4147
4150
4150
4156
4158
4161
4174
4177
4186
4190
4196
4199
4204
4233
4235
4246
4247
4248
4249
4265
4271
4275
4278
4280
4288
4300
4303
4305
4315
4315
4333
4334
4340
4349
4357
4364
4367
4374
4385
4388
4389
4407
4417
4427
4428
4433
4433
4437
4443
4445
4445
4452
4453
4458
4468
4469
4501
4532
4538
4539
4544
4563
4583
4585
4592
4593
4601
4601
4604
4610
4625
4630
4643
4649
4652
4658
4667
4674
4684
4704
4718
4732
4736
4745
4754
4759
4774
4778
4790
4796
4796
4809
4814
4832
4841
4843
4863
4864
4874
4887
4889
4892
4893
4899
4903
4911
4913
4926
4934
4936
4945
4953
4976
4987
5006
5009
5013
5015
5033
5037
5041
5060
5070
5078
5081
5083
5085
5091
5114
5115
5120
5129
5136
5137
5148
5152
5169
5169
5174
5180
5181
5187
5187
5187
5194
5195
5198
5212
5216
5230
5243
5246
5246
5250
5262
5265
5268
5300
5307
5320
5337
5342
5351
5358
5373
5376
5399
5399
5436
5436
5437
5438
5447
5451
5464
5476
5477
5481
5506
5508
5512
5518
5531
5532
5542
5560
5568
5573
5577
5581
5582
5584
5587
5588
5625
5633
5637
5648
5652
5660
5684
5691
5702
5709
5709
5714
5714
5719
5720
5743
5745
5754
5771
5779
5779
5787
5794
5801
5808
5823
5833
5848
5851
5854
5858
5868
5873
5875
5876
5876
5885
5892
5902
5917
5917
5919
5924
5929
5944
5947
5951
5961
5964
5967
5975
5982
5982
5988
5992
6004
6005
6015
6033
6046
6048
6055
6058
6074
6080
6086
6087
6109
6131
6134
6143
6152
6158
6167
6176
6188
6205
6205
6206
6210
6222
6246
6252
6260
6268
6284
6296
6314
6318
6321
6326
6328
6330
6334
6338
6343
6356
6367
6376
6379
6383
6398
6405
6406
6410
6415
6421
6423
6425
6428
6432
6445
6448
6452
6452
6453
6460
6460
6474
6488
6489
6498
6512
6517
6520
6522
6524
6525
6549
6558
6577
6577
6588
6603
6612
6620
6624
6627
6627
6628
6644
6666
6672
6673
6673
6715
6721
6725
6734
6739
6740
6747
6753
6756
6757
6762
6780
6793
6810
6819
6832
6834
6840
6844
6858
6876
6878
6894
6915
6918
6919
6920
6954
6962
6962
6981
6985
6989
6992
7003
7005
7017
7018
7022
7045
7051
7055
7064
7081
7095
7104
7104
7136
7144
7157
7167
7175
7175
7184
7201
7207
7222
7226
7232
7233
7238
7240
7242
7244
7255
7284
7294
7297
7307
7315
7325
7326
7332
7354
7364
7388
7396
7400
7402
7404
7410
7411
7435
7436
7443
7446
7450
7451
7460
7466
7470
7471
7478
7500
7503
7510
7521
7522
7522
7524
7541
7541
7550
7565
7574
7605
7613
7632
7656
7666
7668
7688
7704
7710
7717
7717
7722
7726
7744
7753
7767
7776
7821
7822
7828
7831
7835
7843
7844
7848
7864
7866
7874
7893
7894
7902
7905
7921
7924
7928
7929
7930
7930
7936
7940
7941
7949
7951
7960
7961
7961
7962
7967
7980
7982
7987
7993
7994
7999
8000
8003
8008
8017
8018
8019
8022
8024
8028
8042
8057
8061
8075
8098
8101
8102
8104
8107
8108
8119
8151
8158
8162
8162
8171
8174
8174
8180
8186
8198
8212
8215
8217
8221
8222
8225
8230
8234
8246
8254
8263
8274
8277
8286
8288
8295
8303
8323
8328
8328
8341
8344
8350
8354
8355
8356
8374
8378
8381
8406
8411
8424
8434
8441
8453
8463
8464
8466
8475
8482
8487
8493
8507
8510
8512
8512
8518
8520
8549
8557
8594
8595
8597
8609
8610
8613
8633
8648
8663
8665
8677
8678
8686
8713
8718
8726
8756
8765
8773
8783
8786
8790
8798
8801
8807
8809
8813
8816
8828
8831
8867
8876
8896
8899
8914
8923
8956
8966
8973
8981
8984
8985
8985
8991
8996
9019
9021
9041
9043
9055
9057
9062
9086
9091
9110
9112
9119
9138
9145
9153
9155
9159
9161
9164
9164
9165
9169
9170
9173
9174
9177
9182
9182
9184
9190
9203
9209
9218
9219
9222
9223
9233
9239
9243
9251
9254
9261
9281
9287
9288
9296
9330
9337
9338
9351
9363
9373
9377
9383
9383
9396
9414
9422
9437
9446
9452
9460
9468
9469
9483
9492
9494
9500
9518
9519
9527
9532
9533
9533
9538
9545
9548
9551
9552
9562
9565
9569
9572
9582
9595
9595
9604
9610
9614
9625
9627
9637
9638
9643
9655
9655
9657
9664
9666
9666
9671
9673
9687
9692
9692
9699
9703
9706
9711
9711
9716
9718
9718
9724
9729
9730
9735
9739
9756
9767
9772
9781
9782
9790
9801
9805
9808
9816
9819
9822
9828
9836
9836
9838
9845
9855
9860
9877
9877
9885
9892
9903
9913
9915
9930
9938
9951
9953
9963
9981
9981
9981
9990
9995
10002
10005
10007
10016
10020
10021
10028
10033
10035
10039
10042
10050
10059
10082
10112
10113
10119
10122
10130
10152
10160
10161
10163
10171
10198
10202
10207
10257
10258
10301
10302
10310
10315
10334
10336
10344
10345
10351
10352
10353
10358
10368
10371
10375
10388
10400
10425
10429
10431
10435
10441
10451
10455
10459
10467
10469
10471
10481
10483
10503
10504
10509
10518
10527
10528
10530
10540
10549
10549
10552
10557
10559
10581
10592
10598
10601
10619
10635
10636
10640
10646
10656
10657
10661
10665
10674
10677
10690
10694
10701
10711
10715
10719
10730
10752
10757
10763
10765
10780
10791
10794
10808
10814
10814
10816
10816
10824
10825
10835
10836
10837
10837
10839
10843
10844
10849
10863
10865
10877
10885
10896
10906
10908
10912
10915
10916
10918
10919
10931
10934
10940
10940
10946
10967
10969
10973
10974
10989
10992
11009
11013
11017
11019
11038
11038
11041
11047
11057
11060
11090
11095
11097
11098
11132
11132
11151
11164
11168
11177
11190
11201
11202
11205
11217
11223
11228
11234
11242
11267
11281
11290
11292
11293
11301
11304
11306
11309
11317
11318
11325
11326
11330
11333
11337
11350
11355
11359
11363
11374
11393
11393
11403
11408
11412
11436
11439
11443
11451
11457
11476
11480
11524
11532
11542
11543
11551
11579
11588
11592
11609
11616
11623
11625
11634
11645
11651
11655
11658
11665
11684
11692
11693
11707
11708
11708
11711
11720
11720
11725
11725
11727
11733
11755
11756
11766
11773
11784
11786
11787
11790
11794
11798
11799
11807
11822
11831
11840
11853
11858
11860
11861
11865
11871
11878
11878
11880
11888
11894
11898
11898
11906
11908
11927
11928
11933
11934
11944
11953
11953
11955
11962
11966
11970
11978
11980
11990
11992
12002
12006
12015
12024
12026
12027
12029
12029
12042
12043
12044
12047
12053
12053
12078
12084
12084
12104
12136
12147
12150
12156
12156
12159
12160
12170
12170
12179
12184
12201
12204
12213
12227
12228
12250
12255
12267
12297
12335
12338
12344
12345
12345
12355
12357
12361
12372
12373
12373
12380
12384
12385
12387
12389
12410
12414
12421
12421
12428
12430
12432
12442
12443
12460
12481
12491
12493
12496
12509
12509
12514
12515
12518
12519
12528
12544
12556
12563
12564
12569
12579
12586
12587
12591
12592
12596
12603
12605
12605
12606
12642
12644
12657
12657
12657
12660
12661
12671
12673
12678
12685
12687
12694
12715
12717
12721
12721
12722
12723
12724
12731
12734
12739
12754
12770
12787
12789
12789
12797
12802
12813
12822
12824
12829
12830
12831
12857
12869
12873
12885
12892
12892
12894
12897
12900
12901
12906
12909
12910
12925
12931
12931
12931
12932
12934
12934
12938
12945
12954
12956
12961
12985
12998
13013
13018
13024
13034
13036
13039
13045
13045
13055
13059
13065
13067
13070
13072
13083
13085
13086
13092
13105
13116
13117
13118
13140
13170
13180
13195
13198
13209
13210
13211
13213
13220
13237
13244
13251
13253
13253
13275
13289
13292
13295
13299
13300
13311
13314
13318
13322
13322
13324
13329
13342
13356
13360
13371
13372
13376
13391
13404
13419
13421
13426
13428
13429
13433
13447
13453
13457
13460
13465
13471
13475
13482
13491
13494
13500
13503
13504
13512
13546
13550
13569
13573
13587
13591
13623
13625
13626
13633
13642
13652
13653
13661
13663
13664
13681
13686
13692
13710
13714
13715
13716
13717
13731
13734
13742
13747
13753
13758
13769
13780
13781
13787
13792
13793
13804
13805
13808
13815
13823
13826
13843
13869
13880
13893
13899
13901
13922
13922
13924
13936
13939
13945
13946
13953
13954
13961
13995
14011
14017
14031
14031
14050
14066
14070
14072
14073
14078
14081
14093
14099
14101
14109
14111
14113
14116
14119
14124
14129
14140
14143
14158
14181
14186
14188
14199
14215
14221
14222
14223
14224
14239
14244
14244
14264
14267
14273
14300
14301
14305
14307
14307
14310
14319
14323
14324
14325
14334
14342
14351
14362
14364
14371
14374
14374
14383
14389
14390
14398
14400
14409
14422
14431
14442
14448
14449
14473
14482
14483
14484
14503
14513
14523
14523
14535
14543
14548
14553
14559
14564
14566
14569
14570
14570
14570
14587
14587
14609
14617
14620
14629
14639
14644
14648
14648
14672
14682
14695
14709
14716
14717
14719
14726
14732
14745
14746
14749
14755
14760
14762
14765
14768
14770
14773
14796
14799
14812
14813
14821
14822
14828
14833
14851
14852
14874
14875
14885
14887
14889
14893
14904
14913
14916
14917
14930
14935
14951
14964
14975
14984
14986
14990
15000
15001
15008
15010
15013
15014
15016
15028
15032
15041
15041
15042
15047
15069
15069
15072
15073
15081
15086
15097
15097
15100
15100
15108
15121
15126
15133
15159
15169
15170
15182
15187
15194
15194
15196
15202
15208
15208
15209
15210
15214
15238
15245
15253
15261
15265
15267
15271
15296
15300
15322
15325
15327
15330
15341
15343
15355
15374
15378
15382
15383
15384
15391
15394
15400
15407
15408
15424
15427
15430
15447
15453
15458
15463
15468
15473
15488
15493
15499
15503
15513
15545
15545
15549
15550
15553
15574
15575
15575
15599
15608
15622
15670
15678
15681
15681
15685
15692
15696
15698
15706
15706
15722
15742
15745
15745
15756
15761
15768
15778
15780
15781
15788
15788
15794
15800
15814
15817
15824
15828
15845
15846
15852
15863
15865
15871
15912
15919
15922
15930
15940
15953
15965
15967
15972
15972
15973
15975
15976
16001
16016
16025
16029
16031
16042
16048
16061
16073
16081
16099
16109
16110
16122
16130
16133
16150
16157
16161
16162
16170
16170
16171
16174
16179
16201
16203
16210
16249
16249
16272
16273
16281
16287
16290
16291
16293
16295
16302
16303
16305
16311
16320
16328
16330
16331
16332
16335
16346
16366
16369
16373
16378
16379
16379
16386
16391
16392
16395
16397
16403
16412
16416
16430
16434
16448
16450
16451
16451
16455
16466
16474
16495
16498
16502
16511
16512
16514
16526
16531
16558
16559
16568
16570
16570
16575
16584
16587
16593
16606
16661
16672
16680
16681
16682
16684
16697
16702
16703
16707
16708
16711
16716
16719
16729
16743
16743
16747
16758
16766
16770
16777
16783
16797
16812
16817
16827
16835
16836
16846
16851
16859
16868
16868
16868
16884
16890
16893
16896
16904
16912
16914
16933
16942
16943
16960
16962
16970
16985
16991
17003
17008
17009
17011
17020
17023
17036
17043
17046
17055
17057
17063
17071
17079
17086
17092
17105
17109
17115
17118
17130
17142
17148
17148
17168
17172
17176
17179
17180
17180
17184
17196
17213
17214
17216
17217
17219
17222
17224
17225
17225
17228
17235
17240
17241
17264
17278
17280
17285
17302
17305
17313
17319
17327
17335
17335
17338
17342
17345
17361
17362
17366
17370
17372
17383
17393
17394
17401
17413
17416
17442
17443
17456
17456
17464
17473
17475
17476
17477
17479
17479
17488
17497
17503
17523
17523
17531
17542
17544
17544
17545
17552
17556
17556
17575
17587
17591
17601
17611
17612
17615
17625
17629
17630
17640
17648
17661
17665
17666
17680
17683
17690
17695
17699
17704
17705
17716
17724
17726
17726
17727
17734
17747
17749
17756
17777
17783
17794
17816
17824
17835
17852
17853
17857
17871
17876
17882
17886
17891
17894
17903
17910
17912
17913
17922
17923
17924
17924
17924
17930
17936
17945
17946
17955
17966
17976
17980
17990
17993
17995
17999
18009
18031
18031
18038
18050
18053
18076
18077
18083
18085
18089
18092
18095
18095
18111
18124
18128
18128
18128
18142
18150
18152
18187
18188
18190
18198
18199
18203
18213
18225
18235
18242
18244
18246
18255
18279
18283
18289
18292
18312
18322
18342
18344
18344
18357
18367
18368
18370
18379
18380
18384
18384
18409
18411
18415
18431
18445
18446
18447
18452
18476
18483
18490
18500
18503
18508
18510
18511
18516
18530
18531
18540
18542
18544
18552
18562
18579
18585
18606
18613
18626
18643
18650
18652
18656
18685
18689
18697
18701
18720
18725
18744
18749
18763
18776
18776
18788
18790
18826
18829
18853
18864
18865
18881
18885
18896
18898
18906
18920
18923
18924
18932
18932
18942
18953
18955
18956
18960
18961
18962
18962
18964
18977
18978
18981
18981
18995
19008
19015
19025
19030
19036
19054
19054
19057
19059
19062
19065
19068
19074
19092
19101
19113
19116
19118
19123
19128
19128
19132
19139
19144
19145
19145
19165
19166
19169
19170
19183
19195
19207
19214
19223
19235
19236
19240
19241
19246
19257
19274
19277
19309
19310
19311
19313
19314
19328
19329
19330
19337
19340
19346
19356
19365
19376
19381
19383
19385
19386
19395
19396
19411
19420
19423
19428
19445
19447
19447
19470
19472
19480
19483
19483
19491
19524
19533
19546
19566
19573
19576
19580
19585
19586
19589
19602
19605
19614
19614
19646
19650
19652
19663
19671
19678
19694
19696
19698
19703
19705
19705
19708
19718
19719
19732
19739
19741
19742
19743
19743
19750
19751
19753
19761
19771
19785
19786
19792
19793
19822
19825
19827
19827
19832
19847
19854
19866
19866
19867
19875
19881
19882
19892
19901
19904
19906
19927
19934
19936
19942
19945
19949
19951
19960
19982
19983
19997
20000
20017
20032
20032
20040
20059
20060
20076
20080
20082
20086
20094
20100
20114
20128
20130
20132
20143
20146
20148
20149
20149
20168
20173
20175
20180
20182
20184
20185
20191
20198
20200
20212
20228
20236
20257
20275
20283
20303
20320
20322
20324
20326
20342
20353
20353
20359
20360
20370
20371
20379
20388
20393
20399
20401
20411
20411
20422
20439
20444
20457
20463
20466
20468
20472
20479
20490
20498
20500
20526
20544
20565
20567
20570
20572
20573
20575
20581
20602
20604
20613
20630
20644
20644
20648
20653
20654
20674
20675
20676
20680
20702
20705
20710
20716
20720
20722
20732
20743
20745
20756
20768
20768
20779
20788
20790
20799
20810
20819
20820
20841
20855
20860
20863
20871
20880
20884
20891
20897
20904
20910
20933
20936
20937
20945
20971
20977
20981
20988
20993
20995
21047
21052
21099
21101
21124
21127
21129
21149
21153
21155
21170
21171
21171
21173
21178
21180
21185
21187
21197
21197
21207
21213
21222
21227
21229
21231
21234
21235
21237
21238
21243
21271
21285
21312
21323
21330
21335
21340
21341
21347
21353
21364
21372
21374
21377
21389
21404
21413
21418
21425
21436
21453
21458
21471
21474
21474
21476
21487
21502
21505
21507
21512
21518
21523
21535
21536
21540
21542
21544
21551
21552
21559
21589
21594
21599
21602
21603
21606
21612
21618
21624
21628
21628
21638
21652
21654
21655
21655
21655
21687
21696
21698
21706
21721
21723
21729
21740
21749
21767
21773
21773
21773
21786
21788
21788
21797
21806
21806
21814
21816
21820
21825
21829
21831
21839
21840
21843
21844
21853
21863
21870
21872
21885
21895
21897
21902
21909
21926
21941
21960
21962
21963
21964
21971
21981
21995
21995
22024
22030
22032
22040
22051
22052
22058
22065
22090
22108
22138
22147
22151
22165
22171
22183
22193
22204
22208
22211
22220
22223
22224
22225
22228
22230
22240
22247
22252
22260
22273
22277
22288
22289
22292
22294
22317
22329
22330
22343
22350
22361
22372
22382
22384
22384
22386
22390
22393
22393
22394
22403
22412
22414
22427
22430
22437
22437
22440
22444
22448
22456
22463
22490
22491
22495
22504
22507
22507
22520
22532
22537
22540
22554
22583
22586
22588
22588
22593
22603
22617
22639
22644
22648
22661
22667
22672
22673
22685
22691
22704
22709
22711
22711
22713
22719
22723
22748
22762
22773
22786
22790
22815
22823
22825
22845
22847
22859
22868
22873
22891
22917
22928
22931
22933
22937
22949
22964
22967
22971
22977
22977
22979
22982
22988
22997
22998
23002
23013
23019
23023
23039
23051
23058
23065
23065
23086
23091
23093
23095
23118
23123
23153
23163
23172
23199
23203
23208
23209
23214
23215
23219
23221
23225
23236
23243
23252
23255
23262
23270
23272
23275
23276
23286
23292
23293
23296
23306
23319
23323
23331
23332
23340
23344
23350
23358
23374
23379
23408
23412
23416
23422
23423
23424
23432
23437
23442
23448
23455
23458
23461
23462
23463
23463
23463
23464
23483
23484
23484
23518
23521
23525
23526
23527
23542
23552
23553
23565
23578
23588
23589
23594
23598
23600
23602
23610
23613
23617
23645
23645
23646
23665
23665
23679
23684
23714
23718
23728
23744
23749
23751
23751
23762
23764
23768
23771
23774
23784
23790
23798
23799
23802
23803
23808
23808
23810
23815
23823
23828
23844
23849
23850
23860
23868
23869
23883
23885
23890
23893
23898
23899
23900
23902
23907
23920
23927
23937
23938
23959
23961
23966
23971
23976
23979
23986
24004
24019
24024
24027
24040
24047
24049
24051
24053
24060
24074
24095
24095
24104
24106
24114
24118
24125
24128
24137
24140
24148
24149
24157
24174
24182
24182
24182
24186
24189
24199
24208
24211
24216
24219
24224
24231
24241
24261
24274
24279
24279
24282
24283
24301
24303
24306
24307
24307
24316
24326
24334
24337
24342
24347
24350
24351
24352
24365
24383
24386
24387
24396
24396
24403
24403
24406
24420
24425
24447
24462
24464
24477
24491
24503
24508
24514
24517
24531
24541
24581
24584
24590
24593
24606
24611
24614
24619
24626
24631
24633
24635
24639
24639
24640
24656
24660
24663
24665
24678
24686
24687
24692
24699
24703
24707
24717
24723
24726
24744
24752
24755
24763
24783
24792
24796
24804
24822
24839
24840
24857
24858
24863
24867
24871
24876
24897
24906
24950
24951
24963
24986
24987
24990
24994
24996
24997
24999
25012
25014
25029
25051
25063
25063
25072
25076
25081
25083
25098
25109
25125
25136
25148
25160
25161
25167
25169
25177
25178
25184
25188
25188
25189
25210
25216
25224
25227
25230
25238
25243
25250
25253
25260
25288
25293
25297
25304
25305
25310
25316
25322
25327
25328
25331
25332
25360
25364
25367
25379
25381
25381
25403
25404
25421
25428
25429
25433
25453
25458
25460
25466
25468
25469
25474
25476
25491
25493
25497
25525
25540
25561
25562
25569
25581
25582
25611
25616
25616
25621
25631
25645
25645
25653
25674
25676
25681
25686
25688
25694
25701
25709
25717
25747
25749
25754
25773
25776
25780
25787
25791
25798
25806
25850
25860
25864
25873
25877
25882
25886
25892
25904
25911
25911
25913
25915
25926
25932
25951
25970
25975
25976
25995
25997
26017
26025
26037
26039
26043
26058
26059
26061
26076
26083
26093
26099
26101
26124
26128
26133
26134
26134
26140
26145
26153
26162
26175
26175
26180
26181
26197
26202
26205
26214
26219
26221
26221
26222
26223
26234
26259
26259
26290
26292
26293
26304
26310
26315
26318
26319
26326
26328
26331
26334
26335
26337
26344
26347
26354
26354
26359
26359
26364
26365
26373
26376
26377
26381
26384
26386
26401
26409
26416
26422
26422
26442
26455
26462
26464
26470
26477
26482
26482
26502
26512
26518
26519
26520
26529
26532
26546
26546
26548
26548
26549
26551
26554
26554
26554
26559
26562
26566
26582
26590
26593
26604
26609
26611
26611
26623
26628
26636
26650
26657
26658
26660
26664
26681
26688
26701
26702
26710
26713
26717
26720
26727
26727
26727
26727
26731
26734
26738
26740
26743
26743
26755
26761
26765
26773
26777
26780
26781
26787
26798
26799
26799
26811
26836
26846
26855
26855
26868
26877
26892
26904
26907
26917
26920
26923
26946
26946
26968
26973
26979
26981
26986
26995
27002
27009
27010
27011
27013
27035
27045
27054
27069
27070
27080
27087
27090
27103
27116
27117
27166
27170
27173
27176
27184
27186
27201
27205
27213
27215
27221
27245
27249
27259
27261
27281
27281
27283
27290
27302
27303
27307
27308
27316
27325
27326
27326
27348
27352
27354
27356
27359
27359
27365
27366
27366
27370
27379
27382
27383
27387
27388
27390
27403
27409
27409
27411
27412
27415
27424
27430
27437
27449
27452
27452
27455
27461
27468
27472
27494
27498
27500
27516
27519
27521
27528
27533
27541
27565
27575
27578
27592
27593
27598
27604
27611
27617
27619
27627
27637
27638
27644
27646
27651
27658
27658
27663
27665
27666
27667
27676
27684
27692
27697
27699
27704
27720
27729
27732
27739
27741
27741
27744
27747
27757
27795
27803
27804
27811
27811
27826
27829
27831
27837
27844
27845
27862
27879
27888
27895
27897
27899
27903
27909
27916
27933
27935
27942
27961
27969
27976
27988
28006
28008
28017
28017
28025
28026
28033
28035
28052
28055
28055
28061
28063
28063
28064
28070
28071
28073
28076
28078
28079
28079
28085
28089
28097
28100
28107
28110
28113
28117
28132
28144
28158
28165
28169
28176
28182
28183
28187
28190
28208
28220
28232
28232
28249
28290
28294
28295
28305
28311
28312
28349
28358
28378
28382
28392
28394
28396
28398
28406
28406
28418
28440
28441
28461
28469
28470
28495
28496
28501
28509
28511
28513
28521
28525
28531
28547
28561
28565
28565
28566
28566
28579
28583
28584
28584
28588
28601
28606
28610
28616
28622
28662
28664
28676
28678
28683
28683
28684
28685
28694
28697
28710
28725
28743
28752
28764
28764
28767
28769
28778
28785
28792
28793
28797
28806
28811
28816
28818
28820
28823
28848
28852
28859
28859
28860
28872
28886
28890
28901
28913
28923
28930
28934
28955
28957
28964
28967
28979
28986
28987
28997
29009
29015
29016
29023
29041
29042
29047
29049
29056
29062
29072
29084
29114
29124
29125
29128
29128
29132
29134
29136
29137
29143
29151
29152
29161
29166
29185
29195
29206
29222
29223
29231
29234
29243
29270
29280
29281
29283
29289
29295
29296
29318
29329
29344
29354
29357
29382
29383
29386
29394
29401
29423
29427
29430
29438
29441
29446
29447
29452
29467
29483
29483
29492
29510
29511
29532
29537
29550
29566
29567
29571
29585
29602
29623
29624
29627
29634
29635
29646
29659
29660
29682
29694
29713
29717
29725
29726
29735
29737
29742
29763
29773
29777
29780
29788
29802
29811
29817
29823
29824
29825
29853
29853
29861
29868
29881
29915
29920
29923
29928
29938
29949
29957
29959
29982
29984
29986
29990
29995
30009
30023
30023
30031
30058
30072
30076
30079
30083
30089
30093
30094
30096
30102
30114
30114
30115
30116
30120
30122
30129
30145
30156
30175
30175
30179
30185
30192
30195
30202
30214
30218
30250
30256
30277
30286
30292
30294
30297
30305
30306
30306
30331
30349
30350
30350
30358
30359
30366
30366
30380
30383
30393
30395
30399
30400
30405
30407
30421
30428
30434
30440
30460
30464
30468
30474
30477
30478
30479
30479
30489
30504
30509
30535
30536
30539
30539
30546
30553
30563
30567
30569
30570
30582
30584
30594
30595
30598
30603
30609
30615
30627
30630
30632
30636
30637
30637
30647
30649
30656
30657
30658
30661
30665
30674
30676
30697
30697
30700
30715
30741
30782
30782
30787
30800
30809
30814
30816
30818
30823
30826
30827
30836
30840
30842
30848
30848
30851
30852
30875
30895
30902
30913
30927
30937
30967
30980
31001
31005
31008
31019
31041
31045
31054
31060
31062
31069
31076
31088
31100
31113
31117
31121
31137
31141
31147
31153
31155
31159
31160
31167
31174
31182
31182
31187
31194
31200
31211
31221
31225
31233
31255
31257
31260
31275
31285
31287
31295
31303
31304
31316
31338
31338
31343
31352
31356
31358
31364
31374
31374
31378
31387
31390
31408
31413
31416
31416
31418
31422
31452
31454
31456
31462
31468
31487
31493
31502
31514
31540
31542
31544
31547
31549
31555
31558
31579
31593
31594
31596
31596
31622
31624
31628
31631
31638
31639
31643
31647
31649
31652
31663
31666
31696
31698
31705
31709
31709
31728
31730
31736
31742
31747
31750
31750
31752
31756
31760
31761
31762
31764
31772
31775
31783
31818
31821
31821
31827
31833
31839
31851
31862
31863
31880
31892
31895
31895
31898
31905
31940
31946
31953
31954
31984
32000
32000
32010
32022
32023
32041
32042
32052
32053
32057
32067
32068
32074
32084
32085
32090
32093
32115
32115
32144
32146
32149
32151
32160
32167
32172
32177
32182
32195
32200
32208
32213
32217
32224
32225
32232
32247
32257
32261
32265
32274
32278
32310
32311
32335
32336
32342
32342
32347
32349
32353
32361
32385
32392
32410
32415
32421
32424
32452
32457
32457
32465
32475
32482
32485
32486
32489
32511
32514
32524
32573
32577
32580
32582
32590
32591
32593
32593
32601
32605
32610
32613
32621
32629
32633
32646
32646
32648
32678
32682
32683
32683
32690
32692
32711
32729
32730
32741
32744
32748
32759
32762
32772
32776
32788
32799
32807
32810
32814
32819
32821
32836
32859
32866
32868
32887
32888
32890
32913
32919
32947
32951
32959
32965
32988
33003
33004
33006
33022
33023
33027
33031
33034
33034
33036
33044
33048
33066
33071
33075
33077
33085
33086
33097
33098
33098
33117
33119
33120
33122
33129
33139
33143
33152
33156
33158
33160
33165
33179
33190
33215
33215
33225
33229
33230
33239
33241
33241
33251
33252
33255
33263
33270
33271
33275
33275
33280
33282
33291
33293
33335
33341
33346
33348
33357
33363
33377
33379
33381
33384
33385
33389
33390
33400
33406
33428
33445
33454
33456
33457
33467
33474
33483
33485
33488
33490
33503
33517
33527
33529
33534
33537
33545
33548
33566
33568
33572
33573
33587
33603
33633
33637
33639
33644
33646
33652
33670
33670
33670
33670
33677
33681
33683
33686
33700
33701
33704
33717
33728
33750
33754
33793
33799
33830
33837
33839
33844
33853
33873
33873
33883
33891
33901
33915
33917
33931
33940
33952
33957
33973
33978
33979
33982
33984
33994
33998
34000
34030
34058
34070
34085
34087
34092
34099
34104
34104
34106
34114
34118
34131
34134
34135
34153
34164
34179
34181
34185
34186
34202
34214
34221
34230
34237
34237
34239
34243
34265
34276
34278
34283
34286
34291
34327
34330
34343
34343
34345
34348
34352
34357
34358
34370
34384
34388
34417
34429
34432
34434
34439
34439
34443
34449
34456
34473
34481
34482
34485
34510
34518
34520
34531
34532
34545
34585
34601
34610
34624
34637
34643
34648
34661
34670
34673
34687
34700
34703
34712
34713
34714
34723
34728
34729
34738
34761
34769
34775
34788
34788
34800
34810
34814
34818
34823
34833
34840
34855
34858
34862
34864
34881
34888
34888
34906
34910
34910
34923
34952
34980
35000
35001
35009
35009
35016
35021
35033
35040
35043
35045
35050
35053
35056
35056
35065
35070
35071
35108
35119
35120
35121
35123
35125
35143
35147
35184
35190
35190
35194
35202
35213
35220
35239
35244
35246
35247
35247
35248
35256
35256
35259
35286
35312
35334
35335
35343
35346
35351
35352
35369
35371
35372
35380
35382
35393
35394
35402
35408
35411
35419
35427
35429
35430
35437
35450
35454
35462
35462
35469
35474
35480
35485
35505
35509
35530
35530
35536
35539
35540
35554
35557
35561
35570
35572
35584
35602
35605
35611
35617
35624
35632
35636
35638
35647
35652
35659
35664
35669
35684
35686
35691
35744
35747
35750
35754
35756
35762
35770
35778
35782
35790
35793
35799
35800
35803
35809
35813
35819
35822
35824
35826
35832
35838
35846
35880
35892
35892
35895
35899
35899
35905
35910
35916
35930
35932
35938
35944
35949
35952
35953
35967
35986
35991
35999
36001
36006
36007
36016
36031
36033
36034
36035
36036
36037
36046
36050
36061
36071
36086
36086
36100
36115
36125
36136
36141
36147
36153
36160
36162
36172
36172
36174
36175
36185
36190
36194
36195
36204
36225
36225
36229
36243
36253
36258
36267
36274
36285
36286
36294
36299
36301
36301
36305
36323
36325
36328
36330
36334
36337
36343
36355
36361
36365
36370
36378
36379
36383
36398
36404
36409
36423
36430
36434
36446
36447
36456
36474
36475
36478
36479
36497
36501
36510
36557
36562
36572
36579
36580
36582
36583
36591
36596
36597
36597
36610
36615
36617
36619
36625
36628
36634
36643
36653
36655
36670
36677
36677
36694
36698
36703
36707
36713
36720
36730
36731
36742
36743
36773
36774
36828
36831
36831
36854
36865
36896
36896
36906
36944
36953
36957
36958
36969
36970
36975
36982
36984
36997
37001
37009
37017
37028
37035
37046
37047
37054
37056
37063
37066
37079
37082
37084
37087
37087
37097
37102
37113
37115
37126
37132
37134
37139
37151
37152
37176
37199
37200
37205
37230
37245
37249
37250
37253
37259
37261
37276
37280
37280
37301
37306
37321
37322
37332
37335
37340
37355
37356
37369
37374
37384
37398
37401
37404
37407
37413
37418
37429
37432
37456
37460
37460
37464
37470
37472
37472
37490
37500
37501
37502
37506
37513
37535
37542
37546
37548
37555
37556
37559
37560
37581
37591
37600
37604
37607
37613
37633
37634
37639
37640
37647
37652
37654
37654
37654
37655
37659
37678
37681
37683
37691
37692
37696
37703
37705
37709
37713
37721
37728
37730
37739
37741
37747
37749
37775
37776
37776
37782
37791
37804
37808
37814
37815
37817
37817
37837
37857
37863
37867
37873
37880
37888
37890
37898
37908
37912
37917
37923
37929
37936
37942
37944
37945
37945
37972
37973
37973
37975
37975
37993
38000
38004
38004
38018
38026
38031
38048
38080
38088
38117
38120
38130
38146
38150
38152
38161
38166
38167
38173
38180
38184
38184
38189
38197
38200
38204
38206
38208
38209
38215
38227
38237
38238
38249
38252
38253
38253
38255
38281
38292
38294
38301
38301
38305
38307
38307
38310
38315
38317
38318
38322
38323
38350
38354
38354
38357
38409
38415
38427
38438
38452
38455
38458
38463
38474
38484
38490
38497
38503
38534
38534
38541
38554
38559
38571
38573
38582
38587
38589
38594
38600
38602
38605
38609
38610
38612
38615
38615
38619
38629
38629
38632
38634
38636
38637
38644
38653
38661
38662
38669
38679
38679
38683
38687
38690
38708
38718
38727
38738
38743
38759
38761
38770
38774
38775
38777
38778
38782
38784
38797
38797
38799
38802
38802
38830
38833
38838
38841
38850
38860
38863
38882
38890
38898
38904
38942
38955
38955
38974
38995
39000
39005
39006
39011
39018
39028
39037
39037
39037
39051
39053
39067
39088
39098
39105
39106
39108
39109
39115
39116
39119
39127
39134
39142
39143
39149
39164
39177
39189
39190
39194
39196
39197
39203
39203
39203
39208
39208
39218
39218
39226
39227
39251
39257
39265
39283
39290
39294
39296
39305
39314
39330
39338
39347
39376
39392
39392
39396
39398
39400
39405
39407
39408
39415
39426
39429
39438
39439
39443
39471
39476
39483
39485
39496
39503
39505
39512
39516
39519
39519
39523
39525
39525
39545
39560
39579
39580
39595
39601
39625
39627
39633
39633
39635
39640
39641
39658
39665
39668
39670
39686
39696
39699
39710
39710
39710
39712
39717
39719
39722
39738
39744
39752
39754
39756
39776
39780
39780
39781
39787
39798
39804
39807
39808
39811
39811
39813
39816
39820
39838
39838
39842
39847
39849
39851
39852
39855
39862
39863
39867
39870
39882
39886
39903
39910
39943
39967
39981
39988
39998
39999
40009
40014
40024
40064
40067
40092
40093
40094
40098
40107
40110
40126
40136
40158
40158
40176
40187
40208
40227
40239
40245
40252
40265
40267
40281
40288
40288
40289
40292
40302
40302
40312
40347
40364
40370
40387
40414
40420
40424
40426
40427
40445
40445
40451
40455
40456
40459
40473
40475
40479
40493
40496
40503
40509
40525
40548
40572
40573
40590
40595
40604
40623
40628
40642
40660
40662
40667
40667
40674
40676
40691
40695
40697
40700
40704
40713
40716
40722
40734
40738
40761
40766
40770
40779
40795
40797
40810
40813
40820
40829
40851
40852
40879
40903
40905
40914
40920
40922
40925
40927
40927
40928
40930
40934
40936
40938
40965
40967
40969
40990
40993
40997
41004
41006
41026
41034
41052
41065
41071
41073
41074
41081
41086
41092
41099
41102
41106
41122
41123
41125
41127
41127
41129
41130
41131
41135
41145
41147
41163
41164
41164
41166
41170
41190
41207
41211
41213
41213
41214
41230
41252
41256
41270
41281
41296
41299
41303
41303
41304
41306
41313
41314
41325
41334
41334
41337
41347
41347
41353
41361
41363
41368
41370
41383
41384
41408
41409
41412
41426
41446
41454
41457
41459
41460
41461
41461
41467
41473
41475
41505
41509
41528
41530
41530
41534
41538
41540
41555
41561
41580
41603
41605
41611
41616
41616
41622
41623
41627
41627
41653
41653
41655
41657
41663
41668
41679
41689
41698
41703
41708
41709
41717
41749
41749
41750
41755
41756
41785
41788
41796
41809
41825
41826
41828
41830
41838
41839
41842
41848
41849
41858
41861
41862
41876
41906
41912
41917
41935
41936
41946
41949
41969
41972
41972
41977
41978
41979
41992
41992
41992
41996
42001
42001
42004
42006
42009
42009
42030
42042
42050
42052
42065
42066
42068
42079
42093
42094
42095
42098
42113
42117
42118
42124
42143
42151
42152
42154
42155
42155
42163
42167
42183
42206
42218
42222
42224
42225
42253
42258
42262
42267
42274
42278
42279
42293
42303
42309
42335
42348
42390
42393
42395
42397
42398
42424
42429
42436
42456
42457
42458
42460
42461
42464
42481
42483
42491
42502
42520
42527
42532
42537
42563
42565
42571
42573
42592
42603
42610
42621
42624
42628
42630
42633
42635
42643
42645
42648
42649
42677
42687
42692
42697
42700
42719
42719
42723
42725
42736
42744
42744
42746
42753
42755
42760
42778
42787
42792
42801
42802
42813
42817
42825
42840
42841
42845
42863
42871
42880
42894
42923
42928
42948
42957
42959
42974
42975
42984
42987
42987
42992
42998
42999
43005
43010
43011
43012
43022
43030
43033
43037
43045
43048
43058
43059
43059
43083
43101
43128
43133
43163
43169
43176
43186
43194
43200
43206
43211
43226
43231
43241
43241
43248
43259
43263
43269
43272
43278
43281
43281
43286
43310
43318
43321
43327
43327
43328
43343
43350
43356
43361
43366
43376
43403
43416
43423
43427
43428
43430
43434
43436
43440
43441
43443
43451
43461
43463
43474
43474
43487
43493
43496
43498
43502
43511
43525
43528
43528
43535
43546
43546
43549
43562
43566
43577
43577
43599
43601
43634
43639
43646
43651
43655
43656
43678
43683
43683
43684
43685
43686
43686
43693
43704
43711
43724
43737
43753
43765
43767
43772
43781
43784
43785
43786
43787
43791
43798
43810
43820
43826
43833
43840
43842
43844
43848
43854
43855
43857
43862
43868
43881
43883
43892
43895
43909
43912
43912
43921
43922
43935
43937
43950
43952
43960
43985
43988
44004
44013
44016
44029
44030
44037
44050
44055
44058
44064
44067
44071
44071
44072
44073
44088
44089
44090
44098
44098
44129
44135
44139
44139
44154
44156
44158
44161
44164
44165
44167
44171
44178
44183
44183
44198
44214
44216
44222
44231
44237
44241
44241
44245
44248
44249
44263
44263
44283
44291
44303
44305
44314
44322
44323
44329
44332
44333
44341
44345
44354
44355
44363
44391
44396
44400
44406
44414
44415
44421
44426
44427
44431
44447
44454
44473
44481
44485
44495
44505
44509
44513
44515
44535
44548
44549
44560
44570
44580
44582
44587
44593
44615
44628
44631
44632
44643
44663
44665
44685
44695
44700
44705
44713
44714
44716
44718
44721
44727
44748
44748
44759
44765
44770
44779
44788
44794
44795
44796
44809
44815
44825
44828
44835
44836
44852
44859
44876
44886
44894
44907
44923
44929
44929
44930
44970
44996
45000
45002
45006
45040
45045
45047
45051
45062
45062
45071
45073
45073
45074
45083
45092
45112
45115
45116
45152
45158
45158
45164
45187
45188
45195
45200
45205
45209
45228
45244
45248
45250
45251
45256
45261
45266
45278
45280
45283
45285
45324
45326
45330
45331
45337
45353
45362
45363
45377
45378
45378
45387
45400
45419
45429
45432
45438
45466
45472
45489
45492
45495
45501
45516
45518
45520
45531
45539
45543
45554
45558
45569
45572
45573
45581
45584
45587
45595
45610
45644
45649
45684
45685
45690
45711
45725
45732
45736
45737
45781
45784
45792
45797
45798
45805
45819
45831
45837
45860
45869
45904
45915
45916
45918
45928
45929
45930
45931
45937
45938
45956
45968
45976
46004
46017
46020
46022
46023
46026
46030
46042
46050
46069
46076
46083
46097
46112
46127
46150
46156
46158
46162
46166
46166
46174
46183
46209
46227
46230
46250
46252
46255
46257
46266
46282
46285
46302
46312
46316
46318
46325
46327
46328
46343
46351
46355
46359
46366
46378
46379
46388
46390
46401
46401
46402
46412
46420
46423
46425
46432
46434
46443
46452
46464
46506
46507
46510
46514
46519
46522
46540
46544
46550
46553
46554
46555
46557
46557
46561
46568
46571
46600
46602
46602
46631
46636
46642
46648
46664
46675
46679
46691
46696
46701
46703
46709
46709
46716
46731
46732
46740
46755
46758
46764
46766
46781
46795
46804
46805
46807
46812
46823
46824
46830
46830
46842
46845
46861
46864
46867
46870
46873
46877
46885
46886
46892
46904
46907
46908
46919
46925
46939
46960
46960
47000
47014
47019
47027
47034
47034
47040
47062
47074
47082
47084
47086
47090
47093
47093
47094
47094
47113
47113
47121
47124
47124
47128
47133
47138
47144
47146
47149
47154
47156
47156
47164
47176
47177
47180
47183
47188
47194
47243
47247
47253
47260
47279
47279
47293
47306
47327
47328
47335
47349
47352
47356
47360
47365
47395
47395
47410
47414
47421
47422
47424
47432
47432
47444
47452
47453
47471
47477
47480
47480
47492
47500
47505
47518
47525
47535
47536
47546
47563
47566
47581
47599
47599
47611
47631
47632
47636
47650
47651
47653
47671
47676
47680
47680
47696
47703
47706
47710
47733
47743
47752
47757
47758
47764
47766
47770
47775
47776
47788
47791
47794
47799
47804
47810
47811
47812
47814
47818
47820
47829
47834
47853
47887
47892
47898
47899
47907
47934
47936
47938
47940
47945
47947
47948
47956
47963
47974
47981
47987
47993
48005
48007
48024
48025
48032
48042
48044
48050
48061
48064
48071
48071
48077
48088
48092
48097
48098
48107
48115
48117
48123
48124
48132
48135
48146
48146
48150
48160
48161
48161
48164
48176
48183
48187
48193
48195
48196
48197
48209
48215
48217
48219
48220
48269
48293
48300
48325
48328
48338
48344
48354
48356
48375
48376
48377
48377
48379
48381
48386
48387
48389
48395
48396
48397
48402
48402
48404
48406
48411
48430
48433
48446
48459
48466
48480
48486
48495
48496
48506
48511
48521
48522
48534
48535
48535
48538
48562
48563
48570
48575
48589
48610
48616
48617
48638
48638
48640
48647
48649
48650
48651
48654
48665
48678
48679
48699
48711
48713
48723
48732
48743
48746
48756
48758
48760
48764
48765
48767
48780
48786
48802
48803
48821
48828
48828
48832
48843
48852
48874
48879
48881
48882
48900
48902
48910
48911
48912
48914
48917
48923
48925
48926
48933
48942
48956
48962
48963
48970
48979
49026
49039
49044
49048
49055
49056
49058
49062
49070
49071
49079
49091
49094
49096
49112
49122
49132
49134
49134
49140
49151
49152
49153
49153
49160
49167
49172
49177
49184
49200
49202
49209
49216
49217
49235
49237
49241
49241
49243
49245
49290
49291
49293
49294
49301
49304
49310
49316
49319
49323
49330
49337
49342
49343
49347
49349
49351
49353
49353
49359
49365
49368
49387
49401
49404
49436
49440
49455
49459
49461
49470
49475
49496
49515
49521
49545
49545
49546
49574
49592
49604
49605
49616
49619
49626
49636
49643
49646
49654
49665
49679
49681
49689
49696
49707
49709
49713
49720
49720
49727
49729
49734
49737
49766
49771
49787
49797
49861
49862
49871
49873
49876
49886
49887
49889
49936
49937
49944
49946
49951
49962
49990
50012
50028
50037
50046
50048
50067
50074
50076
50080
50083
50087
50098
50098
50110
50116
50133
50141
50154
50161
50166
50179
50181
50182
50190
50207
50215
50224
50228
50234
50263
50270
50291
50309
50317
50326
50327
50337
50338
50360
50365
50378
50381
50390
50390
50399
50402
50422
50429
50431
50434
50438
50440
50441
50447
50449
50470
50474
50507
50508
50510
50511
50517
50519
50519
50526
50533
50534
50544
50546
50547
50566
50573
50581
50582
50596
50599
50601
50611
50626
50650
50667
50669
50669
50669
50691
50692
50696
50699
50700
50712
50715
50718
50720
50720
50722
50727
50731
50743
50746
50766
50767
50775
50783
50784
50787
50791
50792
50793
50800
50806
50823
50826
50838
50847
50865
50895
50899
50900
50904
50908
50926
50929
50948
50965
50966
50967
50975
50978
50985
50993
50998
51011
51017
51021
51029
51039
51060
51064
51072
51078
51078
51082
51093
51094
51095
51097
51113
51119
51120
51125
51129
51146
51148
51149
51149
51153
51158
51176
51178
51182
51191
51196
51198
51214
51217
51217
51221
51254
51266
51281
51286
51307
51317
51321
51349
51373
51374
51383
51386
51390
51392
51397
51408
51414
51428
51431
51436
51446
51459
51461
51462
51486
51490
51495
51512
51530
51532
51537
51570
51575
51580
51583
51598
51600
51606
51615
51621
51627
51635
51640
51641
51642
51644
51645
51648
51658
51668
51669
51688
51692
51693
51703
51705
51729
51738
51750
51764
51774
51778
51781
51785
51794
51815
51824
51825
51846
51898
51905
51909
51914
51918
51920
51921
51922
51935
51936
51937
51938
51947
51962
51965
51977
51983
51984
51990
51992
51999
52004
52011
52019
52024
52031
52042
52044
52048
52055
52061
52069
52071
52076
52088
52101
52112
52128
52141
52142
52150
52166
52183
52185
52207
52209
52211
52217
52228
52231
52231
52256
52270
52278
52288
52298
52306
52307
52316
52336
52341
52345
52380
52397
52404
52407
52409
52417
52424
52430
52433
52434
52440
52442
52461
52489
52501
52506
52507
52514
52525
52527
52530
52530
52533
52543
52557
52579
52579
52584
52585
52589
52590
52593
52598
52611
52612
52619
52620
52632
52636
52650
52655
52664
52666
52668
52669
52681
52682
52683
52685
52686
52688
52691
52705
52720
52733
52741
52747
52748
52755
52761
52766
52772
52775
52779
52785
52790
52798
52801
52813
52822
52834
52852
52863
52888
52891
52905
52909
52923
52931
52934
52942
52982
52995
53021
53036
53046
53053
53058
53059
53066
53082
53085
53086
53099
53101
53102
53105
53123
53130
53136
53142
53161
53167
53175
53180
53194
53203
53204
53207
53214
53217
53233
53256
53256
53258
53270
53275
53278
53287
53289
53291
53302
53316
53318
53322
53323
53323
53336
53337
53341
53341
53363
53366
53368
53368
53375
53381
53385
53386
53388
53389
53389
53390
53408
53421
53424
53426
53434
53435
53435
53449
53458
53460
53463
53466
53467
53477
53481
53484
53489
53492
53504
53508
53510
53513
53527
53546
53548
53558
53558
53558
53571
53601
53618
53626
53631
53633
53648
53675
53678
53702
53710
53712
53719
53722
53730
53740
53748
53760
53773
53778
53779
53781
53783
53786
53796
53821
53826
53827
53835
53839
53850
53851
53863
53872
53884
53889
53897
53901
53902
53906
53908
53909
53914
53928
53930
53934
53942
53949
53966
53979
53984
53997
54005
54007
54016
54032
54036
54038
54059
54065
54075
54077
54081
54092
54100
54108
54109
54110
54110
54119
54123
54133
54154
54163
54168
54172
54172
54178
54187
54199
54201
54202
54227
54228
54228
54231
54242
54246
54259
54263
54273
54274
54274
54308
54325
54339
54345
54345
54347
54347
54352
54376
54381
54382
54385
54419
54419
54428
54434
54435
54448
54460
54461
54478
54490
54503
54506
54510
54511
54517
54522
54538
54546
54557
54557
54571
54575
54592
54605
54609
54626
54627
54629
54638
54647
54655
54662
54670
54670
54679
54681
54700
54706
54709
54714
54719
54733
54736
54737
54753
54759
54766
54770
54772
54786
54803
54805
54810
54818
54819
54830
54833
54837
54842
54856
54861
54888
54898
54905
54907
54915
54918
54931
54932
54939
54940
54941
54952
54957
54959
54964
54972
54988
55002
55006
55007
55014
55024
55044
55048
55065
55073
55078
55099
55109
55113
55114
55123
55129
55157
55161
55163
55163
55167
55170
55177
55182
55184
55187
55212
55226
55234
55236
55242
55264
55275
55277
55280
55290
55291
55292
55295
55314
55319
55323
55348
55360
55362
55366
55371
55377
55381
55384
55402
55403
55409
55415
55429
55447
55452
55462
55477
55518
55555
55556
55557
55557
55577
55585
55598
55599
55601
55603
55614
55614
55618
55624
55627
55633
55641
55642
55643
55645
55647
55652
55656
55661
55668
55674
55674
55685
55697
55701
55701
55707
55713
55721
55747
55756
55768
55768
55788
55791
55805
55806
55811
55834
55834
55848
55850
55851
55869
55873
55874
55880
55889
55894
55899
55902
55908
55916
55923
55923
55925
55934
55935
55939
55942
55945
55945
55962
55963
55978
55978
55987
55997
56005
56020
56022
56024
56034
56044
56074
56079
56082
56091
56100
56106
56117
56118
56126
56137
56138
56143
56153
56163
56166
56167
56168
56183
56183
56191
56194
56197
56197
56215
56233
56238
56241
56241
56243
56244
56251
56262
56266
56273
56279
56280
56283
56284
56295
56297
56311
56344
56365
56369
56374
56384
56385
56393
56399
56404
56420
56424
56432
56437
56456
56457
56467
56469
56476
56489
56494
56499
56499
56510
56517
56528
56530
56548
56550
56556
56567
56577
56582
56589
56589
56596
56609
56610
56633
56637
56644
56648
56652
56655
56658
56659
56688
56695
56701
56708
56719
56721
56722
56738
56743
56747
56748
56752
56761
56761
56769
56770
56784
56789
56791
56796
56810
56817
56819
56825
56828
56836
56840
56840
56846
56848
56850
56857
56857
56866
56873
56879
56889
56890
56896
56896
56900
56914
56918
56929
56943
56957
56961
56963
56965
57004
57007
57009
57015
57017
57017
57023
57025
57032
57045
57047
57052
57065
57075
57088
57107
57123
57125
57142
57153
57156
57157
57157
57176
57179
57182
57186
57187
57206
57217
57221
57229
57230
57231
57232
57245
57253
57257
57258
57280
57289
57292
57304
57322
57351
57351
57355
57355
57358
57365
57382
57385
57392
57394
57413
57416
57438
57443
57446
57450
57477
57483
57486
57489
57497
57500
57514
57538
57540
57546
57556
57567
57576
57581
57597
57601
57602
57619
57628
57630
57630
57654
57663
57664
57673
57675
57678
57687
57689
57693
57722
57729
57730
57730
57737
57741
57745
57750
57757
57763
57766
57769
57786
57797
57801
57803
57824
57825
57832
57850
57851
57858
57860
57863
57864
57886
57904
57917
57934
57936
57938
57941
57947
57951
57954
57954
57957
57960
57962
57966
57970
57972
58000
58004
58010
58011
58046
58047
58064
58069
58079
58083
58091
58098
58112
58115
58116
58118
58120
58155
58171
58175
58176
58191
58193
58199
58205
58206
58215
58232
58233
58236
58237
58238
58243
58261
58261
58264
58270
58298
58310
58313
58319
58327
58329
58351
58351
58356
58367
58374
58400
58402
58407
58414
58415
58423
58447
58453
58467
58469
58470
58472
58478
58485
58501
58508
58519
58536
58543
58558
58578
58589
58611
58623
58644
58644
58645
58657
58664
58665
58674
58678
58683
58686
58694
58702
58720
58723
58725
58731
58735
58738
58742
58754
58760
58760
58768
58771
58773
58775
58784
58784
58788
58790
58790
58799
58802
58820
58828
58831
58836
58838
58839
58845
58849
58855
58857
58890
58900
58904
58906
58908
58913
58940
58949
58966
58985
58992
58997
58999
59004
59006
59012
59013
59016
59024
59028
59041
59057
59059
59068
59070
59072
59073
59076
59081
59084
59094
59117
59128
59153
59154
59157
59169
59174
59179
59187
59187
59188
59190
59203
59208
59214
59225
59246
59255
59261
59271
59289
59302
59313
59314
59326
59328
59349
59361
59395
59401
59410
59444
59449
59450
59455
59463
59469
59473
59474
59492
59502
59519
59547
59553
59555
59557
59558
59558
59559
59570
59576
59596
59606
59607
59617
59622
59628
59635
59641
59650
59658
59670
59674
59679
59681
59685
59714
59715
59723
59724
59728
59743
59748
59771
59776
59781
59784
59787
59791
59798
59801
59802
59805
59821
59829
59829
59842
59848
59869
59884
59888
59906
59906
59907
59932
59932
59968
59969
59972
59987
59994
59996
60017
60025
60029
60032
60062
60062
60080
60096
60096
60103
60110
60114
60122
60122
60123
60127
60139
60143
60147
60147
60151
60157
60169
60176
60184
60187
60190
60198
60209
60221
60231
60238
60238
60244
60246
60249
60254
60260
60262
60262
60266
60271
60281
60302
60306
60311
60312
60317
60318
60321
60327
60332
60347
60352
60387
60393
60405
60409
60449
60458
60474
60475
60488
60489
60496
60546
60550
60553
60556
60561
60566
60578
60578
60584
60591
60596
60605
60621
60622
60641
60649
60674
60679
60688
60693
60703
60717
60729
60730
60733
60743
60771
60775
60786
60792
60800
60800
60801
60807
60808
60809
60836
60851
60862
60862
60866
60869
60869
60873
60884
60905
60905
60908
60909
60910
60921
60926
60928
60963
60974
60978
60982
60987
60994
61028
61031
61033
61041
61041
61042
61070
61107
61115
61117
61120
61122
61176
61183
61188
61203
61210
61213
61219
61224
61229
61230
61237
61243
61255
61257
61262
61274
61277
61290
61291
61308
61308
61315
61319
61322
61331
61335
61335
61335
61335
61339
61343
61344
61357
61367
61369
61372
61389
61391
61407
61419
61420
61425
61426
61443
61445
61449
61460
61461
61473
61479
61490
61493
61493
61495
61518
61519
61531
61537
61557
61559
61563
61564
61569
61574
61606
61620
61623
61628
61633
61652
61674
61692
61706
61718
61719
61722
61724
61727
61731
61741
61756
61788
61803
61808
61813
61823
61830
61831
61840
61843
61849
61867
61870
61886
61895
61896
61906
61911
61947
61948
61949
61965
61968
61976
61987
61987
61991
61992
62020
62022
62026
62031
62045
62045
62045
62050
62055
62067
62073
62076
62101
62101
62112
62115
62130
62171
62185
62185
62190
62203
62203
62211
62218
62218
62218
62231
62234
62248
62265
62266
62273
62277
62281
62283
62290
62294
62303
62307
62310
62316
62316
62328
62335
62337
62339
62341
62344
62353
62360
62373
62380
62381
62387
62399
62406
62410
62418
62418
62426
62429
62432
62434
62441
62447
62451
62455
62460
62476
62483
62494
62495
62500
62504
62505
62507
62507
62509
62523
62532
62534
62535
62538
62554
62557
62560
62562
62565
62566
62566
62572
62589
62593
62594
62599
62603
62610
62611
62615
62627
62629
62633
62636
62638
62639
62641
62647
62657
62664
62665
62689
62694
62700
62701
62713
62723
62723
62731
62736
62741
62750
62753
62764
62767
62769
62776
62780
62780
62784
62784
62795
62796
62799
62800
62802
62814
62829
62845
62873
62925
62932
62933
62936
62938
62944
62947
62948
62970
62975
62984
62985
62988
62996
62996
63001
63037
63050
63052
63061
63064
63066
63069
63073
63076
63077
63097
63111
63111
63112
63118
63129
63130
63140
63147
63160
63171
63173
63174
63186
63205
63206
63214
63214
63223
63228
63234
63240
63243
63243
63252
63253
63256
63263
63272
63306
63311
63318
63319
63320
63324
63337
63339
63343
63344
63347
63349
63350
63359
63371
63386
63392
63392
63393
63404
63407
63408
63417
63419
63421
63470
63481
63481
63481
63485
63489
63491
63508
63509
63525
63529
63533
63541
63548
63549
63549
63566
63572
63572
63589
63613
63636
63660
63660
63660
63666
63684
63695
63703
63715
63735
63736
63746
63749
63768
63774
63774
63782
63791
63793
63793
63809
63824
63875
63882
63890
63894
63900
63903
63910
63913
63924
63928
63938
63946
63959
63959
63965
63976
64005
64038
64066
64079
64084
64090
64092
64095
64112
64115
64128
64135
64145
64153
64163
64167
64169
64182
64205
64213
64245
64249
64263
64270
64274
64277
64278
64280
64290
64305
64308
64309
64309
64312
64314
64325
64334
64344
64344
64348
64349
64353
64354
64357
64362
64365
64378
64389
64398
64405
64409
64417
64429
64434
64437
64449
64452
64464
64465
64466
64470
64475
64481
64482
64482
64491
64499
64502
64504
64517
64527
64535
64536
64537
64554
64567
64569
64579
64580
64586
64587
64596
64607
64612
64616
64617
64622
64623
64646
64656
64670
64680
64684
64704
64707
64712
64713
64732
64738
64744
64748
64760
64761
64780
64784
64789
64791
64795
64798
64798
64799
64803
64805
64805
64806
64815
64817
64826
64828
64832
64854
64858
64866
64870
64871
64872
64880
64895
64898
64924
64930
64934
64950
64952
64955
64963
65004
65006
65013
65014
65023
65028
65031
65037
65038
65061
65067
65068
65069
65070
65070
65071
65071
65084
65088
65092
65093
65094
65107
65109
65113
65115
65120
65126
65129
65129
65132
65138
65145
65150
65174
65181
65190
65214
65217
65219
65222
65231
65233
65236
65241
65254
65258
65273
65275
65285
65297
65311
65317
65321
65332
65360
65362
65364
65380
65394
65396
65407
65410
65412
65421
65429
65436
65449
65467
65471
65479
65500
65528
65549
65575
65582
65584
65587
65587
65592
65594
65602
65603
65605
65609
65618
65619
65623
65625
65645
65653
65658
65658
65664
65680
65682
65690
65694
65694
65700
65721
65721
65727
65748
65775
65777
65784
65786
65788
65793
65797
65798
65814
65817
65817
65833
65834
65837
65838
65857
65881
65884
65892
65909
65928
65930
65933
65946
65954
65954
65956
65957
65965
65966
65969
65972
65980
65991
66005
66015
66016
66019
66030
66038
66045
66050
66055
66064
66065
66067
66069
66069
66074
66077
66097
66103
66108
66113
66138
66150
66153
66175
66177
66179
66186
66187
66193
66198
66199
66209
66228
66229
66241
66243
66243
66280
66284
66287
66294
66297
66303
66306
66323
66342
66355
66360
66362
66367
66375
66376
66385
66390
66409
66416
66424
66431
66459
66472
66475
66492
66507
66510
66514
66522
66524
66524
66525
66543
66549
66550
66556
66558
66574
66584
66619
66626
66656
66657
66662
66663
66666
66667
66676
66688
66696
66703
66733
66733
66733
66734
66734
66734
66745
66750
66756
66779
66791
66797
66802
66802
66812
66826
66832
66832
66839
66857
66857
66870
66877
66878
66899
66912
66915
66918
66926
66933
66942
66946
66950
66953
66953
66954
66957
66961
66965
66967
66980
66984
66991
67001
67010
67020
67042
67047
67051
67069
67073
67073
67077
67078
67079
67088
67092
67095
67097
67098
67105
67118
67135
67141
67143
67143
67164
67169
67171
67187
67193
67194
67203
67205
67209
67209
67214
67228
67234
67239
67240
67241
67246
67253
67254
67255
67268
67273
67273
67287
67296
67300
67309
67318
67327
67332
67339
67345
67347
67394
67405
67408
67410
67425
67429
67452
67455
67457
67468
67468
67473
67477
67483
67501
67505
67510
67522
67524
67528
67538
67555
67557
67565
67573
67574
67574
67577
67580
67598
67601
67613
67621
67623
67636
67641
67646
67667
67693
67703
67709
67710
67723
67736
67752
67759
67764
67765
67772
67773
67775
67775
67778
67781
67792
67793
67795
67800
67802
67813
67815
67816
67819
67830
67831
67835
67835
67843
67852
67853
67859
67908
67910
67919
67921
67925
67933
67938
67953
67958
67960
67963
67976
67984
68006
68020
68026
68051
68054
68056
68062
68067
68084
68090
68090
68094
68116
68116
68131
68133
68137
68157
68178
68179
68184
68191
68202
68204
68205
68205
68214
68217
68219
68223
68231
68235
68238
68242
68259
68268
68272
68275
68279
68283
68287
68289
68293
68296
68303
68306
68309
68313
68318
68325
68326
68326
68327
68327
68348
68365
68368
68373
68376
68379
68382
68391
68409
68417
68422
68435
68447
68449
68454
68459
68465
68489
68499
68502
68513
68522
68539
68540
68547
68557
68562
68571
68576
68579
68600
68606
68616
68617
68620
68631
68655
68663
68666
68675
68677
68686
68723
68723
68724
68725
68760
68762
68779
68787
68798
68825
68841
68847
68854
68860
68865
68874
68883
68899
68905
68907
68911
68913
68913
68917
68918
68922
68923
68930
68934
68960
68963
68972
68973
68976
68979
68981
68981
68982
69002
69009
69010
69024
69025
69027
69027
69029
69036
69039
69052
69058
69059
69061
69069
69077
69084
69087
69088
69096
69108
69111
69111
69125
69128
69129
69138
69140
69151
69158
69173
69174
69184
69196
69203
69207
69212
69216
69217
69238
69238
69241
69268
69268
69271
69280
69290
69317
69319
69322
69323
69327
69345
69368
69387
69390
69401
69402
69405
69408
69417
69419
69446
69447
69465
69475
69478
69494
69502
69502
69521
69528
69532
69540
69547
69560
69571
69575
69584
69590
69596
69597
69609
69610
69620
69632
69636
69640
69646
69647
69655
69656
69660
69661
69671
69673
69690
69700
69704
69711
69721
