12
26
30
52
74
86
96
157
169
210
274
295
300
306
309
312
343
347
349
360
375
395
404
416
448
468
480
481
488
501
538
561
597
601
630
633
675
683
691
698
712
718
719
725
733
743
744
753
766
781
815
825
837
879
880
890
901
933
942
954
967
998
1015
1016
1031
1037
1046
1074
1087
1108
1108
1125
1127
1127
1138
1157
1165
1168
1178
1196
1203
1203
1224
1243
1247
1248
1261
1271
1298
1302
1307
1321
1322
1392
1393
1395
1409
1411
1464
1483
1485
1490
1491
1495
1497
1499
1523
1559
1593
1599
1641
1656
1661
1670
1675
1676
1686
1714
1747
1749
1752
1773
1777
1781
1802
1806
1810
1815
1821
1823
1834
1855
1859
1864
1867
1889
1894
1915
1926
1935
1936
1941
1950
1958
1969
1977
1985
1999
2007
2030
2034
2062
2070
2078
2092
2095
2100
2127
2144
2147
2171
2179
2193
2195
2208
2280
2288
2296
2322
2323
2325
2332
2384
2402
2413
2491
2493
2500
2505
2511
2525
2534
2536
2548
2554
2576
2582
2582
2588
2591
2601
2606
2630
2632
2664
2682
2700
2703
2715
2731
2742
2748
2751
2754
2777
2778
2791
2802
2829
2831
2854
2854
2869
2869
2892
2897
2946
2956
2956
2960
2965
2967
2977
2990
3000
3006
3032
3037
3052
3085
3095
3110
3111
3112
3114
3122
3124
3140
3165
3176
3195
3197
3200
3210
3212
3216
3231
3249
3258
3262
3286
3288
3289
3291
3307
3317
3323
3345
3355
3359
3360
3371
3372
3375
3377
3381
3381
3384
3393
3411
3427
3431
3440
3457
3468
3470
3471
3473
3490
3505
3512
3547
3574
3578
3592
3642
3670
3689
3717
3769
3776
3778
3779
3782
3795
3803
3821
3830
3835
3853
3868
3869
3884
3886
3897
3907
3924
3939
3945
3976
3978
3981
3992
4002
4034
4041
4054
4056
4065
4067
4084
4100
4115
4121
4144
4150
4170
4176
4177
4186
4194
4200
4200
4215
4240
4248
4255
4261
4270
4288
4313
4348
4362
4365
4367
4420
4444
4456
4465
4491
4512
4518
4526
4531
4578
4582
4593
4603
4632
4634
4681
4683
4686
4686
4703
4713
4716
4717
4717
4718
4722
4728
4751
4755
4757
4770
4775
4808
4859
4908
4909
4964
4964
4969
4991
5004
5013
5046
5075
5095
5153
5176
5211
5218
5220
5233
5234
5242
5249
5287
5312
5312
5313
5333
5350
5365
5386
5452
5489
5514
5522
5526
5536
5539
5563
5568
5569
5574
5577
5587
5622
5631
5646
5649
5657
5659
5667
5673
5688
5710
5711
5721
5736
5761
5771
5785
5823
5824
5824
5831
5883
5883
5902
5905
5917
5951
5968
5974
5979
5985
5986
5990
6040
6061
6066
6072
6074
6078
6080
6095
6095
6107
6137
6137
6154
6155
6164
6170
6186
6201
6205
6242
6274
6279
6291
6296
6351
6364
6397
6440
6456
6471
6488
6514
6529
6540
6543
6550
6556
6596
6596
6619
6625
6640
6655
6666
6704
6706
6757
6769
6787
6803
6812
6819
6825
6837
6842
6852
6861
6862
6910
7002
7029
7035
7085
7094
7096
7102
7153
7191
7200
7233
7313
7315
7318
7324
7333
7335
7338
7338
7353
7386
7405
7424
7425
7429
7432
7438
7451
7463
7511
7513
7517
7523
7523
7548
7559
7596
7687
7702
7727
7737
7739
7802
7820
7831
7840
7857
7857
7864
7882
7885
7896
7910
7916
7920
7924
7968
7975
8019
8055
8055
8064
8085
8095
8099
8107
8111
8113
8120
8123
8129
8174
8190
8191
8247
8253
8297
8304
8323
8332
8332
8343
8376
8382
8382
8391
8391
8412
8438
8442
8443
8472
8503
8514
8521
8554
8560
8583
8586
8603
8614
8615
8645
8677
8682
8761
8780
8780
8823
8824
8839
8849
8849
8856
8882
8890
8910
8912
8930
8937
8954
8958
8966
8994
9004
9025
9034
9038
9049
9069
9071
9086
9088
9090
9124
9126
9150
9164
9165
9167
9174
9177
9179
9180
9182
9185
9191
9193
9232
9239
9257
9258
9270
9274
9274
9282
9285
9327
9328
9344
9350
9352
9356
9384
9400
9412
9443
9473
9492
9504
9521
9525
9548
9552
9559
9567
9574
9638
9660
9728
9746
9746
9774
9780
9789
9797
9803
9807
9808
9823
9826
9836
9881
9888
9895
9910
9926
9952
9955
9962
9979
9988
9990
9996
10004
10029
10040
10043
10051
10057
10061
10069
10098
10116
10168
10184
10199
10203
10203
10207
10209
10215
10238
10257
10294
10325
10331
10333
10348
10352
10358
10373
10398
10399
10442
10444
10449
10478
10498
10524
10531
10533
10533
10536
10561
10567
10568
10578
10620
10629
10632
10669
10683
10698
10713
10715
10752
10774
10786
10795
10798
10802
10813
10832
10833
10839
10856
10869
10875
10877
10893
10904
10921
10921
10925
10938
10945
10976
10990
10991
11013
11026
11029
11036
11046
11053
11086
11132
11147
11188
11191
11269
11275
11278
11278
11280
11289
11352
11353
11376
11382
11426
11494
11506
11515
11526
11527
11530
11531
11545
11556
11564
11598
11602
11633
11635
11683
11696
11700
11715
11719
11733
11776
11798
11810
11854
11869
11881
11884
11897
11919
11927
11953
11967
11979
11985
11989
12003
12045
12051
12059
12085
12152
12158
12183
12196
12218
12232
12238
12239
12248
12252
12258
12264
12264
12296
12306
12349
12355
12361
12370
12376
12379
12421
12443
12449
12460
12494
12516
12517
12555
12568
12586
12589
12639
12643
12647
12656
12659
12674
12688
12688
12696
12697
12697
12700
12709
12727
12730
12818
12834
12863
12907
12928
12928
12935
12958
12977
12997
13009
13027
13083
13100
13102
13112
13113
13142
13152
13153
13177
13180
13184
13192
13221
13227
13233
13239
13268
13273
13289
13291
13299
13323
13360
13388
13393
13439
13458
13460
13473
13483
13525
13526
13570
13571
13575
13588
13588
13600
13603
13606
13650
13650
13663
13682
13709
13735
13799
13799
13816
13818
13821
13822
13823
13835
13840
13857
13862
13883
13883
13913
13934
13938
13969
13986
14058
14102
14110
14113
14123
14128
14146
14154
14164
14223
14233
14235
14240
14279
14288
14292
14302
14304
14327
14339
14346
14356
14368
14372
14394
14408
14409
14420
14433
14439
14444
14448
14458
14462
14473
14484
14486
14488
14491
14512
14523
14527
14539
14583
14594
14604
14605
14632
14644
14648
14682
14696
14716
14764
14773
14781
14787
14804
14806
14815
14818
14847
14849
14857
14866
14870
14883
14886
14911
14930
14945
14965
14983
14996
15002
15017
15049
15055
15056
15085
15105
15109
15113
15123
15160
15164
15171
15178
15220
15221
15225
15239
15245
15250
15251
15271
15284
15292
15301
15339
15376
15397
15425
15444
15455
15455
15461
15478
15507
15519
15520
15522
15535
15540
15548
15564
15576
15581
15602
15620
15638
15646
15654
15662
15669
15687
15688
15696
15710
15723
15730
15740
15751
15760
15771
15772
15780
15786
15812
15819
15835
15881
15905
15924
15927
15937
15938
16018
16020
16021
16048
16051
16058
16059
16060
16092
16092
16114
16142
16154
16172
16223
16271
16286
16312
16362
16366
16388
16390
16406
16431
16476
16486
16500
16532
16533
16549
16554
16561
16563
16583
16632
16646
16694
16713
16732
16745
16763
16765
16766
16804
16810
16823
16829
16843
16850
16867
16889
16896
16936
16939
16956
16958
16982
16983
16988
17002
17015
17032
17037
17040
17043
17048
17065
17099
17103
17134
17140
17150
17152
17168
17168
17177
17182
17214
17214
17237
17243
17245
17253
17255
17261
17270
17296
17297
17304
17312
17367
17370
17370
17410
17418
17428
17449
17450
17453
17501
17502
17503
17516
17519
17524
17531
17551
17556
17557
17563
17566
17568
17602
17613
17628
17641
17646
17671
17707
17740
17745
17748
17752
17770
17814
17849
17865
17867
17873
17883
17890
17916
17925
17932
17934
17939
17945
17967
17986
18006
18012
18029
18056
18061
18081
18088
18089
18104
18156
18175
18199
18200
18215
18260
18296
18301
18357
18381
18382
18415
18424
18456
18473
18477
18480
18483
18499
18511
18519
18529
18560
18570
18580
18616
18619
18620
18635
18639
18640
18670
18675
18677
18678
18683
18693
18699
18707
18720
18739
18779
18785
18806
18810
18811
18847
18879
18921
18923
18932
18951
18963
18966
18978
18999
19008
19009
19022
19023
19035
19039
19053
19100
19110
19117
19134
19157
19163
19184
19198
19212
19287
19310
19325
19340
19373
19379
19392
19400
19410
19474
19485
19489
19562
19564
19567
19574
19579
19594
19595
19609
19613
19626
19636
19639
19650
19658
19663
19690
19722
19731
19736
19751
19790
19828
19828
19833
19833
19835
19847
19893
19903
19924
19938
19945
19997
20009
20014
20020
20023
20028
20028
20029
20032
20043
20053
20057
20081
20099
20102
20122
20123
20135
20191
20206
20237
20237
20260
20266
20271
20323
20326
20332
20344
20347
20349
20351
20356
20362
20368
20371
20373
20380
20382
20394
20400
20431
20452
20486
20533
20535
20546
20556
20561
20568
20581
20631
20642
20662
20696
20709
20727
20732
20732
20752
20802
20815
20824
20831
20850
20888
20893
20907
20965
20979
20990
21004
21024
21028
21029
21037
21046
21057
21068
21087
21095
21106
21130
21135
21143
21183
21186
21197
21203
21206
21212
21217
21223
21224
21226
21227
21239
21241
21242
21273
21279
21283
21313
21326
21338
21352
21377
21397
21423
21433
21466
21480
21488
21499
21546
21547
21578
21613
21644
21645
21663
21688
21698
21702
21718
21733
21745
21774
21775
21783
21788
21797
21841
21853
21875
21882
21906
21923
21962
21977
21987
22003
22012
22015
22020
22028
22056
22062
22089
22089
22112
22121
22127
22159
22221
22232
22235
22382
22389
22421
22433
22433
22441
22446
22449
22479
22495
22502
22519
22520
22537
22544
22558
22570
22591
22600
22602
22606
22615
22618
22639
22677
22689
22698
22702
22718
22726
22736
22739
22740
22753
22798
22799
22816
22831
22835
22871
22917
22933
22935
22958
22982
22982
22994
23006
23017
23019
23043
23065
23070
23080
23097
23110
23127
23141
23159
23211
23249
23252
23257
23280
23306
23306
23317
23319
23325
23329
23338
23356
23364
23364
23392
23405
23407
23414
23425
23443
23444
23456
23481
23486
23488
23498
23504
23531
23542
23588
23589
23600
23614
23614
23637
23651
23668
23671
23688
23688
23689
23695
23699
23749
23755
23758
23768
23772
23801
23804
23804
23875
23878
23923
23943
23989
23991
23999
24023
24051
24059
24060
24062
24088
24089
24091
24132
24137
24148
24154
24166
24175
24194
24204
24205
24239
24242
24248
24277
24303
24310
24323
24324
24342
24402
24405
24413
24420
24423
24426
24436
24442
24448
24460
24473
24490
24518
24541
24559
24574
24583
24596
24599
24609
24613
24620
24657
24666
24697
24701
24716
24716
24770
24826
24841
24848
24863
24869
24870
24884
24892
24907
24909
24934
24935
24944
24946
24951
24962
24995
24998
25000
25001
25021
25044
25045
25046
25097
25110
25133
25152
25162
25166
25209
25211
25262
25274
25279
25282
25289
25291
25294
25302
25304
25318
25323
25342
25343
25370
25406
25434
25451
25458
25482
25493
25520
25531
25567
25578
25601
25602
25637
25643
25674
25690
25701
25721
25724
25735
25742
25750
25770
25798
25844
25861
25875
25884
25889
25895
25908
25913
25925
25950
25969
25993
26003
26026
26045
26049
26060
26075
26086
26086
26145
26152
26156
26188
26189
26193
26212
26215
26228
26246
26282
26285
26304
26317
26323
26345
26394
26399
26418
26429
26429
26440
26449
26462
26495
26532
26533
26561
26565
26596
26617
26631
26637
26638
26675
26712
26724
26730
26739
26761
26781
26789
26802
26833
26860
26864
26891
26911
26916
26922
26957
26968
26974
26982
26991
27023
27066
27069
27095
27109
27146
27160
27161
27181
27183
27189
27192
27197
27198
27214
27216
27225
27277
27291
27293
27320
27350
27380
27402
27418
27441
27454
27477
27481
27482
27504
27510
27519
27546
27550
27555
27563
27564
27571
27575
27583
27596
27603
27609
27609
27611
27629
27639
27661
27703
27705
27723
27738
27739
27741
27745
27782
27786
27799
27811
27822
27845
27868
27879
27879
27897
27909
27948
27950
27954
27960
27997
28002
28006
28020
28054
28062
28074
28077
28096
28106
28145
28159
28162
28164
28170
28181
28185
28203
28214
28220
28239
28253
28260
28266
28315
28336
28346
28409
28413
28428
28435
28451
28460
28483
28506
28509
28529
28534
28556
28579
28625
28637
28650
28651
28663
28666
28696
28720
28758
28760
28760
28761
28781
28805
28822
28836
28846
28855
28858
28860
28871
28873
28875
28891
28910
28916
28948
28956
28962
29007
29035
29040
29061
29073
29084
29105
29108
29109
29145
29147
29157
29176
29183
29202
29228
29237
29239
29251
29281
29288
29292
29294
29309
29321
29322
29326
29331
29355
29377
29389
29395
29399
29402
29414
29444
29462
29472
29473
29486
29510
29541
29546
29547
29566
29581
29595
29617
29621
29627
29631
29636
29666
29675
29679
29684
29696
29715
29733
29736
29738
29749
29751
29757
29764
29779
29780
29828
29831
29858
29868
29884
29900
29913
29917
29928
29930
29961
29974
29983
29984
29987
30022
30022
30042
30042
30052
30057
30061
30105
30109
30111
30135
30137
30146
30172
30190
30196
30199
30263
30265
30282
30292
30294
30306
30310
30337
30340
30346
30365
30371
30371
30391
30400
30410
30416
30429
30435
30456
30459
30461
30473
30480
30484
30490
30502
30546
30556
30558
30568
30574
30576
30618
30637
30641
30678
30691
30695
30705
30730
30744
30748
30778
30785
30788
30802
30818
30838
30863
30901
30951
30957
30963
30963
30965
30980
30995
31017
31024
31027
31042
31101
31128
31134
31137
31141
31156
31159
31159
31180
31189
31195
31201
31207
31249
31274
31287
31371
31375
31376
31386
31426
31430
31430
31431
31436
31457
31486
31488
31519
31535
31545
31560
31560
31586
31587
31599
31641
31690
31700
31700
31718
31759
31774
31792
31848
31852
31866
31875
31876
31918
31938
31940
31967
31969
31974
32010
32024
32043
32089
32102
32103
32117
32122
32131
32139
32189
32202
32209
32225
32249
32253
32260
32266
32266
32273
32306
32353
32356
32377
32379
32403
32404
32411
32416
32418
32427
32431
32432
32442
32446
32459
32479
32479
32486
32489
32496
32499
32514
32515
32523
32547
32555
32564
32567
32574
32579
32609
32613
32620
32650
32684
32731
32769
32777
32778
32785
32793
32813
32825
32835
32843
32862
32891
32919
32925
32925
32967
32984
32985
33000
33032
33099
33109
33112
33134
33150
33165
33179
33194
33207
33211
33244
33246
33247
33251
33262
33265
33271
33282
33294
33330
33358
33428
33442
33469
33472
33476
33490
33506
33542
33560
33568
33570
33572
33586
33607
33612
33624
33626
33641
33649
33661
33667
33669
33671
33706
33707
33712
33740
33745
33754
33775
33798
33826
33867
33889
33891
33921
33925
33949
34014
34015
34030
34044
34057
34064
34076
34079
34105
34119
34119
34157
34198
34223
34264
34298
34301
34338
34348
34392
34428
34452
34465
34474
34489
34492
34494
34508
34533
34537
34549
34575
34581
34599
34600
34620
34624
34632
34666
34676
34683
34684
34696
34708
34731
34735
34736
34738
34776
34776
34805
34815
34819
34823
34840
34843
34864
34894
34925
34932
34934
34936
34945
34955
35024
35034
35037
35049
35052
35066
35088
35095
35112
35114
35118
35127
35157
35163
35175
35207
35241
35261
35279
35287
35332
35337
35362
35381
35403
35413
35413
35417
35440
35473
35498
35514
35515
35527
35539
35611
35612
35612
35617
35620
35631
35636
35639
35644
35646
35657
35713
35719
35745
35756
35774
35810
35810
35812
35854
35856
35858
35859
35866
35884
35886
35899
35910
35921
35952
35953
35967
35998
36053
36058
36064
36086
36089
36089
36116
36148
36159
36163
36178
36192
36212
36238
36242
36245
36294
36320
36326
36329
36341
36364
36366
36378
36402
36405
36415
36418
36431
36445
36448
36449
36484
36517
36547
36562
36564
36586
36606
36624
36697
36712
36729
36729
36735
36747
36749
36751
36758
36758
36789
36805
36811
36852
36897
36920
36975
36976
36986
36996
37022
37042
37051
37054
37071
37079
37085
37091
37108
37127
37129
37152
37156
37194
37199
37204
37215
37262
37278
37310
37315
37328
37359
37376
37382
37400
37405
37419
37433
37448
37453
37465
37469
37491
37505
37522
37582
37606
37614
37642
37649
37668
37675
37685
37686
37686
37694
37704
37710
37744
37769
37793
37803
37848
37849
37904
37929
37971
37980
37988
38000
38020
38027
38029
38050
38050
38095
38110
38113
38126
38142
38152
38198
38207
38213
38227
38247
38248
38253
38260
38279
38335
38361
38400
38417
38419
38459
38461
38470
38486
38511
38560
38572
38577
38593
38602
38676
38687
38732
38748
38845
38845
38863
38881
38908
38911
38934
38936
38939
38946
38952
39001
39002
39009
39012
39018
39038
39048
39068
39071
39081
39111
39112
39158
39162
39174
39182
39199
39226
39232
39235
39251
39261
39266
39271
39271
39277
39278
39289
39306
39309
39309
39335
39337
39346
39352
39359
39365
39437
39445
39454
39459
39473
39511
39521
39523
39531
39545
39567
39570
39579
39587
39595
39613
39616
39681
39700
39701
39706
39713
39728
39737
39739
39753
39769
39770
39795
39808
39821
39853
39855
39864
39865
39867
39867
39881
39897
39900
39907
39923
39927
39930
39964
39977
39991
40001
40022
40023
40040
40098
40098
40118
40128
40129
40131
40147
40153
40169
40179
40189
40202
40221
40231
40250
40256
40262
40309
40316
40327
40377
40386
40403
40405
40406
40410
40438
40441
40477
40511
40512
40531
40548
40550
40555
40579
40593
40629
40633
40637
40642
40682
40685
40712
40743
40772
40805
40820
40838
40853
40880
40910
40932
40949
40972
40979
40983
40986
40990
40993
41040
41060
41088
41127
41128
41134
41146
41159
41162
41169
41213
41239
41241
41254
41259
41294
41295
41345
41400
41410
41415
41434
41472
41499
41503
41506
41541
41555
41591
41597
41606
41608
41618
41623
41644
41677
41685
41689
41721
41728
41765
41767
41785
41790
41794
41798
41821
41826
41828
41841
41849
41875
41892
41904
41907
41935
41962
41982
41982
41990
41994
41999
42010
42014
42029
42032
42038
42064
42070
42073
42099
42106
42120
42153
42157
42160
42163
42166
42174
42193
42203
42204
42208
42211
42218
42219
42233
42281
42308
42325
42330
42331
42336
42352
42380
42380
42384
42433
42447
42460
42463
42480
42507
42529
42533
42546
42586
42638
42639
42664
42666
42670
42685
42705
42724
42749
42759
42763
42782
42787
42790
42811
42814
42827
42852
42862
42870
42879
42883
42884
42887
42888
42895
42936
42948
42967
42982
42992
42995
42998
43005
43028
43034
43048
43050
43060
43065
43092
43093
43121
43129
43151
43151
43226
43230
43253
43258
43261
43263
43308
43370
43380
43402
43407
43422
43436
43464
43467
43480
43488
43500
43533
43578
43607
43607
43618
43618
43622
43628
43634
43652
43654
43658
43674
43675
43681
43703
43705
43722
43740
43767
43776
43793
43826
43842
43850
43863
43876
43894
43918
43919
43938
43945
43950
43958
43960
43961
43964
43969
43974
44016
44027
44096
44103
44122
44124
44148
44150
44163
44177
44197
44207
44247
44247
44261
44266
44280
44308
44309
44327
44349
44350
44352
44365
44368
44393
44394
44422
44428
44445
44455
44472
44514
44523
44532
44577
44584
44604
44629
44643
44659
44665
44672
44678
44681
44701
44706
44734
44735
44741
44744
44750
44751
44772
44778
44795
44799
44847
44858
44874
44908
44934
44940
44950
44999
45046
45063
45064
45069
45095
45103
45104
45105
45108
45116
45153
45169
45181
45187
45190
45202
45211
45217
45217
45219
45223
45225
45244
45252
45256
45258
45266
45305
45339
45365
45369
45383
45400
45407
45417
45423
45446
45466
45474
45501
45510
45511
45522
45523
45553
45564
45566
45580
45592
45615
45626
45640
45645
45653
45699
45700
45704
45705
45734
45745
45749
45764
45815
45816
45859
45884
45899
45908
45929
45932
45938
45943
45980
46001
46002
46008
46056
46062
46064
46068
46072
46105
46133
46168
46174
46190
46205
46213
46247
46279
46282
46289
46304
46306
46313
46319
46371
46400
46409
46421
46435
46478
46501
46543
46544
46565
46567
46571
46575
46629
46664
46672
46708
46755
46762
46765
46767
46768
46770
46784
46819
46823
46836
46837
46840
46841
46870
46876
46901
46916
46917
46949
46951
46961
46961
46982
47005
47028
47050
47051
47055
47055
47081
47089
47108
47142
47157
47169
47221
47258
47280
47305
47312
47323
47414
47416
47416
47456
47458
47499
47503
47529
47563
47564
47577
47620
47633
47646
47682
47688
47708
47725
47736
47754
47760
47761
47802
47806
47814
47819
47867
47889
47900
47925
47961
47979
47983
47988
48012
48026
48038
48119
48146
48172
48188
48207
48242
48248
48263
48263
48267
48278
48282
48295
48297
48324
48327
48340
48341
48345
48352
48368
48384
48389
48404
48405
48434
48446
48450
48481
48523
48566
48578
48596
48614
48624
48626
48637
48639
48643
48651
48662
48664
48689
48698
48713
48719
48723
48730
48736
48740
48757
48765
48773
48808
48821
48845
48851
48861
48862
48874
48884
48904
48904
48919
48961
48979
48985
49013
49036
49072
49088
49091
49095
49099
49101
49121
49132
49185
49186
49213
49222
49226
49256
49269
49293
49323
49331
49341
49440
49450
49458
49468
49472
49504
49516
49527
49539
49553
49559
49579
49581
49593
49593
49594
49596
49599
49602
49603
49613
49623
49623
49628
49629
49655
49658
49660
49679
49684
49689
49705
49709
49737
49749
49757
49794
49802
49803
49820
49831
49841
49849
49858
49865
49876
49947
49963
50000
50010
50011
50031
50062
50066
50097
50102
50114
50115
50134
50161
50167
50190
50192
50208
50230
50249
50260
50289
50334
50343
50343
50395
50397
50407
50412
50416
50419
50420
50432
50434
50467
50515
50519
50521
50521
50527
50530
50536
50540
50542
50549
50553
50557
50562
50586
50588
50619
50628
50629
50644
50687
50720
50722
50727
50738
50752
50770
50772
50777
50778
50796
50802
50802
50809
50827
50845
50893
50912
50923
50942
50949
50956
50968
50989
51014
51018
51023
51030
51040
51051
51063
51067
51103
51106
51106
51111
51117
51137
51150
51157
51183
51189
51246
51252
51267
51276
51311
51351
51352
51353
51362
51373
51385
51393
51412
51436
51453
51455
51468
51476
51494
51511
51549
51564
51609
51666
51684
51686
51689
51712
51739
51784
51789
51803
51848
51871
51895
51909
51917
51917
51927
51956
51979
51990
52000
52007
52021
52039
52059
52092
52093
52102
52107
52108
52167
52192
52219
52228
52231
52239
52257
52283
52283
52291
52340
52342
52377
52381
52385
52388
52391
52394
52394
52427
52428
52462
52465
52470
52494
52521
52525
52535
52547
52558
52610
52622
52635
52637
52639
52668
52678
52691
52691
52692
52704
52723
52727
52734
52750
52768
52776
52797
52809
52821
52832
52848
52849
52860
52895
52903
52923
52925
52951
52959
52999
53020
53068
53074
53083
53085
53091
53109
53117
53118
53146
53148
53149
53154
53160
53163
53164
53168
53184
53234
53244
53248
53249
53264
53288
53292
53309
53315
53316
53324
53327
53333
53342
53375
53376
53385
53387
53389
53425
53435
53449
53473
53493
53505
53508
53522
53528
53537
53538
53584
53585
53587
53610
53614
53621
53639
53680
53683
53718
53732
53776
53796
53804
53804
53806
53825
53839
53853
53870
53912
53925
53926
53943
53955
53958
53970
53970
53974
53974
53996
54012
54020
54038
54067
54085
54101
54147
54150
54154
54173
54175
54196
54201
54205
54205
54217
54224
54229
54243
54258
54275
54278
54304
54309
54315
54315
54328
54332
54333
54335
54369
54379
54383
54403
54405
54472
54479
54484
54499
54516
54529
54532
54551
54563
54568
54581
54581
54591
54610
54613
54636
54649
54656
54676
54687
54707
54714
54716
54738
54781
54800
54815
54820
54821
54827
54832
54837
54845
54857
54858
54864
54870
54871
54896
54906
54924
54937
54942
54954
54962
54985
54994
54999
55002
55046
55062
55066
55068
55069
55088
55089
55099
55116
55149
55155
55167
55167
55200
55209
55218
55256
55277
55291
55295
55297
55298
55328
55328
55339
55345
55359
55359
55396
55401
55419
55422
55427
55433
55461
55480
55490
55495
55514
55551
55564
55564
55580
55614
55621
55629
55646
55655
55655
55662
55676
55679
55691
55691
55691
55701
55701
55703
55708
55711
55719
55730
55759
55764
55767
55778
55784
55809
55829
55840
55841
55876
55889
55897
55903
55903
55922
55940
55946
55957
55993
56001
56005
56006
56008
56015
56016
56056
56065
56087
56091
56097
56111
56129
56134
56148
56149
56158
56161
56191
56207
56239
56260
56280
56308
56323
56328
56339
56340
56355
56370
56371
56376
56384
56391
56405
56408
56416
56449
56490
56527
56555
56650
56650
56659
56702
56704
56750
56768
56768
56804
56828
56848
56869
56884
56901
56907
56910
56921
56964
56966
57004
57026
57035
57066
57072
57079
57114
57155
57198
57199
57265
57292
57293
57297
57298
57311
57315
57331
57366
57368
57370
57377
57379
57395
57407
57411
57454
57460
57471
57482
57515
57525
57531
57543
57551
57551
57562
57565
57569
57597
57625
57641
57674
57682
57690
57695
57704
57711
57723
57730
57734
57783
57788
57797
57813
57816
57840
57852
57856
57856
57912
57931
57978
57980
57987
57995
58000
58005
58037
58049
58068
58117
58121
58127
58168
58191
58210
58214
58227
58239
58244
58245
58259
58274
58314
58333
58359
58372
58379
58383
58404
58406
58417
58420
58423
58424
58447
58462
58463
58467
58489
58525
58603
58611
58620
58620
58630
58641
58660
58675
58711
58713
58718
58729
58730
58752
58755
58764
58775
58779
58809
58809
58824
58842
58858
58862
58879
58921
58994
59021
59034
59037
59044
59055
59063
59070
59074
59085
59122
59136
59147
59148
59155
59161
59174
59186
59201
59217
59235
59239
59251
59287
59292
59306
59332
59342
59363
59374
59388
59406
59411
59414
59427
59431
59516
59518
59542
59560
59560
59580
59582
59582
59607
59647
59657
59667
59682
59686
59687
59695
59698
59716
59722
59736
59761
59787
59789
59801
59801
59802
59802
59806
59828
59837
59837
59849
59867
59883
59886
59929
59934
59942
59960
59971
59974
59997
60012
60055
60060
60062
60076
60094
60094
60095
60104
60127
60128
60142
60146
60170
60178
60179
60185
60197
60205
60218
60245
60258
60270
60272
60279
60289
60331
60341
60364
60378
60400
60408
60421
60463
60495
60501
60504
60509
60535
60555
60576
60585
60611
60612
60641
60662
60695
60707
60722
60724
60728
60760
60767
60781
60800
60810
60848
60866
60870
60874
60896
60932
60932
60941
60948
60974
60993
61038
61050
61067
61077
61083
61091
61118
61129
61171
61193
61193
61220
61220
61225
61229
61233
61240
61245
61246
61268
61290
61290
61290
61301
61305
61309
61339
61379
61402
61408
61415
61421
61436
61449
61468
61480
61482
61505
61506
61520
61549
61608
61618
61636
61639
61680
61682
61711
61718
61722
61724
61740
61743
61750
61789
61797
61799
61801
61808
61849
61876
61902
61951
61963
61973
61974
61985
61991
61991
62023
62048
62056
62062
62074
62079
62094
62102
62119
62147
62167
62177
62185
62196
62203
62222
62226
62231
62273
62274
62298
62298
62312
62358
62382
62387
62412
62420
62437
62439
62455
62485
62490
62495
62496
62498
62507
62508
62518
62521
62525
62568
62572
62596
62603
62613
62620
62667
62748
62757
62775
62781
62796
62801
62807
62820
62830
62834
62851
62855
62870
62903
62910
62928
62947
62951
62981
62989
63002
63006
63016
63019
63030
63036
63074
63095
63144
63151
63160
63184
63197
63201
63203
63213
63217
63236
63237
63249
63255
63266
63269
63273
63277
63289
63290
63303
63332
63340
63344
63354
63381
63383
63384
63400
63407
63413
63414
63414
63428
63442
63449
63458
63462
63474
63485
63492
63494
63506
63527
63531
63540
63557
63583
63605
63645
63674
63682
63686
63699
63700
63734
63773
63788
63797
63811
63826
63835
63839
63869
63894
63927
63931
63972
63976
63988
64092
64094
64103
64116
64129
64134
64134
64143
64151
64177
64216
64216
64218
64231
64258
64259
64269
64287
64313
64325
64342
64345
64373
64413
64419
64432
64459
64479
64497
64506
64553
64565
64599
64654
64657
64660
64673
64699
64701
64705
64728
64738
64765
64791
64795
64798
64801
64816
64818
64824
64826
64901
64931
64931
64947
64955
64984
65020
65030
65050
65074
65083
65096
65096
65117
65127
65145
65148
65152
65156
65162
65185
65187
65189
65216
65225
65292
65292
65306
65324
65338
65343
65351
65362
65368
65373
65383
65406
65415
65418
65420
65431
65445
65446
65465
65466
65504
65510
65512
65514
65522
65529
65530
65535
65576
65577
65622
65624
65625
65642
65643
65652
65684
65722
65732
65759
65771
65792
65800
65824
65826
65844
65849
65881
65927
65932
65935
65942
65943
65949
65960
65962
65965
65968
66011
66015
66045
66083
66093
66107
66113
66125
66129
66137
66146
66150
66155
66175
66189
66199
66200
66201
66205
66209
66211
66223
66279
66284
66299
66342
66382
66383
66388
66398
66419
66440
66457
66472
66477
66489
66489
66521
66530
66537
66593
66600
66601
66621
66621
66627
66631
66649
66654
66687
66689
66701
66702
66703
66706
66717
66726
66745
66759
66771
66783
66792
66829
66846
66847
66857
66868
66888
66907
66937
66951
66954
66956
66958
66977
67023
67038
67043
67047
67050
67051
67056
67069
67080
67099
67102
67115
67153
67168
67184
67186
67199
67234
67244
67287
67289
67294
67298
67303
67307
67309
67332
67334
67345
67369
67388
67415
67431
67445
67466
67472
67479
67486
67492
67495
67516
67526
67540
67554
67561
67563
67566
67566
67573
67576
67598
67611
67613
67621
67635
67638
67653
67663
67663
67670
67672
67675
67683
67685
67708
67708
67708
67721
67730
67740
67753
67773
67810
67842
67849
67856
67874
67876
67886
67888
67889
67902
67918
67941
67975
67984
67991
68020
68021
68036
68037
68064
68076
68097
68135
68140
68178
68192
68195
68206
68214
68215
68220
68240
68309
68329
68385
68399
68404
68438
68450
68451
68454
68469
68472
68477
68480
68489
68513
68524
68528
68546
68557
68566
68594
68609
68612
68632
68644
68650
68662
68681
68691
68697
68705
68727
68735
68757
68758
68759
68773
68775
68788
68808
68809
68822
68850
68866
68873
68881
68902
68910
68914
68916
68939
68962
68994
69000
69006
69017
69027
69044
69049
69060
69110
69126
69127
69130
69131
69134
69150
69169
69187
69190
69191
69198
69207
69230
69231
69235
69239
69241
69249
69251
69252
69268
69289
69316
69338
69343
69394
69398
69403
69410
69445
69495
69507
69516
69521
69564
69568
69583
69585
69623
69640
69651
69657
69668
69668
69679
69685
69685
69707
69709
