7
10
12
37
47
49
54
73
86
87
94
103
141
154
158
168
175
176
189
195
200
201
224
232
238
260
261
279
290
296
308
309
314
317
319
328
329
338
353
356
370
379
382
407
421
426
430
440
449
475
483
487
497
499
504
514
525
532
541
554
554
565
580
587
594
618
626
638
652
657
663
665
672
678
679
682
692
693
696
698
742
743
748
762
764
774
779
779
785
801
823
830
832
844
850
870
874
893
894
894
898
916
921
933
935
936
937
938
966
970
987
996
1025
1065
1076
1081
1089
1091
1091
1096
1098
1104
1108
1111
1118
1119
1121
1127
1129
1130
1137
1150
1151
1158
1167
1169
1176
1187
1205
1214
1217
1217
1230
1231
1248
1264
1264
1270
1282
1282
1289
1330
1335
1337
1337
1339
1347
1350
1354
1358
1374
1404
1416
1433
1436
1436
1439
1450
1453
1456
1461
1469
1475
1484
1484
1498
1514
1519
1529
1531
1533
1536
1557
1558
1561
1564
1572
1588
1595
1613
1613
1625
1643
1665
1669
1673
1674
1688
1689
1704
1709
1715
1730
1741
1750
1755
1774
1786
1818
1819
1820
1821
1825
1832
1833
1838
1849
1860
1865
1881
1890
1899
1927
1948
1958
1964
1986
1992
2003
2004
2009
2025
2030
2036
2049
2050
2059
2068
2068
2069
2070
2079
2081
2082
2084
2086
2093
2128
2138
2151
2168
2192
2203
2211
2217
2219
2243
2256
2264
2280
2287
2298
2301
2309
2340
2352
2355
2368
2376
2377
2400
2401
2410
2438
2443
2454
2479
2498
2508
2523
2525
2540
2543
2559
2560
2578
2584
2589
2591
2591
2615
2632
2636
2639
2668
2675
2678
2697
2705
2705
2716
2717
2722
2736
2764
2766
2790
2797
2797
2797
2824
2826
2832
2861
2867
2870
2884
2928
2934
2970
2970
2971
2972
2985
2990
2996
2997
3024
3025
3029
3038
3074
3089
3102
3109
3113
3116
3118
3127
3142
3142
3147
3154
3154
3176
3179
3214
3219
3220
3231
3231
3236
3239
3244
3267
3278
3293
3302
3302
3325
3338
3361
3373
3374
3388
3398
3399
3403
3411
3427
3434
3446
3463
3464
3469
3470
3508
3513
3517
3538
3543
3550
3555
3565
3568
3576
3588
3593
3596
3598
3601
3617
3622
3635
3637
3639
3658
3688
3689
3691
3700
3702
3712
3716
3721
3728
3742
3760
3781
3782
3798
3818
3829
3837
3839
3841
3843
3847
3848
3872
3877
3893
3904
3909
3913
3924
3931
3940
3953
3954
3961
3980
3991
4001
4008
4020
4022
4024
4027
4030
4041
4042
4049
4053
4072
4075
4077
4084
4090
4097
4099
4111
4119
4123
4143
4145
4146
4148
4154
4156
4187
4196
4196
4202
4208
4234
4255
4273
4302
4305
4315
4319
4328
4333
4336
4338
4344
4347
4352
4364
4372
4383
4385
4388
4392
4413
4421
4428
4448
4468
4471
4476
4498
4519
4536
4543
4548
4551
4595
4598
4639
4640
4642
4646
4647
4652
4654
4686
4693
4714
4743
4757
4775
4795
4823
4825
4834
4843
4844
4850
4852
4869
4874
4887
4891
4892
4894
4898
4899
4913
4915
4933
4935
4945
4954
4955
4959
4990
4990
5021
5031
5033
5052
5058
5058
5065
5067
5071
5081
5088
5102
5102
5105
5110
5111
5117
5125
5144
5148
5152
5157
5162
5170
5171
5172
5173
5180
5181
5196
5197
5197
5208
5226
5237
5238
5249
5253
5258
5272
5278
5304
5318
5320
5329
5341
5368
5389
5400
5411
5413
5413
5415
5422
5425
5427
5429
5464
5485
5509
5514
5520
5527
5535
5550
5552
5563
5582
5583
5599
5609
5614
5620
5622
5660
5661
5688
5704
5729
5731
5737
5740
5743
5747
5761
5770
5776
5787
5824
5843
5845
5846
5863
5878
5893
5896
5929
5930
5932
5952
5961
5962
5969
5977
5987
5996
5999
6001
6003
6007
6012
6014
6016
6046
6046
6049
6062
6065
6076
6089
6103
6103
6115
6146
6162
6163
6165
6170
6200
6203
6208
6211
6230
6251
6253
6267
6275
6290
6307
6323
6325
6326
6327
6391
6397
6398
6420
6431
6431
6440
6450
6466
6469
6470
6470
6481
6488
6492
6495
6498
6500
6510
6510
6515
6523
6529
6543
6548
6553
6554
6561
6580
6588
6592
6595
6597
6607
6616
6624
6628
6632
6643
6643
6643
6655
6658
6671
6680
6690
6697
6701
6709
6713
6719
6725
6737
6739
6754
6754
6768
6777
6794
6805
6810
6811
6813
6820
6824
6865
6875
6885
6890
6896
6913
6929
6929
6937
6949
6949
6989
6989
6991
7025
7050
7051
7051
7061
7065
7091
7102
7113
7133
7140
7154
7157
7170
7170
7185
7188
7190
7194
7206
7213
7217
7219
7245
7250
7252
7253
7276
7277
7280
7288
7293
7300
7310
7314
7323
7325
7329
7336
7361
7388
7404
7410
7420
7423
7438
7452
7466
7475
7476
7493
7514
7536
7539
7548
7551
7554
7559
7565
7577
7591
7602
7603
7614
7627
7628
7644
7656
7658
7659
7661
7666
7674
7678
7684
7690
7694
7696
7699
7701
7723
7733
7745
7754
7758
7762
7763
7773
7798
7803
7818
7820
7827
7849
7868
7870
7887
7889
7907
7922
7922
7939
7948
7949
7954
7963
7963
7979
7986
7989
8000
8006
8008
8019
8020
8023
8025
8040
8050
8068
8069
8087
8129
8131
8155
8157
8209
8213
8220
8233
8233
8234
8245
8265
8268
8278
8288
8293
8320
8334
8337
8349
8359
8374
8443
8452
8457
8462
8463
8484
8485
8488
8515
8520
8522
8527
8527
8531
8541
8547
8550
8567
8569
8576
8576
8601
8630
8636
8640
8644
8653
8661
8685
8690
8705
8707
8712
8730
8735
8736
8741
8742
8748
8755
8763
8768
8774
8774
8782
8789
8798
8806
8806
8810
8811
8811
8814
8815
8821
8832
8841
8846
8848
8859
8860
8861
8882
8883
8883
8890
8893
8898
8907
8921
8921
8938
8941
8966
8970
8971
8973
9001
9004
9006
9010
9025
9027
9028
9029
9047
9053
9059
9060
9074
9081
9082
9118
9120
9120
9124
9140
9152
9169
9169
9184
9199
9227
9227
9237
9248
9256
9258
9260
9277
9296
9296
9312
9318
9331
9337
9347
9365
9367
9370
9384
9386
9408
9417
9421
9430
9431
9438
9440
9453
9457
9468
9495
9506
9510
9514
9520
9522
9525
9535
9538
9543
9543
9577
9578
9578
9579
9600
9609
9619
9626
9639
9661
9662
9669
9672
9681
9696
9701
9706
9711
9713
9749
9750
9757
9759
9761
9763
9778
9785
9790
9794
9795
9797
9846
9868
9869
9871
9874
9881
9900
9916
9940
9941
9945
9946
9955
9956
9969
9980
9982
9983
10001
10002
10004
10009
10044
10044
10052
10054
10062
10073
10073
10091
10096
10098
10108
10131
10132
10144
10155
10158
10174
10180
10183
10184
10195
10196
10215
10231
10254
10268
10278
10298
10309
10322
10335
10341
10351
10360
10365
10366
10371
10384
10391
10405
10417
10423
10429
10447
10448
10465
10467
10467
10476
10478
10481
10482
10484
10487
10490
10503
10506
10514
10517
10521
10538
10571
10579
10584
10586
10605
10620
10627
10627
10652
10672
10692
10716
10737
10743
10744
10756
10765
10767
10769
10769
10770
10776
10778
10778
10782
10786
10787
10788
10799
10806
10813
10829
10837
10839
10848
10848
10848
10871
10876
10896
10898
10919
10927
10929
10951
10956
10963
10963
10968
10977
10984
10988
11030
11036
11038
11039
11054
11056
11059
11077
11082
11104
11118
11127
11143
11165
11170
11171
11181
11184
11192
11193
11194
11209
11236
11239
11253
11289
11301
11301
11316
11328
11351
11352
11377
11394
11405
11406
11408
11413
11429
11432
11450
11451
11452
11458
11465
11476
11477
11507
11512
11532
11533
11552
11557
11558
11582
11584
11608
11610
11614
11630
11644
11646
11652
11653
11667
11674
11708
11728
11728
11732
11735
11742
11746
11769
11782
11785
11793
11793
11797
11809
11814
11821
11825
11838
11839
11850
11853
11856
11861
11863
11875
11886
11924
11930
11931
11931
11937
11940
11942
11954
11957
11960
11965
11969
11977
11988
12005
12009
12013
12029
12034
12049
12064
12069
12069
12079
12083
12088
12090
12118
12122
12124
12129
12129
12129
12138
12155
12171
12192
12219
12221
12268
12276
12281
12296
12296
12296
12312
12322
12331
12331
12341
12352
12361
12386
12398
12402
12403
12404
12408
12414
12425
12427
12448
12452
12474
12480
12486
12503
12520
12533
12535
12536
12542
12544
12553
12600
12605
12631
12640
12650
12662
12663
12673
12676
12679
12689
12689
12707
12713
12737
12759
12766
12770
12779
12783
12808
12819
12828
12830
12831
12834
12845
12848
12849
12858
12901
12902
12904
12931
12932
12939
12948
12950
12964
12969
12971
12979
12988
12990
12991
13006
13015
13016
13020
13033
13040
13041
13062
13078
13092
13095
13096
13097
13103
13105
13141
13167
13176
13180
13190
13192
13195
13212
13215
13219
13225
13237
13256
13274
13277
13284
13295
13312
13317
13328
13365
13369
13374
13386
13389
13391
13396
13398
13413
13415
13443
13449
13459
13469
13470
13474
13487
13491
13493
13501
13513
13514
13520
13524
13541
13543
13544
13553
13556
13567
13574
13578
13578
13580
13582
13591
13602
13610
13612
13613
13615
13617
13622
13625
13629
13638
13640
13641
13653
13653
13695
13721
13739
13743
13743
13752
13795
13801
13808
13811
13818
13831
13846
13847
13857
13857
13862
13873
13881
13887
13907
13909
13917
13917
13917
13926
13930
13939
13955
13958
13960
13977
13995
13999
14002
14004
14009
14017
14025
14027
14034
14040
14041
14054
14058
14062
14064
14065
14066
14075
14093
14107
14113
14117
14120
14121
14138
14140
14145
14150
14150
14152
14158
14158
14163
14164
14164
14185
14188
14191
14198
14213
14224
14238
14242
14251
14259
14270
14289
14318
14323
14331
14333
14341
14353
14354
14369
14370
14378
14392
14396
14410
14411
14422
14432
14452
14461
14465
14470
14499
14502
14512
14517
14532
14534
14536
14537
14538
14538
14542
14552
14573
14596
14597
14598
14610
14617
14617
14644
14654
14655
14658
14666
14677
14681
14684
14688
14697
14705
14711
14739
14768
14789
14793
14794
14813
14818
14844
14846
14850
14853
14889
14892
14895
14898
14912
14922
14924
14948
14979
14981
14988
14995
15005
15009
15011
15031
15045
15051
15061
15082
15085
15092
15105
15106
15114
15124
15130
15136
15137
15139
15142
15153
15154
15187
15202
15211
15220
15222
15223
15232
15260
15271
15282
15287
15332
15348
15351
15368
15374
15382
15383
15390
15396
15412
15413
15416
15423
15439
15439
15444
15448
15460
15469
15478
15489
15500
15500
15534
15538
15562
15575
15591
15594
15611
15612
15613
15617
15618
15626
15628
15635
15642
15669
15681
15687
15692
15705
15710
15712
15726
15764
15772
15773
15773
15791
15800
15809
15812
15825
15832
15838
15839
15851
15870
15881
15889
15897
15910
15935
15951
15954
15960
15964
15968
15969
15974
15986
16008
16026
16034
16035
16051
16067
16078
16081
16102
16117
16128
16139
16158
16162
16162
16166
16174
16178
16186
16197
16204
16206
16216
16238
16247
16248
16272
16278
16290
16293
16312
16315
16316
16328
16333
16379
16390
16399
16406
16410
16419
16423
16425
16440
16463
16476
16479
16499
16500
16503
16504
16504
16504
16510
16516
16517
16517
16527
16539
16549
16565
16568
16574
16576
16607
16612
16613
16622
16645
16648
16649
16671
16679
16690
16700
16713
16724
16752
16756
16791
16796
16798
16801
16821
16846
16854
16877
16880
16881
16884
16895
16907
16911
16915
16915
16921
16923
16924
16925
16988
16994
16996
16997
17000
17029
17031
17032
17036
17036
17056
17059
17063
17075
17076
17084
17086
17086
17094
17103
17109
17112
17136
17146
17153
17153
17158
17163
17163
17170
17196
17198
17215
17223
17235
17241
17249
17257
17259
17269
17291
17294
17299
17303
17304
17309
17314
17326
17327
17349
17357
17366
17375
17376
17379
17415
17415
17433
17435
17443
17453
17455
17457
17463
17495
17507
17528
17533
17546
17555
17583
17586
17606
17609
17615
17624
17626
17629
17635
17636
17637
17654
17656
17674
17676
17681
17682
17682
17689
17690
17702
17711
17713
17720
17728
17735
17738
17754
17766
17773
17774
17783
17786
17803
17810
17820
17822
17838
17852
17869
17885
17886
17915
17924
17975
17977
17982
18000
18027
18030
18037
18040
18066
18066
18081
18090
18104
18121
18134
18135
18146
18159
18170
18171
18177
18181
18220
18221
18235
18236
18240
18254
18254
18262
18263
18267
18284
18292
18301
18310
18322
18334
18342
18358
18363
18363
18366
18381
18398
18403
18408
18421
18422
18425
18428
18434
18455
18478
18479
18494
18496
18504
18508
18508
18516
18524
18546
18555
18571
18573
18579
18610
18614
18615
18635
18641
18668
18687
18697
18738
18742
18748
18748
18751
18781
18782
18786
18790
18809
18818
18821
18822
18839
18851
18855
18857
18868
18878
18891
18900
18906
18907
18907
18911
18916
18919
18932
18946
18952
18956
18959
18959
18967
18968
18971
18984
19003
19008
19037
19041
19075
19081
19081
19084
19091
19092
19095
19112
19161
19168
19172
19197
19200
19250
19291
19316
19319
19324
19335
19341
19343
19349
19364
19369
19381
19387
19422
19426
19431
19433
19438
19475
19512
19513
19526
19529
19536
19543
19546
19566
19572
19574
19579
19592
19610
19619
19620
19639
19646
19649
19655
19655
19659
19670
19677
19688
19692
19696
19697
19699
19717
19724
19729
19740
19759
19760
19779
19783
19801
19805
19841
19842
19853
19871
19874
19888
19903
19903
19927
19934
19948
19972
19996
20003
20009
20029
20036
20038
20045
20054
20055
20056
20067
20073
20075
20080
20083
20091
20097
20101
20107
20122
20123
20124
20137
20148
20148
20172
20178
20185
20194
20196
20201
20202
20205
20233
20239
20241
20246
20249
20261
20274
20275
20277
20297
20298
20307
20329
20329
20333
20344
20347
20368
20376
20390
20394
20394
20406
20438
20459
20467
20474
20478
20480
20481
20484
20500
20504
20514
20515
20517
20517
20519
20526
20539
20541
20543
20549
20553
20555
20563
20565
20591
20602
20605
20620
20624
20632
20644
20652
20659
20667
20674
20674
20684
20687
20689
20749
20752
20753
20759
20760
20766
20767
20769
20775
20778
20798
20803
20809
20816
20817
20818
20824
20829
20845
20851
20853
20861
20874
20875
20877
20879
20882
20937
20941
20964
20977
21015
21018
21022
21025
21025
21032
21048
21071
21116
21124
21137
21137
21144
21156
21158
21161
21182
21184
21201
21201
21207
21214
21223
21235
21240
21244
21255
21256
21263
21268
21272
21283
21302
21310
21328
21340
21341
21342
21347
21349
21350
21358
21363
21373
21377
21383
21408
21438
21439
21447
21450
21460
21463
21469
21471
21488
21491
21505
21510
21524
21529
21538
21541
21549
21571
21578
21584
21594
21608
21609
21610
21614
21615
21625
21636
21652
21654
21658
21659
21664
21670
21676
21684
21689
21713
21734
21735
21735
21739
21741
21742
21743
21750
21751
21751
21755
21756
21775
21777
21783
21784
21790
21791
21795
21814
21816
21819
21824
21833
21834
21841
21871
21872
21889
21891
21892
21893
21893
21903
21910
21920
21964
21967
22001
22001
22010
22011
22013
22014
22021
22035
22039
22064
22067
22069
22078
22099
22101
22105
22111
22113
22123
22132
22135
22136
22141
22141
22146
22148
22151
22155
22171
22180
22182
22202
22211
22231
22242
22245
22249
22251
22259
22262
22263
22263
22267
22271
22274
22277
22284
22292
22292
22300
22302
22311
22316
22320
22343
22345
22348
22367
22378
22381
22392
22395
22401
22403
22412
22430
22431
22435
22454
22460
22478
22490
22498
22522
22527
22529
22535
22537
22537
22542
22544
22560
22593
22611
22619
22628
22637
22642
22673
22680
22690
22697
22703
22705
22715
22747
22748
22752
22769
22779
22782
22791
22795
22804
22805
22826
22842
22846
22849
22855
22875
22879
22881
22894
22919
22920
22921
22931
22932
22932
22954
22958
22960
22966
22970
22974
22975
22978
22989
22991
22995
23007
23013
23016
23019
23029
23041
23076
23077
23097
23099
23109
23115
23117
23127
23132
23135
23138
23148
23152
23162
23190
23195
23199
23212
23218
23241
23250
23252
23255
23255
23257
23263
23265
23279
23298
23303
23306
23344
23345
23386
23390
23390
23392
23422
23454
23457
23488
23494
23495
23497
23508
23511
23512
23513
23514
23516
23520
23540
23541
23547
23554
23564
23567
23582
23585
23596
23600
23606
23608
23612
23650
23657
23658
23688
23691
23722
23724
23734
23745
23749
23761
23767
23769
23774
23779
23799
23803
23812
23813
23831
23832
23838
23850
23879
23883
23887
23896
23898
23916
23932
23938
23940
23953
23963
23963
23964
23964
23974
23980
23998
23998
24002
24008
24029
24040
24049
24058
24060
24060
24061
24064
24072
24078
24080
24110
24123
24135
24145
24176
24176
24178
24181
24186
24209
24210
24221
24222
24231
24232
24245
24256
24259
24271
24302
24310
24319
24327
24356
24370
24371
24375
24376
24383
24384
24423
24427
24431
24434
24440
24445
24457
24458
24466
24482
24487
24512
24522
24528
24538
24542
24544
24556
24559
24583
24584
24584
24593
24609
24611
24621
24623
24629
24631
24635
24640
24642
24652
24658
24678
24682
24686
24686
24697
24708
24713
24720
24734
24763
24765
24775
24790
24819
24826
24833
24838
24847
24856
24867
24895
24899
24908
24916
24937
24942
24943
24977
24984
24984
25007
25023
25045
25046
25050
25052
25056
25058
25062
25071
25078
25090
25090
25107
25123
25123
25128
25136
25138
25139
25145
25155
25160
25176
25179
25182
25188
25204
25218
25249
25262
25274
25281
25286
25288
25288
25303
25305
25309
25309
25316
25329
25338
25350
25377
25381
25387
25389
25407
25412
25418
25435
25438
25451
25456
25460
25481
25485
25494
25507
25517
25525
25529
25552
25565
25570
25586
25593
25610
25630
25630
25638
25639
25655
25661
25665
25675
25679
25689
25689
25698
25699
25700
25703
25706
25707
25734
25739
25756
25757
25764
25771
25775
25775
25804
25811
25812
25813
25820
25821
25821
25826
25828
25835
25840
25843
25846
25850
25853
25855
25859
25862
25868
25872
25873
25879
25891
25897
25900
25904
25906
25933
25945
25966
25976
25980
25998
26004
26006
26007
26016
26021
26055
26055
26057
26066
26076
26083
26092
26094
26102
26103
26112
26127
26132
26135
26138
26144
26180
26209
26210
26227
26253
26258
26284
26291
26300
26308
26312
26330
26345
26349
26353
26356
26371
26388
26389
26391
26394
26401
26402
26413
26418
26434
26440
26441
26441
26450
26451
26466
26468
26479
26497
26512
26534
26551
26559
26595
26603
26609
26612
26613
26613
26617
26644
26661
26667
26677
26677
26683
26684
26686
26701
26743
26762
26767
26775
26785
26787
26793
26808
26824
26836
26843
26845
26857
26863
26876
26911
26914
26917
26923
26926
26930
26932
26936
26947
26947
26966
26971
26986
26992
26992
27000
27015
27030
27055
27061
27063
27067
27068
27069
27082
27137
27139
27140
27157
27158
27160
27167
27169
27170
27179
27186
27194
27235
27263
27275
27276
27282
27282
27315
27330
27332
27339
27347
27347
27348
27352
27354
27357
27362
27367
27394
27394
27399
27403
27439
27449
27459
27461
27464
27468
27470
27478
27489
27495
27529
27536
27546
27548
27565
27567
27571
27571
27588
27590
27607
27608
27615
27616
27626
27627
27632
27634
27637
27639
27654
27661
27667
27676
27706
27713
27714
27716
27718
27719
27723
27727
27739
27771
27783
27793
27795
27828
27831
27842
27854
27862
27867
27877
27877
27887
27891
27904
27917
27920
27921
27924
27929
27931
27933
27939
27944
27949
27950
27951
27970
27972
27978
27989
27991
27995
28005
28008
28011
28043
28043
28058
28073
28079
28083
28098
28122
28123
28154
28162
28165
28171
28178
28211
28231
28245
28249
28256
28263
28284
28287
28308
28317
28319
28320
28355
28381
28409
28410
28422
28478
28489
28494
28506
28508
28532
28546
28549
28571
28588
28594
28595
28597
28607
28608
28611
28621
28624
28646
28656
28670
28672
28688
28691
28693
28705
28713
28714
28719
28721
28724
28731
28732
28737
28746
28756
28767
28768
28772
28785
28787
28820
28825
28837
28856
28860
28869
28897
28898
28900
28902
28906
28912
28915
28951
28965
28970
28984
28996
29006
29012
29038
29050
29057
29057
29058
29067
29069
29070
29072
29074
29079
29081
29087
29120
29122
29131
29138
29155
29180
29190
29190
29202
29207
29209
29213
29214
29217
29218
29224
29241
29304
29312
29319
29321
29328
29328
29336
29337
29345
29354
29373
29380
29392
29395
29414
29415
29428
29430
29431
29469
29470
29474
29482
29489
29494
29499
29508
29516
29525
29534
29537
29538
29553
29570
29572
29576
29588
29607
29612
29616
29644
29646
29655
29655
29655
29660
29660
29661
29664
29665
29678
29685
29699
29702
29717
29727
29731
29734
29741
29741
29743
29745
29750
29758
29780
29780
29790
29805
29814
29814
29824
29831
29837
29845
29878
29891
29898
29923
29926
29941
29947
29948
29952
29973
29974
29974
29978
30002
30007
30008
30011
30018
30022
30047
30048
30064
30077
30102
30127
30135
30136
30144
30174
30175
30184
30228
30237
30254
30285
30290
30294
30309
30310
30322
30351
30352
30366
30368
30391
30391
30418
30423
30427
30450
30457
30457
30477
30494
30496
30499
30540
30541
30562
30565
30567
30585
30588
30592
30608
30622
30623
30630
30639
30670
30676
30678
30682
30682
30694
30698
30701
30728
30735
30736
30745
30757
30761
30764
30776
30800
30813
30814
30833
30846
30850
30865
30868
30868
30890
30894
30895
30908
30909
30930
30932
30935
30945
30946
30959
30961
30972
30976
30983
30984
30990
30998
31002
31003
31003
31007
31007
31016
31037
31044
31049
31059
31062
31071
31072
31075
31080
31088
31093
31095
31108
31123
31135
31148
31161
31165
31185
31189
31196
31199
31200
31207
31211
31214
31216
31224
31237
31246
31250
31260
31267
31268
31277
31281
31282
31286
31295
31296
31297
31302
31305
31307
31318
31323
31324
31328
31333
31336
31342
31347
31354
31361
31364
31370
31381
31389
31399
31406
31413
31427
31447
31451
31463
31465
31471
31487
31497
31506
31525
31548
31550
31553
31554
31562
31565
31582
31584
31587
31589
31593
31635
31671
31677
31690
31716
31728
31734
31741
31770
31770
31772
31781
31792
31794
31806
31810
31845
31849
31876
31913
31918
31934
31935
31938
31939
31939
31950
31951
31956
31964
31991
32000
32002
32012
32021
32022
32027
32032
32044
32085
32101
32102
32102
32111
32159
32163
32169
32172
32177
32184
32203
32210
32212
32220
32227
32227
32236
32245
32251
32254
32257
32259
32278
32280
32295
32295
32301
32304
32325
32326
32338
32344
32346
32356
32359
32371
32396
32398
32398
32404
32417
32420
32421
32421
32429
32431
32432
32434
32436
32455
32455
32457
32490
32490
32492
32502
32506
32506
32510
32527
32529
32539
32546
32548
32572
32576
32598
32611
32621
32647
32691
32694
32700
32715
32738
32738
32744
32765
32800
32802
32805
32822
32824
32829
32844
32853
32855
32860
32864
32878
32878
32890
32896
32901
32902
32902
32934
32935
32947
32954
32972
32976
32984
32985
32990
33001
33005
33009
33012
33030
33034
33036
33037
33041
33043
33049
33059
33060
33082
33098
33104
33105
33106
33112
33116
33118
33127
33135
33136
33149
33201
33219
33224
33225
33229
33231
33233
33240
33241
33254
33281
33285
33290
33306
33310
33330
33342
33377
33385
33395
33399
33404
33406
33416
33427
33430
33440
33454
33457
33461
33462
33465
33467
33471
33502
33513
33520
33543
33557
33626
33629
33633
33637
33647
33655
33694
33699
33711
33715
33715
33723
33723
33733
33738
33755
33764
33765
33774
33779
33782
33784
33817
33822
33848
33860
33861
33865
33875
33875
33883
33888
33889
33932
33932
33934
33940
33942
33946
33969
33977
33982
34002
34005
34006
34015
34018
34048
34050
34077
34077
34077
34102
34103
34112
34120
34132
34134
34135
34161
34161
34168
34182
34195
34208
34219
34220
34254
34258
34263
34286
34288
34290
34310
34311
34313
34320
34346
34353
34365
34404
34415
34427
34435
34458
34466
34468
34470
34482
34489
34492
34500
34510
34513
34526
34539
34540
34544
34551
34563
34573
34591
34599
34606
34608
34611
34628
34640
34650
34665
34680
34688
34691
34704
34714
34717
34732
34739
34769
34775
34787
34796
34802
34839
34851
34857
34868
34885
34890
34893
34894
34913
34916
34920
34926
34932
34933
34936
34940
34943
34947
34950
34957
34978
34985
34988
35003
35023
35032
35034
35046
35047
35080
35091
35094
35106
35118
35124
35131
35134
35142
35149
35165
35172
35180
35181
35207
35209
35212
35214
35230
35234
35243
35244
35248
35250
35258
35266
35275
35286
35304
35309
35313
35316
35324
35340
35359
35362
35396
35421
35430
35439
35442
35443
35446
35468
35477
35506
35508
35520
35522
35541
35549
35561
35564
35575
35581
35587
35595
35596
35610
35615
35618
35621
35648
35651
35668
35693
35695
35698
35699
35704
35705
35712
35713
35737
35737
35742
35763
35765
35773
35776
35782
35792
35809
35812
35837
35847
35870
35899
35907
35935
35965
35971
35972
35972
35982
35983
35999
36000
36003
36003
36012
36013
36025
36026
36028
36028
36029
36038
36063
36087
36089
36101
36118
36121
36122
36140
36181
36184
36194
36198
36203
36210
36222
36227
36230
36247
36247
36253
36267
36274
36293
36300
36311
36346
36347
36350
36350
36351
36367
36405
36408
36410
36415
36427
36433
36457
36457
36476
36479
36485
36500
36508
36523
36544
36571
36576
36582
36586
36590
36591
36595
36617
36623
36624
36628
36643
36656
36668
36669
36671
36681
36681
36687
36688
36691
36701
36712
36720
36738
36748
36755
36783
36794
36804
36833
36845
36853
36862
36863
36869
36876
36881
36882
36903
36906
36918
36923
36925
36945
36948
36954
36965
36988
36991
37026
37033
37041
37048
37058
37071
37072
37077
37097
37100
37104
37108
37117
37122
37141
37143
37145
37150
37150
37174
37191
37201
37214
37223
37243
37245
37247
37254
37267
37326
37343
37343
37344
37349
37353
37376
37379
37393
37393
37396
37398
37404
37409
37418
37419
37432
37437
37440
37460
37462
37466
37472
37473
37475
37476
37480
37496
37500
37509
37526
37529
37546
37552
37555
37556
37556
37558
37581
37603
37606
37610
37617
37620
37621
37633
37636
37649
37665
37672
37674
37700
37704
37710
37720
37730
37733
37754
37756
37764
37767
37778
37788
37796
37809
37831
37832
37833
37843
37852
37863
37878
37879
37883
37892
37897
37900
37920
37927
37928
37960
37976
37977
37989
37999
38010
38011
38017
38022
38023
38025
38031
38042
38047
38062
38075
38101
38121
38135
38141
38142
38149
38162
38170
38180
38182
38186
38190
38199
38203
38204
38210
38217
38258
38260
38271
38280
38300
38319
38327
38346
38356
38358
38363
38373
38395
38406
38419
38423
38428
38430
38431
38438
38443
38444
38445
38470
38473
38476
38480
38495
38521
38525
38529
38530
38540
38543
38559
38574
38578
38579
38580
38581
38583
38587
38590
38591
38604
38613
38615
38645
38677
38678
38707
38707
38711
38719
38719
38724
38725
38727
38741
38754
38774
38795
38812
38814
38818
38826
38826
38853
38860
38864
38880
38892
38893
38895
38899
38899
38905
38913
38917
38919
38924
38952
38958
38983
38988
39018
39019
39034
39050
39055
39059
39065
39069
39081
39083
39091
39113
39118
39120
39124
39124
39131
39132
39136
39147
39150
39166
39168
39200
39202
39210
39215
39237
39244
39247
39268
39278
39279
39286
39306
39325
39327
39333
39359
39371
39415
39428
39429
39437
39443
39446
39461
39466
39477
39488
39493
39497
39520
39557
39565
39597
39600
39600
39617
39627
39634
39646
39649
39650
39655
39667
39670
39682
39682
39682
39684
39688
39691
39695
39703
39707
39719
39731
39731
39743
39750
39753
39758
39770
39775
39782
39783
39804
39805
39808
39817
39833
39850
39859
39872
39878
39888
39888
39910
39910
39912
39924
39924
39926
39926
39962
39980
39994
40009
40010
40025
40045
40059
40062
40066
40079
40111
40121
40122
40140
40155
40164
40195
40205
40218
40221
40226
40230
40234
40236
40273
40282
40308
40308
40362
40367
40370
40372
40380
40388
40401
40432
40435
40475
40475
40498
40503
40548
40549
40551
40565
40566
40570
40574
40575
40578
40585
40593
40595
40600
40605
40622
40626
40636
40651
40654
40655
40656
40688
40710
40711
40726
40727
40738
40758
40759
40769
40771
40796
40797
40798
40801
40816
40828
40831
40836
40836
40870
40877
40882
40884
40886
40895
40911
40927
40931
40937
40950
40951
40951
40957
40958
40971
40988
40990
40991
41003
41010
41014
41018
41019
41021
41033
41037
41044
41048
41061
41063
41064
41075
41085
41098
41123
41161
41166
41176
41183
41210
41222
41227
41242
41248
41254
41271
41276
41279
41312
41318
41336
41337
41356
41363
41369
41388
41413
41420
41423
41432
41441
41448
41460
41469
41483
41494
41503
41505
41535
41538
41540
41542
41563
41567
41584
41587
41601
41617
41620
41624
41627
41631
41641
41648
41652
41654
41680
41681
41683
41691
41698
41714
41752
41763
41771
41773
41774
41778
41779
41780
41782
41782
41793
41804
41806
41815
41815
41831
41834
41893
41908
41914
41923
41935
41954
41966
41975
41977
42034
42055
42060
42062
42069
42073
42099
42107
42126
42133
42146
42157
42165
42187
42189
42197
42198
42200
42208
42209
42217
42226
42231
42238
42240
42244
42246
42251
42255
42257
42268
42272
42301
42302
42329
42341
42341
42344
42349
42371
42375
42383
42383
42386
42406
42409
42418
42426
42427
42430
42433
42434
42480
42515
42519
42521
42525
42549
42553
42557
42563
42565
42567
42580
42592
42616
42619
42623
42625
42629
42631
42651
42684
42694
42695
42698
42705
42705
42709
42738
42747
42748
42758
42759
42767
42784
42788
42806
42809
42815
42824
42826
42845
42882
42885
42901
42925
42972
42985
43021
43033
43039
43056
43056
43057
43068
43085
43100
43101
43101
43123
43126
43134
43138
43156
43182
43208
43213
43233
43236
43244
43247
43267
43268
43269
43278
43297
43297
43302
43317
43323
43331
43338
43346
43351
43362
43363
43367
43370
43371
43371
43377
43384
43389
43400
43404
43416
43417
43422
43430
43441
43447
43453
43478
43509
43517
43520
43524
43530
43541
43561
43567
43581
43586
43589
43605
43617
43621
43638
43643
43669
43683
43685
43688
43700
43705
43706
43709
43714
43720
43720
43725
43729
43732
43734
43737
43746
43758
43763
43778
43782
43789
43801
43811
43811
43824
43848
43850
43854
43858
43868
43883
43887
43896
43901
43903
43909
43916
43929
43932
43959
43970
43972
43974
43985
43989
43998
44013
44042
44043
44046
44059
44060
44061
44069
44070
44077
44083
44086
44093
44100
44110
44112
44146
44156
44157
44206
44218
44243
44250
44251
44281
44301
44309
44311
44378
44384
44384
44386
44392
44398
44406
44421
44427
44446
44446
44448
44465
44465
44471
44475
44500
44516
44534
44557
44559
44560
44561
44564
44565
44569
44581
44582
44598
44606
44611
44613
44615
44617
44627
44635
44636
44638
44638
44651
44652
44680
44690
44692
44709
44719
44720
44725
44732
44757
44758
44784
44790
44792
44813
44814
44816
44821
44825
44827
44831
44838
44840
44859
44860
44883
44895
44896
44898
44902
44919
44941
44943
44954
44955
44963
44966
44967
44970
44973
44974
44975
44990
44991
44994
44994
45003
45009
45029
45030
45030
45050
45053
45056
45060
45077
45078
45098
45119
45126
45132
45133
45140
45156
45164
45169
45245
45268
45270
45277
45291
45293
45314
45319
45334
45335
45370
45372
45391
45392
45423
45432
45440
45447
45448
45466
45469
45475
45480
45487
45488
45498
45503
45506
45516
45516
45530
45536
45543
45550
45568
45572
45582
45591
45597
45602
45628
45628
45631
45638
45642
45648
45658
45659
45669
45671
45699
45703
45703
45705
45729
45737
45739
45740
45743
45764
45794
45797
45811
45816
45817
45823
45829
45836
45852
45853
45854
45859
45860
45874
45878
45880
45884
45884
45892
45948
45956
45957
45967
45975
45980
45982
45988
45998
46019
46034
46038
46051
46052
46053
46061
46080
46083
46096
46101
46137
46138
46144
46151
46153
46160
46168
46187
46199
46210
46225
46233
46249
46269
46271
46273
46298
46302
46305
46326
46327
46330
46337
46353
46371
46374
46380
46383
46389
46414
46421
46454
46463
46468
46486
46504
46508
46518
46548
46556
46561
46568
46572
46588
46606
46613
46666
46682
46701
46702
46722
46764
46796
46796
46817
46817
46846
46861
46863
46871
46874
46903
46913
46913
46916
46934
46938
46945
46955
46971
46973
46975
46978
46983
47011
47016
47019
47031
47043
47048
47055
47061
47079
47089
47089
47091
47104
47118
47121
47133
47140
47156
47156
47159
47200
47202
47208
47212
47220
47225
47255
47263
47264
47280
47284
47315
47332
47346
47346
47350
47353
47361
47374
47376
47387
47398
47409
47416
47418
47422
47425
47434
47435
47441
47449
47451
47452
47455
47481
47486
47500
47512
47514
47528
47533
47537
47544
47572
47580
47586
47607
47607
47613
47622
47626
47630
47634
47640
47645
47650
47655
47660
47668
47691
47693
47697
47698
47711
47718
47740
47743
47746
47748
47750
47754
47756
47776
47780
47812
47813
47821
47824
47834
47847
47848
47849
47852
47862
47877
47910
47913
47915
47917
47924
47926
47926
47929
47952
47953
47960
47961
47971
47973
47988
47996
48002
48007
48020
48022
48027
48029
48058
48062
48077
48085
48090
48093
48118
48142
48144
48149
48176
48177
48178
48198
48208
48222
48231
48240
48248
48256
48271
48273
48281
48281
48286
48286
48293
48311
48314
48325
48328
48340
48340
48357
48359
48384
48385
48389
48392
48394
48404
48404
48415
48435
48435
48438
48450
48460
48464
48478
48500
48506
48510
48511
48512
48550
48553
48554
48555
48556
48561
48565
48567
48572
48574
48577
48580
48592
48603
48606
48617
48623
48640
48650
48651
48666
48689
48691
48707
48708
48718
48719
48719
48723
48731
48744
48754
48769
48784
48790
48791
48797
48798
48821
48826
48835
48839
48854
48863
48887
48894
48899
48910
48932
48933
48942
48951
48955
48957
48961
48965
48969
48975
48975
48985
48993
48996
48996
49002
49013
49022
49028
49032
49034
49043
49047
49049
49049
49060
49071
49075
49076
49084
49099
49102
49113
49118
49128
49136
49143
49147
49147
49149
49153
49158
49200
49217
49232
49244
49250
49267
49270
49279
49283
49291
49293
49300
49305
49307
49315
49318
49326
49331
49332
49346
49352
49381
49381
49391
49404
49404
49407
49413
49413
49417
49428
49440
49443
49464
49483
49484
49486
49519
49532
49539
49546
49552
49554
49560
49571
49572
49585
49598
49599
49609
49621
49642
49651
49652
49654
49659
49659
49663
49672
49685
49685
49686
49692
49707
49712
49714
49730
49735
49750
49766
49782
49803
49804
49815
49817
49820
49823
49835
49909
49914
49918
49931
49943
49946
49951
49981
49988
50009
50021
50036
50067
50074
50081
50087
50088
50093
50129
50141
50144
50147
50162
50168
50168
50186
50191
50204
50206
50211
50225
50225
50228
50230
50235
50249
50250
50256
50256
50277
50283
50292
50299
50305
50320
50321
50331
50353
50355
50357
50358
50371
50382
50416
50435
50438
50438
50441
50451
50464
50481
50482
50486
50488
50497
50514
50532
50566
50579
50585
50586
50590
50598
50600
50601
50620
50651
50652
50660
50663
50693
50706
50717
50729
50732
50733
50736
50740
50744
50750
50787
50787
50791
50794
50808
50825
50829
50830
50833
50836
50847
50852
50857
50862
50876
50876
50880
50882
50898
50902
50905
50913
50920
50924
50927
50935
50937
50943
50950
50958
50976
50978
50986
50988
50992
50996
50998
51002
51008
51017
51018
51022
51027
51030
51031
51037
51051
51063
51069
51081
51086
51088
51108
51113
51114
51123
51134
51160
51162
51168
51173
51178
51183
51186
51187
51207
51216
51218
51227
51234
51238
51259
51274
51276
51298
51304
51308
51324
51332
51336
51349
51359
51366
51368
51370
51373
51373
51380
51384
51391
51391
51400
51434
51438
51440
51443
51473
51475
51479
51494
51517
51547
51553
51566
51571
51573
51586
51588
51590
51596
51611
51631
51658
51669
51680
51683
51691
51696
51701
51718
51722
51730
51745
51747
51761
51761
51769
51783
51788
51805
51815
51831
51854
51861
51868
51873
51878
51882
51882
51918
51925
51925
51927
51934
51956
51982
51982
51986
51990
51996
52018
52022
52027
52039
52044
52075
52084
52088
52089
52091
52094
52095
52097
52113
52130
52138
52148
52157
52159
52179
52188
52191
52193
52222
52225
52226
52236
52246
52260
52262
52270
52272
52273
52279
52287
52295
52352
52352
52360
52376
52383
52416
52417
52453
52463
52477
52482
52493
52504
52505
52510
52530
52531
52557
52566
52611
52619
52630
52644
52659
52666
52667
52679
52702
52710
52718
52723
52731
52775
52797
52799
52802
52809
52829
52834
52838
52839
52845
52845
52849
52858
52861
52865
52866
52870
52870
52877
52877
52887
52895
52908
52920
52922
52926
52930
52940
52946
52975
52981
52997
52998
53008
53010
53019
53032
53041
53047
53052
53063
53075
53078
53078
53087
53109
53112
53114
53118
53123
53136
53157
53157
53162
53182
53185
53187
53197
53200
53207
53226
53241
53245
53261
53276
53280
53280
53285
53294
53301
53307
53314
53316
53326
53329
53342
53344
53349
53354
53362
53364
53369
53373
53374
53396
53408
53432
53443
53453
53457
53460
53467
53470
53478
53487
53491
53498
53504
53524
53533
53537
53540
53542
53567
53567
53576
53578
53581
53588
53594
53606
53616
53616
53625
53636
53636
53638
53642
53648
53655
53664
53665
53674
53681
53682
53688
53698
53704
53714
53727
53732
53740
53743
53746
53767
53776
53792
53800
53811
53820
53827
53849
53851
53853
53859
53865
53865
53867
53870
53877
53877
53887
53888
53891
53905
53907
53914
53924
53953
53968
54014
54040
54042
54042
54056
54060
54085
54093
54125
54133
54139
54159
54165
54167
54173
54182
54189
54211
54225
54233
54234
54249
54250
54266
54275
54310
54311
54319
54328
54331
54338
54353
54359
54365
54383
54386
54391
54428
54447
54462
54516
54517
54527
54531
54532
54532
54536
54553
54560
54560
54568
54582
54587
54600
54636
54653
54672
54673
54678
54681
54707
54707
54722
54743
54745
54756
54776
54780
54784
54784
54786
54790
54806
54809
54847
54853
54874
54882
54886
54889
54889
54905
54916
54920
54928
54932
54935
54946
54948
54953
54955
54978
54979
54982
54990
54994
54994
55036
55040
55042
55050
55055
55057
55059
55067
55111
55114
55121
55152
55155
55157
55158
55161
55167
55175
55191
55192
55203
55205
55208
55211
55218
55223
55273
55280
55280
55292
55299
55306
55306
55311
55315
55325
55327
55353
55362
55364
55365
55380
55390
55420
55424
55428
55456
55491
55503
55504
55507
55533
55538
55540
55552
55555
55577
55585
55603
55609
55626
55655
55661
55683
55686
55705
55723
55724
55727
55740
55750
55763
55764
55794
55794
55799
55800
55800
55834
55838
55839
55850
55859
55864
55865
55869
55869
55875
55876
55883
55885
55887
55890
55905
55913
55922
55923
55928
55950
55959
55973
55978
55979
55982
55986
55993
56003
56052
56057
56067
56068
56076
56077
56078
56098
56102
56112
56122
56123
56126
56126
56135
56136
56138
56139
56149
56150
56152
56153
56160
56171
56186
56205
56206
56217
56222
56224
56224
56234
56250
56266
56278
56279
56285
56292
56297
56298
56303
56307
56310
56313
56317
56319
56323
56323
56327
56327
56345
56359
56378
56388
56409
56419
56428
56428
56440
56449
56461
56474
56483
56509
56510
56515
56532
56536
56537
56537
56541
56543
56548
56571
56581
56590
56603
56613
56624
56630
56639
56649
56662
56667
56681
56687
56689
56698
56699
56723
56725
56736
56751
56753
56760
56764
56775
56784
56809
56822
56828
56828
56831
56839
56841
56844
56845
56846
56855
56862
56882
56884
56888
56888
56890
56890
56894
56898
56899
56908
56925
56944
56954
56956
56965
56971
56987
56991
56993
56996
57000
57001
57010
57018
57023
57027
57032
57036
57044
57048
57049
57056
57068
57068
57070
57071
57079
57082
57091
57095
57109
57114
57127
57130
57131
57136
57137
57155
57158
57179
57190
57219
57230
57240
57241
57253
57259
57269
57272
57282
57288
57290
57292
57300
57323
57344
57371
57407
57413
57417
57417
57422
57428
57429
57438
57448
57449
57468
57468
57480
57487
57489
57494
57496
57536
57557
57565
57569
57572
57572
57577
57601
57611
57614
57632
57634
57636
57655
57669
57672
57682
57685
57693
57693
57695
57697
57703
57703
57709
57714
57717
57721
57722
57728
57735
57752
57758
57765
57782
57786
57804
57811
57817
57826
57841
57854
57860
57870
57883
57884
57887
57888
57892
57908
57920
57921
57927
57936
57938
57939
57944
57945
57948
57952
57953
57955
57959
57963
57984
57984
57994
57995
58000
58007
58008
58028
58044
58052
58059
58068
58081
58090
58099
58106
58110
58116
58120
58134
58139
58171
58172
58176
58184
58184
58187
58205
58250
58258
58267
58269
58269
58272
58282
58283
58294
58321
58331
58337
58382
58386
58389
58408
58426
58430
58441
58443
58443
58449
58462
58466
58471
58474
58476
58478
58482
58491
58501
58508
58509
58525
58529
58546
58547
58547
58556
58574
58590
58593
58595
58619
58619
58632
58634
58648
58658
58668
58673
58675
58676
58687
58717
58717
58745
58783
58789
58794
58812
58813
58819
58820
58831
58854
58861
58862
58871
58874
58886
58891
58905
58918
58931
58934
58937
58947
58951
58958
58980
58986
58987
59004
59014
59032
59040
59098
59131
59152
59155
59158
59169
59176
59180
59190
59193
59202
59213
59220
59227
59228
59246
59259
59272
59292
59294
59313
59320
59326
59330
59336
59341
59343
59359
59368
59370
59376
59388
59389
59405
59405
59406
59413
59420
59420
59426
59500
59549
59552
59560
59615
59622
59629
59643
59645
59655
59679
59686
59696
59701
59733
59737
59741
59750
59765
59768
59774
59776
59787
59830
59866
59897
59931
59945
59946
59966
59970
59973
59981
59985
60008
60011
60014
60021
60023
60035
60035
60037
60040
60070
60075
60084
60102
60104
60107
60107
60110
60133
60134
60135
60149
60158
60187
60195
60211
60217
60228
60236
60239
60242
60244
60250
60258
60259
60262
60265
60272
60273
60284
60291
60311
60313
60313
60319
60320
60332
60345
60346
60350
60368
60371
60374
60399
60404
60407
60423
60450
60453
60455
60470
60475
60491
60511
60516
60546
60553
60556
60558
60562
60568
60597
60644
60645
60659
60664
60688
60697
60728
60730
60732
60737
60789
60807
60808
60823
60823
60829
60846
60847
60848
60852
60866
60881
60883
60885
60900
60907
60907
60930
60933
60939
60970
60970
60981
60992
61022
61026
61026
61032
61034
61092
61095
61095
61105
61114
61121
61129
61138
61143
61148
61151
61151
61158
61169
61173
61176
61178
61183
61196
61202
61220
61229
61255
61268
61280
61290
61299
61301
61302
61332
61337
61344
61344
61365
61374
61377
61385
61393
61431
61433
61436
61441
61459
61464
61468
61483
61510
61512
61515
61515
61518
61518
61522
61530
61532
61538
61543
61545
61546
61546
61547
61576
61581
61585
61602
61609
61626
61629
61629
61630
61632
61649
61654
61658
61668
61675
61685
61693
61716
61719
61758
61775
61782
61784
61796
61801
61803
61805
61806
61825
61825
61827
61831
61847
61849
61857
61861
61876
61887
61893
61900
61907
61915
61923
61932
61939
61946
61948
61948
61950
61961
61961
61978
61981
61984
61993
61999
62003
62010
62039
62046
62060
62069
62087
62099
62109
62115
62119
62119
62123
62134
62161
62172
62190
62201
62207
62212
62222
62231
62233
62234
62237
62239
62271
62283
62295
62299
62314
62314
62315
62321
62335
62338
62340
62344
62350
62353
62382
62399
62401
62404
62416
62420
62423
62441
62444
62468
62477
62482
62493
62501
62515
62532
62537
62551
62551
62554
62570
62583
62584
62584
62591
62594
62595
62597
62602
62606
62614
62632
62639
62648
62653
62674
62681
62685
62690
62702
62705
62731
62731
62741
62761
62762
62769
62776
62789
62793
62802
62805
62813
62814
62816
62828
62839
62851
62866
62867
62871
62876
62887
62889
62898
62901
62920
62921
62952
62981
62985
62985
62985
62995
63016
63017
63023
63023
63026
63059
63064
63068
63072
63074
63083
63093
63101
63110
63122
63130
63137
63137
63143
63150
63154
63159
63163
63165
63210
63210
63215
63216
63241
63251
63254
63256
63262
63271
63280
63282
63289
63291
63303
63310
63318
63365
63366
63366
63376
63380
63385
63385
63392
63405
63410
63414
63442
63445
63447
63480
63486
63489
63505
63510
63527
63536
63568
63577
63585
63605
63607
63614
63620
63626
63627
63633
63642
63643
63671
63672
63673
63682
63687
63687
63704
63727
63742
63746
63749
63782
63791
63801
63806
63832
63834
63834
63839
63878
63892
63892
63905
63924
63934
63940
63944
63944
63983
63996
64005
64036
64045
64046
64055
64059
64065
64097
64106
64133
64134
64171
64172
64193
64206
64236
64241
64246
64247
64255
64260
64261
64274
64283
64308
64309
64310
64314
64319
64320
64338
64352
64363
64391
64397
64400
64405
64433
64438
64448
64454
64458
64479
64485
64487
64510
64512
64514
64520
64521
64526
64531
64548
64557
64566
64571
64572
64581
64598
64638
64639
64649
64656
64672
64673
64680
64697
64732
64737
64746
64747
64760
64772
64777
64786
64807
64809
64816
64832
64861
64866
64868
64873
64884
64893
64902
64913
64922
64925
64935
64937
64940
64942
64953
64954
64965
64981
64993
65003
65024
65025
65030
65050
65058
65059
65094
65099
65101
65104
65110
65125
65128
65171
65172
65177
65179
65181
65195
65214
65244
65256
65258
65259
65262
65269
65271
65276
65277
65278
65278
65285
65293
65295
65305
65305
65318
65319
65329
65338
65347
65354
65356
65369
65370
65386
65394
65394
65408
65415
65417
65422
65425
65436
65446
65455
65456
65462
65467
65481
65483
65496
65519
65520
65522
65523
65534
65548
65561
65568
65575
65583
65584
65606
65609
65611
65623
65633
65662
65669
65679
65689
65705
65709
65715
65730
65749
65752
65754
65758
65769
65771
65779
65789
65792
65808
65813
65831
65837
65850
65855
65857
65881
65892
65917
65923
65930
65934
65949
65969
65990
65992
65996
66013
66038
66057
66064
66100
66105
66116
66116
66120
66121
66128
66128
66129
66134
66161
66187
66194
66201
66202
66209
66217
66223
66253
66253
66256
66263
66272
66274
66324
66326
66328
66331
66346
66351
66361
66365
66371
66379
66403
66405
66406
66413
66435
66438
66442
66467
66480
66496
66509
66524
66529
66535
66543
66547
66551
66558
66568
66571
66572
66583
66589
66596
66600
66603
66609
66611
66611
66613
66614
66638
66662
66673
66675
66676
66722
66723
66730
66734
66734
66738
66751
66766
66778
66779
66806
66842
66843
66849
66856
66864
66866
66886
66886
66899
66901
66919
66929
66945
66951
66953
66960
66960
66971
66976
66999
67001
67017
67020
67032
67037
67090
67120
67141
67145
67174
67178
67180
67207
67216
67228
67232
67234
67244
67251
67254
67261
67262
67276
67298
67303
67307
67309
67316
67340
67348
67352
67357
67364
67370
67395
67424
67437
67440
67468
67470
67492
67501
67518
67519
67549
67554
67556
67566
67583
67604
67622
67647
67669
67673
67702
67712
67712
67732
67751
67763
67770
67784
67790
67793
67805
67836
67845
67853
67865
67866
67887
67894
67905
67920
67933
67944
67945
67959
67959
67968
67976
67980
67982
68000
68023
68025
68034
68050
68052
68075
68075
68079
68080
68087
68102
68132
68134
68136
68137
68178
68179
68181
68228
68269
68284
68298
68310
68310
68314
68329
68336
68345
68345
68346
68349
68367
68374
68387
68416
68428
68432
68433
68438
68442
68443
68445
68453
68454
68467
68473
68490
68491
68514
68524
68525
68529
68530
68535
68542
68549
68554
68557
68558
68571
68576
68581
68584
68596
68604
68606
68617
68653
68656
68668
68669
68690
68691
68695
68701
68702
68709
68719
68719
68723
68724
68735
68740
68749
68773
68781
68793
68819
68826
68833
68841
68844
68850
68855
68869
68872
68878
68883
68883
68904
68915
68946
68948
68950
68956
68958
68960
68964
68990
69014
69019
69022
69025
69033
69051
69058
69059
69061
69062
69063
69069
69079
69080
69104
69109
69115
69115
69117
69130
69142
69144
69146
69149
69152
69152
69164
69166
69175
69190
69192
69193
69213
69218
69226
69245
69246
69282
69284
69291
69313
69318
69337
69357
69358
69370
69383
69390
69393
69395
69396
69403
69405
69408
69413
69420
69427
69441
69443
69467
69473
69474
69477
69485
69492
69493
69506
69508
69514
69529
69535
69538
69542
69546
69555
69562
69567
69584
69603
69623
69625
69632
69632
69632
69633
69635
69637
69642
69646
69654
69684
69689
69693
69694
69698
69704
69715
69730
69740
