12
24
70
75
78
83
155
232
266
271
310
334
440
470
511
520
549
566
579
584
633
648
674
676
706
709
713
716
719
741
760
767
773
777
790
875
936
989
989
1059
1078
1086
1088
1151
1164
1192
1255
1259
1321
1353
1365
1371
1467
1470
1480
1488
1571
1668
1690
1692
1713
1733
1821
1821
1841
1898
1904
2005
2030
2066
2070
2087
2109
2144
2244
2253
2306
2359
2367
2390
2460
2569
2623
2702
2712
2785
2813
2814
2930
2953
2990
3007
3028
3033
3048
3083
3095
3104
3114
3239
3287
3364
3510
3555
3557
3585
3660
3694
3726
3726
3744
3748
3752
3752
3756
3781
3790
3854
3863
3886
3892
3932
3960
4016
4022
4081
4089
4099
4115
4131
4165
4178
4178
4179
4239
4293
4295
4349
4400
4411
4468
4468
4502
4515
4638
4671
4789
4800
4872
4885
4896
4918
4960
4963
4969
4987
5029
5043
5060
5063
5074
5126
5131
5150
5172
5254
5302
5351
5381
5381
5486
5501
5545
5553
5556
5557
5567
5568
5612
5640
5725
5729
5745
5748
5764
5805
5814
5856
5869
5925
5962
5973
6093
6230
6258
6258
6286
6326
6331
6334
6370
6403
6420
6463
6482
6511
6516
6523
6540
6551
6567
6606
6751
6759
6772
6777
6795
6804
6838
6889
6929
6929
7001
7085
7109
7117
7125
7127
7203
7208
7217
7237
7285
7287
7327
7358
7451
7451
7462
7475
7480
7556
7560
7560
7565
7620
7634
7667
7685
7718
7725
7742
7745
7845
7864
7899
7929
7951
7967
7975
7987
8000
8055
8107
8134
8222
8389
8441
8448
8489
8588
8782
8793
8801
8810
8825
8845
8854
8855
8917
8921
8935
8966
8970
9014
9024
9120
9137
9147
9191
9195
9200
9238
9244
9246
9255
9283
9296
9339
9365
9408
9447
9466
9493
9528
9538
9546
9582
9609
9623
9623
9629
9679
9717
9754
9808
9903
9930
9960
9961
9966
9969
9988
10036
10053
10062
10076
10096
10191
10193
10228
10284
10379
10456
10462
10528
10528
10536
10549
10677
10682
10684
10737
10800
10811
10812
10904
10940
10972
11002
11004
11037
11061
11100
11106
11158
11210
11219
11224
11241
11249
11279
11288
11306
11335
11446
11557
11589
11648
11669
11691
11698
11721
11741
11776
11815
11830
11875
11902
11928
11930
11934
11945
11946
11955
11987
11998
12009
12039
12062
12172
12179
12222
12249
12249
12300
12307
12339
12365
12395
12473
12536
12538
12589
12666
12685
12707
12710
12853
12902
12936
12975
12994
12998
13000
13017
13062
13113
13121
13150
13179
13257
13260
13265
13270
13296
13312
13347
13367
13372
13424
13464
13482
13489
13492
13506
13526
13588
13619
13619
13627
13648
13670
13689
13698
13710
13713
13744
13966
13978
14001
14099
14099
14173
14217
14221
14227
14240
14263
14272
14322
14347
14403
14417
14490
14527
14557
14587
14602
14645
14679
14704
14748
14834
14876
14915
14968
15001
15006
15023
15144
15185
15335
15436
15446
15448
15468
15490
15493
15549
15644
15678
15709
15795
15806
15916
15931
15975
16041
16068
16103
16104
16111
16178
16203
16280
16307
16311
16327
16340
16348
16407
16434
16459
16498
16519
16530
16540
16561
16635
16786
16827
16864
16920
16982
16988
16996
17027
17054
17057
17061
17099
17136
17199
17251
17316
17421
17461
17584
17650
17697
17738
17817
17825
17826
17844
17898
17916
17923
17952
17974
17987
17990
18003
18065
18073
18087
18109
18111
18118
18125
18135
18221
18226
18250
18266
18293
18331
18339
18413
18416
18504
18512
18528
18603
18625
18698
18709
18747
18796
18815
18838
18869
18934
18937
18971
18971
18992
19002
19045
19048
19053
19067
19100
19127
19151
19196
19226
19270
19314
19325
19328
19342
19372
19381
19436
19443
19500
19540
19564
19570
19597
19597
19624
19677
19789
19926
20002
20025
20031
20064
20072
20097
20100
20101
20130
20148
20171
20183
20187
20246
20279
20291
20367
20385
20433
20501
20573
20618
20661
20684
20724
20725
20752
20843
20895
20933
20935
20954
20976
21042
21042
21045
21085
21087
21091
21122
21190
21205
21247
21271
21296
21301
21314
21323
21333
21447
21450
21497
21525
21595
21672
21760
21849
21877
21913
21951
22049
22055
22067
22069
22089
22096
22104
22112
22154
22166
22188
22190
22206
22284
22306
22330
22438
22562
22667
22670
22674
22682
22708
22720
22742
22745
22753
22782
22794
22802
22813
22913
22931
22981
23017
23019
23024
23054
23058
23069
23094
23127
23142
23156
23181
23218
23316
23321
23336
23354
23371
23436
23437
23471
23493
23524
23631
23644
23717
23817
23818
23857
23934
23948
23975
23983
23993
24030
24036
24088
24095
24096
24105
24164
24187
24249
24293
24436
24489
24494
24546
24559
24571
24590
24615
24651
24658
24670
24680
24695
24727
24753
24756
24788
24806
24863
24879
24970
25132
25144
25183
25204
25217
25277
25280
25300
25301
25341
25347
25350
25352
25357
25417
25480
25486
25497
25528
25543
25547
25599
25608
25685
25685
25697
25707
25732
25756
25779
25866
25874
25880
25889
25977
26008
26060
26080
26212
26221
26231
26286
26304
26377
26383
26405
26409
26415
26438
26471
26694
26741
26766
26768
26774
26817
26819
26862
26864
26913
26946
26969
27018
27062
27113
27173
27186
27263
27267
27361
27384
27411
27427
27430
27452
27472
27530
27534
27550
27572
27612
27613
27628
27631
27670
27691
27725
27770
27776
27856
27871
27874
27907
27931
27937
27940
27948
27968
27972
27979
27991
27993
28127
28148
28210
28228
28240
28252
28355
28373
28407
28442
28444
28452
28472
28489
28664
28670
28671
28676
28723
28766
28831
28846
28852
28876
28898
28906
28980
28986
29118
29156
29162
29190
29198
29221
29249
29249
29253
29255
29265
29305
29346
29470
29474
29499
29500
29519
29527
29562
29568
29612
29648
29654
29655
29682
29701
29709
29736
29821
29848
29876
29895
29907
29992
30011
30087
30092
30099
30108
30155
30179
30183
30195
30205
30225
30270
30300
30310
30316
30361
30381
30391
30429
30437
30463
30526
30529
30545
30759
30780
30786
30818
30820
30826
30848
30850
30919
31038
31073
31095
31121
31136
31136
31224
31239
31240
31339
31359
31361
31376
31400
31414
31573
31579
31598
31634
31721
31731
31734
31787
31796
31920
31961
32006
32018
32025
32032
32076
32087
32094
32102
32135
32145
32191
32201
32210
32248
32258
32258
32261
32261
32277
32279
32345
32360
32437
32487
32493
32502
32571
32604
32720
32825
32827
32841
32845
32862
32866
32878
32879
32881
32957
32964
32981
33027
33108
33159
33159
33226
33253
33275
33282
33286
33320
33334
33343
33348
33359
33382
33458
33584
33610
33618
33662
33677
33713
33721
33795
33804
33920
33930
33947
33950
33956
33974
33989
33996
34030
34116
34133
34157
34159
34174
34203
34255
34286
34288
34298
34313
34436
34479
34498
34499
34518
34523
34549
34575
34619
34658
34679
34698
34703
34744
34788
34833
34889
34891
34903
34909
34924
34954
35077
35161
35209
35240
35241
35253
35313
35389
35429
35463
35477
35494
35557
35578
35645
35664
35664
35667
35709
35719
35758
35761
35789
35789
35811
35814
35819
35835
35844
35904
35910
35971
35989
36030
36047
36084
36123
36130
36147
36153
36183
36314
36333
36404
36405
36410
36508
36594
36600
36677
36699
36715
36729
36851
36860
36863
36867
36886
36897
36906
36918
36948
37000
37057
37183
37184
37301
37324
37352
37375
37386
37436
37530
37560
37587
37701
37797
37802
37847
37887
37923
37945
37962
37987
38081
38086
38099
38216
38232
38252
38275
38285
38292
38295
38298
38332
38347
38348
38418
38435
38438
38559
38614
38625
38737
38802
38830
38970
39000
39052
39070
39075
39143
39249
39324
39339
39346
39387
39388
39389
39454
39456
39513
39523
39529
39532
39599
39601
39618
39654
39712
39738
39781
39843
39965
39983
40009
40036
40054
40070
40338
40377
40410
40417
40434
40456
40458
40478
40494
40525
40561
40598
40603
40633
40673
40738
40763
40842
40883
40895
40916
40927
40995
41061
41078
41159
41202
41249
41323
41362
41387
41412
41443
41485
41502
41529
41533
41546
41577
41603
41611
41635
41746
41753
41894
41897
41953
41954
42030
42033
42039
42081
42094
42103
42115
42121
42140
42155
42189
42227
42262
42308
42331
42393
42413
42435
42549
42551
42673
42744
42764
42777
42865
42870
42971
43020
43021
43080
43148
43233
43267
43379
43392
43468
43507
43507
43528
43582
43595
43625
43626
43680
43689
43691
43799
43811
43815
43816
43816
43834
43846
43960
43969
43981
43995
44069
44097
44118
44126
44128
44164
44208
44245
44250
44304
44415
44421
44457
44457
44486
44490
44494
44500
44517
44534
44594
44611
44629
44699
44749
44754
44784
44852
44889
44899
44927
44932
45037
45039
45049
45051
45059
45066
45096
45138
45170
45227
45273
45275
45295
45303
45358
45404
45428
45443
45453
45477
45532
45544
45561
45604
45621
45634
45636
45657
45724
45765
45815
45854
45881
45909
45964
45989
46016
46100
46102
46140
46145
46194
46263
46265
46265
46344
46352
46364
46396
46403
46416
46425
46479
46522
46530
46585
46637
46649
46689
46713
46780
46835
46898
46972
46985
47016
47027
47093
47101
47107
47148
47151
47161
47180
47180
47199
47241
47243
47285
47324
47351
47409
47412
47422
47477
47543
47556
47568
47571
47583
47667
47675
47745
47752
47756
47769
47830
47831
47831
47883
47894
47905
47936
47989
48006
48053
48087
48172
48195
48211
48283
48293
48469
48482
48503
48517
48529
48534
48562
48586
48588
48652
48717
48728
48762
48775
48783
48785
48790
48886
48927
48999
49037
49061
49068
49097
49118
49120
49123
49154
49170
49215
49236
49267
49284
49326
49393
49406
49411
49445
49473
49487
49488
49491
49570
49571
49620
49637
49642
49663
49667
49677
49697
49703
49729
49785
49800
49811
49840
49888
49894
49900
49906
49918
50020
50074
50181
50234
50252
50259
50385
50390
50424
50434
50461
50466
50467
50475
50499
50528
50543
50573
50607
50732
50826
50843
50868
50874
50877
50981
51001
51008
51010
51027
51056
51063
51094
51103
51133
51149
51178
51189
51241
51253
51288
51297
51300
51354
51367
51371
51405
51468
51478
51512
51540
51609
51612
51637
51655
51664
51684
51707
51754
51771
51790
51856
51883
51986
52042
52068
52071
52120
52209
52213
52328
52338
52346
52404
52426
52533
52592
52669
52681
52742
52778
52804
52842
52921
52936
52963
52995
53008
53013
53061
53114
53120
53181
53216
53266
53349
53384
53468
53542
53619
53666
53672
53721
53732
53738
53760
53762
53788
53858
53872
53962
53968
53968
54014
54082
54191
54258
54298
54325
54339
54355
54451
54498
54509
54541
54562
54630
54649
54676
54698
54707
54714
54722
54778
54833
54838
54845
54857
54874
54883
54891
54952
54974
54978
55010
55011
55039
55043
55047
55083
55093
55112
55278
55325
55326
55350
55361
55381
55399
55401
55431
55438
55444
55462
55528
55539
55591
55665
55684
55718
55756
55839
55857
55908
55938
55980
55983
55997
56009
56030
56054
56081
56098
56122
56135
56163
56352
56406
56410
56442
56487
56497
56586
56595
56679
56723
56761
56765
56774
56777
56815
56880
56957
56958
57039
57110
57118
57126
57133
57145
57149
57153
57255
57260
57262
57275
57279
57325
57371
57382
57417
57453
57459
57531
57571
57626
57631
57753
57780
57785
57801
57850
57879
57879
57886
57927
57930
57933
58030
58036
58107
58141
58203
58209
58252
58294
58329
58345
58484
58489
58492
58493
58532
58539
58544
58618
58626
58672
58678
58692
58767
58771
58788
58845
58868
58870
58871
58888
58941
58968
58977
58978
59052
59058
59065
59167
59189
59205
59223
59243
59245
59274
59332
59377
59392
59444
59454
59487
59570
59585
59592
59632
59657
59665
59676
59692
59695
59839
59864
59904
59917
59920
59933
60017
60048
60065
60087
60089
60145
60150
60174
60207
60280
60371
60489
60489
60611
60638
60642
60673
60710
60718
60730
60744
60763
60764
60786
60893
60923
60930
60944
60985
61083
61089
61097
61107
61179
61204
61265
61283
61286
61331
61352
61370
61458
61482
61482
61485
61502
61503
61506
61523
61528
61556
61592
61616
61660
61664
61790
61814
61827
61918
61953
61961
61986
61992
62000
62020
62125
62203
62282
62442
62443
62479
62536
62550
62563
62563
62564
62565
62566
62574
62631
62800
62833
62986
62990
62992
63044
63049
63141
63184
63188
63212
63257
63336
63340
63470
63499
63502
63502
63525
63545
63620
63635
63686
63699
63748
63756
63763
63806
63820
63833
63834
63928
63960
64017
64021
64097
64120
64273
64302
64314
64390
64532
64572
64596
64634
64635
64646
64663
64709
64738
64803
64811
64835
64865
64909
64917
64947
64959
64971
64984
64985
64986
65055
65098
65131
65208
65212
65259
65289
65292
65305
65360
65402
65422
65441
65508
65509
65532
65571
65590
65622
65673
65729
65748
65812
65843
65960
65984
66112
66134
66152
66174
66349
66352
66360
66402
66418
66429
66446
66446
66464
66494
66537
66541
66665
66689
66782
66830
66855
66878
66902
67011
67012
67033
67105
67144
67174
67196
67208
67217
67259
67406
67409
67410
67426
67443
67455
67459
67469
67485
67493
67508
67524
67529
67663
67671
67741
67781
67789
67798
67835
67860
67893
67897
67900
67902
67915
67922
67989
68024
68059
68086
68088
68171
68247
68256
68339
68394
68404
68422
68527
68608
68620
68672
68740
68752
68807
68840
68878
68907
68909
68961
68996
69030
69043
69049
69128
69169
69174
69245
69245
69254
69269
69270
69392
69409
69533
69538
69567
69574
69583
69608
69635
69682
69687
69690
