6
21
22
23
32
46
54
66
68
90
91
101
210
239
246
247
265
270
307
334
344
345
347
348
363
459
464
467
484
511
516
524
535
575
577
579
590
610
623
642
650
662
670
682
682
696
710
716
725
735
820
822
848
850
855
860
869
870
871
880
891
901
913
925
931
1012
1016
1023
1025
1063
1065
1066
1081
1097
1120
1133
1161
1165
1239
1255
1311
1317
1339
1362
1369
1374
1398
1403
1406
1415
1425
1450
1476
1522
1537
1548
1570
1586
1609
1640
1686
1712
1724
1729
1773
1780
1790
1828
1841
1871
1884
1914
1927
1950
1963
1968
1970
2028
2048
2055
2077
2115
2116
2119
2130
2148
2157
2171
2188
2192
2202
2215
2227
2229
2246
2256
2261
2271
2292
2296
2304
2310
2313
2317
2319
2335
2340
2362
2366
2368
2371
2372
2372
2386
2388
2413
2465
2468
2474
2501
2531
2532
2535
2535
2549
2551
2554
2628
2638
2654
2660
2661
2674
2714
2714
2720
2728
2730
2752
2761
2763
2779
2796
2798
2833
2845
2857
2858
2886
2903
2908
2925
2954
2976
2998
3001
3003
3009
3011
3076
3087
3126
3159
3160
3166
3186
3192
3196
3248
3266
3321
3328
3331
3365
3370
3373
3382
3401
3404
3407
3407
3410
3415
3417
3417
3434
3451
3507
3509
3517
3523
3524
3539
3558
3564
3591
3639
3673
3723
3731
3779
3784
3811
3837
3837
3846
3852
3852
3856
3871
3876
3883
3894
3944
3946
3951
3953
4039
4063
4075
4077
4080
4111
4149
4166
4166
4166
4178
4212
4236
4240
4255
4266
4310
4351
4369
4371
4375
4429
4446
4481
4499
4513
4518
4525
4545
4553
4553
4553
4569
4575
4593
4650
4650
4660
4661
4662
4677
4682
4702
4704
4707
4710
4725
4775
4778
4811
4813
4816
4840
4849
4850
4883
4955
4971
5023
5028
5045
5067
5093
5196
5219
5225
5237
5256
5315
5319
5325
5325
5331
5351
5353
5356
5359
5360
5365
5382
5395
5396
5397
5408
5416
5422
5446
5465
5482
5484
5485
5494
5517
5520
5580
5587
5612
5635
5635
5696
5702
5736
5737
5799
5823
5833
5842
5853
5863
5874
5880
5915
5946
5947
5954
5993
5997
5997
6010
6066
6093
6099
6105
6124
6132
6134
6137
6149
6173
6208
6233
6266
6267
6271
6283
6288
6296
6302
6311
6320
6326
6341
6349
6359
6361
6368
6375
6379
6387
6394
6402
6424
6463
6468
6472
6475
6487
6509
6517
6520
6535
6546
6546
6556
6560
6560
6575
6577
6589
6592
6604
6620
6636
6636
6650
6681
6707
6721
6731
6734
6743
6766
6786
6807
6823
6832
6877
6895
6904
6939
6942
6955
7008
7010
7046
7053
7071
7082
7170
7173
7174
7177
7199
7213
7248
7256
7283
7305
7322
7323
7356
7369
7391
7439
7451
7452
7461
7463
7511
7515
7517
7525
7599
7619
7641
7659
7667
7693
7712
7753
7765
7770
7778
7786
7801
7803
7808
7815
7880
7913
7932
7955
7959
7981
7982
7982
7988
8017
8026
8031
8063
8121
8143
8199
8236
8248
8293
8310
8316
8350
8359
8365
8370
8421
8439
8451
8455
8462
8465
8466
8477
8499
8512
8514
8518
8518
8518
8538
8546
8559
8566
8580
8610
8615
8623
8648
8658
8680
8703
8707
8710
8726
8752
8776
8820
8859
8879
8894
8898
8903
8904
8906
8910
8933
8935
8949
8975
9045
9046
9055
9088
9103
9105
9124
9141
9166
9191
9247
9257
9280
9284
9291
9296
9355
9377
9383
9389
9406
9412
9434
9447
9457
9471
9477
9482
9500
9504
9505
9521
9525
9530
9539
9578
9582
9589
9593
9593
9600
9632
9643
9646
9655
9678
9691
9701
9713
9754
9763
9781
9821
9839
9857
9889
9909
9913
9919
9931
9934
9971
9974
9979
9994
10005
10023
10068
10089
10094
10110
10114
10130
10148
10160
10174
10189
10192
10195
10218
10230
10294
10316
10324
10329
10330
10335
10337
10390
10391
10393
10395
10433
10501
10508
10513
10515
10525
10529
10536
10591
10600
10608
10627
10633
10636
10718
10752
10769
10800
10811
10820
10831
10845
10873
10880
10926
10933
10943
10956
10966
10999
11003
11003
11039
11045
11061
11064
11133
11182
11195
11204
11207
11210
11240
11282
11293
11299
11301
11309
11352
11357
11375
11376
11389
11400
11405
11436
11448
11464
11474
11475
11478
11497
11506
11518
11525
11567
11607
11616
11640
11647
11650
11664
11665
11673
11695
11726
11740
11745
11754
11764
11768
11769
11791
11821
11830
11844
11848
11854
11884
11899
11904
11939
12001
12084
12087
12105
12131
12139
12148
12156
12169
12178
12188
12218
12256
12256
12279
12285
12302
12325
12340
12365
12371
12415
12420
12421
12422
12425
12475
12502
12512
12527
12531
12532
12532
12554
12575
12578
12596
12598
12619
12631
12632
12640
12640
12642
12667
12667
12697
12716
12722
12723
12733
12747
12754
12761
12788
12789
12817
12820
12823
12825
12835
12842
12860
12884
12911
12914
12920
12924
12928
12936
12957
12966
12990
13010
13020
13046
13066
13093
13097
13113
13114
13191
13264
13265
13281
13292
13299
13370
13375
13387
13417
13431
13433
13443
13448
13486
13504
13509
13517
13530
13535
13535
13550
13566
13616
13622
13679
13703
13709
13718
13724
13745
13765
13769
13775
13779
13792
13805
13811
13818
13823
13855
13856
13895
13924
13975
13977
13982
14015
14053
14064
14159
14162
14166
14197
14216
14295
14296
14315
14336
14392
14418
14474
14492
14503
14504
14509
14517
14530
14550
14574
14575
14576
14592
14629
14650
14666
14676
14705
14740
14767
14780
14790
14803
14822
14826
14873
14875
14889
14893
14906
14971
15014
15014
15026
15041
15053
15068
15078
15118
15127
15127
15135
15137
15150
15177
15179
15210
15212
15229
15253
15261
15266
15279
15290
15297
15302
15308
15312
15388
15389
15395
15397
15401
15402
15423
15448
15449
15478
15479
15482
15548
15566
15573
15594
15612
15627
15658
15661
15668
15677
15687
15687
15701
15702
15756
15758
15768
15804
15855
15883
15907
15912
15927
15929
15949
15950
15952
15961
15970
15994
16007
16008
16024
16024
16028
16038
16084
16092
16111
16127
16212
16220
16223
16226
16243
16253
16258
16259
16293
16336
16346
16350
16353
16364
16382
16396
16403
16451
16476
16477
16479
16514
16528
16560
16564
16609
16613
16665
16708
16757
16763
16772
16789
16810
16814
16823
16835
16864
16901
16912
16920
16964
16969
16972
16984
16996
17012
17012
17036
17049
17052
17057
17095
17104
17143
17158
17166
17167
17170
17171
17193
17196
17203
17234
17246
17280
17282
17284
17295
17299
17323
17333
17361
17373
17376
17398
17410
17422
17446
17455
17473
17477
17549
17552
17552
17564
17569
17598
17619
17681
17686
17687
17695
17711
17741
17779
17794
17801
17832
17843
17851
17866
17886
17895
17900
17906
17934
17955
17962
17966
17985
18004
18028
18072
18092
18096
18108
18136
18139
18146
18175
18243
18245
18284
18330
18337
18382
18403
18420
18495
18499
18500
18503
18508
18511
18514
18552
18555
18576
18651
18666
18668
18691
18698
18727
18758
18758
18768
18789
18795
18799
18819
18828
18871
18894
18894
18906
18907
18910
18924
18940
18977
18991
19018
19043
19064
19073
19081
19097
19152
19153
19166
19174
19178
19182
19225
19242
19306
19307
19345
19378
19383
19400
19419
19420
19423
19425
19463
19478
19509
19515
19530
19540
19541
19563
19568
19571
19611
19719
19723
19729
19788
19806
19822
19852
19856
19872
19895
19918
19926
19980
20049
20060
20061
20070
20099
20123
20124
20125
20128
20132
20137
20141
20142
20194
20207
20219
20222
20284
20301
20314
20338
20359
20401
20416
20419
20461
20467
20471
20482
20484
20489
20509
20512
20514
20529
20573
20592
20638
20673
20687
20688
20688
20689
20706
20757
20771
20807
20820
20823
20870
20872
20884
20903
20904
20928
20955
20973
20991
21007
21021
21046
21070
21076
21140
21145
21183
21183
21202
21223
21224
21254
21255
21278
21279
21294
21319
21359
21361
21372
21373
21407
21414
21425
21471
21474
21496
21555
21578
21601
21631
21642
21648
21676
21689
21691
21697
21699
21703
21746
21760
21763
21765
21778
21799
21819
21853
21864
21895
22014
22051
22057
22058
22087
22099
22150
22190
22196
22205
22224
22226
22228
22281
22287
22316
22330
22331
22332
22368
22379
22453
22492
22515
22563
22566
22576
22578
22584
22588
22598
22607
22608
22615
22640
22657
22669
22676
22701
22706
22709
22719
22723
22748
22749
22775
22792
22845
22846
22852
22862
22866
22871
22871
22874
22888
22902
22919
22942
22944
22959
22968
22974
22977
22986
23019
23028
23034
23053
23076
23114
23156
23219
23237
23248
23283
23293
23303
23355
23379
23387
23473
23480
23508
23515
23528
23534
23574
23578
23580
23603
23612
23637
23650
23677
23685
23698
23700
23703
23706
23757
23769
23821
23825
23830
23845
23845
23855
23895
23947
23960
23980
24007
24040
24052
24071
24087
24108
24130
24144
24147
24149
24204
24286
24299
24300
24300
24305
24309
24369
24398
24404
24478
24482
24484
24512
24525
24525
24537
24538
24548
24584
24585
24631
24646
24658
24661
24677
24695
24743
24745
24754
24756
24789
24804
24818
24864
24868
24921
24931
24946
24953
24974
24995
25002
25053
25109
25134
25150
25167
25185
25207
25236
25241
25247
25257
25276
25277
25282
25304
25316
25319
25323
25326
25353
25356
25359
25398
25440
25486
25504
25529
25546
25558
25590
25604
25616
25627
25642
25643
25666
25672
25683
25703
25705
25709
25716
25734
25736
25748
25754
25758
25783
25786
25792
25804
25831
25834
25848
25856
25884
25896
25908
25929
25946
25947
25956
25972
26023
26025
26038
26044
26103
26109
26125
26142
26146
26157
26165
26203
26213
26214
26267
26344
26360
26362
26375
26379
26384
26391
26400
26435
26436
26437
26443
26462
26477
26481
26484
26493
26531
26552
26591
26614
26637
26652
26671
26677
26688
26716
26722
26723
26745
26781
26828
26842
26861
26863
26885
26917
26918
26927
26933
26939
26940
26956
27000
27022
27032
27049
27075
27078
27084
27119
27120
27141
27152
27156
27156
27157
27166
27190
27205
27206
27206
27213
27226
27261
27286
27297
27300
27306
27314
27319
27322
27363
27387
27404
27429
27443
27454
27487
27493
27497
27509
27548
27555
27566
27584
27600
27609
27626
27637
27646
27732
27740
27744
27753
27756
27776
27781
27796
27813
27829
27846
27849
27863
27877
27894
27903
27911
27932
27936
27967
27968
27976
27985
27994
28006
28040
28056
28058
28127
28146
28180
28182
28184
28186
28192
28206
28232
28277
28280
28282
28295
28298
28305
28313
28315
28317
28332
28346
28366
28381
28384
28401
28404
28424
28429
28468
28493
28505
28507
28529
28532
28533
28555
28563
28609
28629
28638
28690
28726
28749
28789
28791
28793
28837
28846
28854
28865
28881
28882
28927
28932
28936
28947
28947
28958
28960
29031
29047
29050
29065
29070
29071
29076
29105
29142
29153
29166
29172
29174
29175
29193
29193
29208
29215
29242
29273
29278
29295
29302
29318
29324
29324
29326
29334
29345
29359
29383
29400
29428
29442
29450
29452
29459
29516
29536
29538
29542
29555
29558
29571
29574
29576
29600
29606
29617
29618
29631
29643
29653
29659
29684
29688
29708
29725
29755
29765
29787
29797
29825
29831
29839
29867
29876
29880
29899
29901
29941
29999
30004
30012
30033
30080
30109
30113
30124
30189
30193
30237
30244
30256
30331
30366
30390
30391
30397
30419
30421
30445
30459
30503
30510
30518
30534
30539
30570
30578
30580
30599
30615
30618
30664
30674
30684
30691
30694
30699
30739
30756
30798
30820
30850
30856
30862
30902
30914
30946
30951
30982
31011
31014
31051
31062
31094
31099
31101
31103
31226
31262
31280
31300
31301
31307
31348
31351
31359
31374
31374
31379
31380
31384
31395
31414
31417
31447
31461
31479
31530
31568
31582
31614
31614
31640
31658
31665
31677
31681
31686
31695
31700
31707
31712
31740
31764
31824
31834
31841
31845
31876
31897
31918
31942
31945
31964
31969
31983
31992
32020
32035
32060
32082
32085
32138
32146
32155
32162
32210
32234
32254
32292
32319
32320
32329
32380
32416
32435
32447
32477
32477
32534
32535
32543
32564
32567
32592
32615
32624
32625
32636
32636
32693
32709
32729
32763
32833
32846
32849
32859
32862
32871
32874
32883
32937
32983
33018
33042
33047
33071
33094
33126
33148
33171
33215
33218
33235
33236
33247
33248
33259
33267
33312
33319
33324
33352
33356
33389
33395
33398
33399
33477
33484
33531
33544
33569
33607
33616
33634
33648
33662
33721
33742
33752
33807
33809
33838
33852
33877
33925
33926
33928
33932
33952
33975
33976
33977
34033
34041
34046
34131
34142
34150
34154
34162
34170
34215
34225
34261
34263
34278
34286
34305
34355
34357
34393
34403
34428
34467
34467
34468
34482
34498
34510
34544
34607
34635
34636
34668
34671
34695
34696
34716
34719
34746
34752
34755
34765
34769
34833
34834
34845
34845
34878
34891
34905
34912
34962
34973
34994
35035
35037
35082
35108
35120
35142
35172
35212
35239
35252
35273
35318
35323
35325
35329
35339
35375
35392
35396
35399
35401
35419
35427
35439
35478
35479
35481
35504
35519
35572
35592
35628
35642
35644
35649
35665
35675
35688
35692
35696
35698
35700
35705
35707
35720
35752
35764
35766
35789
35804
35851
35879
35880
35889
35894
35897
35904
35949
35952
35966
35978
35987
35996
36128
36158
36175
36199
36234
36237
36262
36270
36313
36316
36382
36393
36413
36438
36439
36449
36473
36498
36507
36523
36562
36570
36573
36597
36598
36599
36639
36640
36646
36646
36655
36658
36668
36672
36674
36701
36727
36742
36767
36772
36776
36787
36810
36844
36853
36860
36868
36875
36878
36878
36879
36893
36896
36964
36964
36970
37000
37015
37016
37021
37035
37059
37072
37081
37114
37119
37125
37134
37137
37149
37161
37184
37213
37221
37295
37295
37333
37339
37378
37397
37397
37407
37418
37442
37451
37455
37456
37499
37532
37575
37592
37592
37597
37604
37626
37633
37662
37669
37679
37701
37737
37743
37750
37752
37774
37782
37792
37807
37836
37863
37869
37873
37903
37938
37951
37963
37978
37995
38000
38049
38078
38080
38083
38124
38173
38220
38221
38222
38223
38228
38233
38280
38283
38299
38345
38350
38363
38375
38392
38394
38420
38431
38433
38446
38454
38455
38494
38499
38536
38556
38563
38570
38578
38581
38592
38594
38619
38635
38660
38670
38700
38726
38738
38777
38802
38819
38828
38840
38846
38850
38856
38884
38894
38900
38906
38929
38929
38963
38971
38980
38997
38999
39031
39074
39102
39143
39144
39145
39157
39170
39191
39233
39320
39371
39403
39408
39446
39460
39463
39464
39477
39508
39560
39591
39594
39609
39644
39683
39695
39695
39711
39714
39715
39735
39762
39767
39773
39781
39825
39829
39840
39854
39862
39879
39887
39918
39926
39931
39952
39980
39997
40007
40060
40073
40080
40094
40162
40252
40253
40267
40280
40293
40323
40367
40380
40385
40389
40393
40402
40423
40439
40446
40464
40501
40527
40527
40541
40556
40558
40583
40638
40640
40646
40667
40668
40694
40716
40721
40784
40821
40839
40843
40864
40874
40875
40884
40888
40921
40924
40950
40971
40984
41000
41013
41022
41026
41045
41050
41061
41063
41082
41085
41120
41127
41211
41214
41263
41269
41274
41276
41287
41292
41379
41396
41404
41415
41422
41438
41444
41490
41506
41520
41522
41542
41571
41601
41609
41631
41658
41661
41701
41723
41728
41731
41735
41790
41797
41808
41810
41822
41824
41831
41833
41844
41853
41860
41868
41879
41886
41913
41921
41924
41940
41955
42003
42020
42061
42078
42103
42113
42143
42154
42183
42187
42232
42232
42234
42249
42261
42265
42273
42274
42293
42299
42313
42327
42332
42341
42344
42377
42390
42413
42440
42443
42458
42472
42485
42487
42495
42508
42509
42530
42551
42554
42587
42611
42625
42633
42658
42667
42673
42673
42698
42731
42742
42786
42793
42800
42803
42807
42818
42820
42820
42825
42835
42847
42848
42878
42883
42896
42899
42903
42941
42945
42948
42960
42960
42963
42964
42994
43002
43002
43007
43010
43018
43042
43047
43123
43147
43170
43175
43208
43214
43220
43225
43242
43307
43341
43342
43347
43359
43382
43432
43452
43457
43467
43497
43514
43542
43546
43597
43638
43656
43667
43669
43706
43708
43708
43725
43729
43749
43761
43773
43793
43801
43850
43853
43867
43870
43880
43890
43949
43962
43993
43998
44003
44027
44058
44101
44124
44165
44207
44212
44216
44219
44223
44251
44264
44265
44272
44301
44362
44379
44394
44400
44403
44417
44429
44436
44453
44500
44521
44564
44567
44574
44588
44591
44610
44624
44624
44632
44641
44668
44669
44689
44691
44719
44723
44725
44760
44763
44801
44823
44848
44866
44882
44896
44940
45016
45036
45041
45053
45066
45149
45155
45168
45201
45207
45211
45223
45227
45234
45264
45271
45287
45332
45333
45355
45364
45421
45421
45438
45440
45459
45508
45537
45540
45547
45578
45580
45608
45609
45609
45626
45653
45666
45694
45698
45702
45714
45740
45772
45782
45795
45803
45821
45828
45840
45843
45869
45927
45953
45965
45969
45984
46000
46003
46008
46008
46011
46030
46040
46056
46057
46088
46096
46119
46133
46139
46151
46162
46174
46196
46207
46213
46219
46233
46253
46257
46287
46308
46326
46344
46358
46360
46374
46392
46393
46421
46426
46428
46430
46446
46454
46468
46474
46478
46481
46486
46488
46493
46500
46540
46547
46549
46578
46579
46583
46599
46616
46618
46649
46664
46668
46686
46705
46722
46723
46737
46742
46742
46767
46774
46812
46821
46821
46848
46870
46932
47000
47004
47004
47006
47027
47040
47046
47074
47075
47081
47107
47110
47119
47130
47141
47162
47186
47188
47193
47198
47203
47204
47207
47210
47221
47230
47230
47260
47271
47273
47295
47299
47322
47325
47346
47353
47355
47362
47364
47411
47411
47415
47419
47436
47436
47484
47509
47562
47563
47601
47603
47632
47642
47643
47664
47673
47705
47713
47716
47724
47748
47764
47768
47774
47789
47795
47816
47820
47874
47918
47928
47937
47957
47984
47984
47989
48003
48018
48057
48070
48084
48093
48118
48126
48133
48150
48153
48154
48154
48155
48157
48178
48195
48200
48240
48309
48321
48322
48325
48328
48333
48336
48362
48378
48396
48421
48438
48490
48519
48539
48542
48543
48545
48554
48554
48557
48560
48603
48618
48623
48632
48639
48647
48665
48670
48713
48717
48723
48761
48761
48763
48769
48769
48770
48777
48812
48846
48886
48886
48892
48893
48893
48904
48904
48905
48916
48920
48944
48982
49012
49016
49046
49049
49091
49117
49138
49147
49154
49154
49186
49193
49202
49210
49220
49232
49241
49252
49253
49265
49273
49308
49327
49399
49475
49485
49501
49517
49549
49558
49571
49587
49589
49607
49612
49620
49681
49696
49703
49717
49722
49723
49737
49746
49746
49746
49749
49779
49803
49811
49818
49831
49836
49853
49855
49891
49927
49941
49989
50002
50014
50025
50091
50103
50105
50109
50113
50157
50184
50290
50311
50342
50401
50411
50422
50466
50476
50490
50523
50524
50538
50541
50555
50572
50576
50596
50620
50622
50648
50663
50677
50687
50697
50702
50710
50737
50764
50777
50787
50790
50812
50853
50855
50863
50876
50884
50888
50891
50909
50919
50933
50933
50954
50960
50979
50988
51011
51061
51089
51098
51107
51111
51136
51149
51184
51194
51207
51223
51232
51270
51282
51332
51334
51346
51347
51369
51382
51397
51399
51416
51421
51445
51450
51462
51470
51483
51566
51582
51598
51610
51616
51636
51642
51649
51660
51670
51686
51689
51690
51696
51715
51729
51761
51767
51769
51784
51797
51807
51813
51821
51829
51845
51849
51867
51881
51955
51963
51975
51980
51982
51982
51989
52005
52029
52030
52048
52069
52086
52111
52154
52187
52206
52208
52216
52231
52235
52240
52267
52273
52278
52283
52296
52310
52316
52322
52323
52364
52365
52377
52378
52390
52432
52472
52489
52499
52541
52567
52570
52570
52575
52584
52592
52604
52636
52666
52668
52694
52715
52717
52723
52780
52781
52785
52787
52808
52826
52827
52835
52842
52860
52917
52920
52921
52943
52985
52997
53001
53018
53024
53029
53040
53064
53071
53083
53088
53124
53135
53147
53160
53186
53202
53254
53257
53286
53291
53320
53338
53360
53374
53374
53387
53449
53502
53508
53510
53523
53544
53562
53566
53569
53578
53579
53592
53600
53613
53616
53618
53631
53666
53678
53687
53702
53706
53715
53733
53776
53783
53855
53875
53886
53902
53942
53959
53966
53983
53985
53985
54002
54021
54026
54119
54156
54163
54170
54177
54223
54230
54247
54289
54303
54312
54353
54357
54374
54382
54404
54427
54428
54457
54459
54467
54492
54509
54518
54528
54541
54563
54582
54586
54608
54618
54656
54674
54710
54731
54745
54784
54834
54857
54885
54887
54901
54924
54951
54963
54995
55001
55005
55030
55055
55056
55058
55063
55106
55170
55193
55207
55225
55228
55242
55276
55280
55301
55305
55333
55333
55344
55349
55356
55392
55409
55412
55427
55433
55459
55476
55477
55489
55495
55518
55525
55529
55531
55544
55545
55556
55586
55589
55595
55599
55632
55684
55696
55708
55737
55754
55773
55794
55815
55818
55819
55821
55836
55858
55869
55890
55901
55928
55945
55976
55986
55987
55988
56010
56026
56063
56064
56082
56094
56108
56156
56165
56169
56178
56205
56205
56217
56239
56255
56265
56276
56288
56337
56340
56382
56393
56417
56423
56437
56442
56453
56474
56477
56496
56510
56517
56521
56542
56545
56557
56558
56580
56606
56607
56614
56618
56679
56696
56725
56749
56767
56785
56788
56824
56873
56892
56904
56907
56945
56971
56992
57029
57058
57079
57082
57086
57130
57132
57135
57147
57156
57156
57161
57164
57175
57185
57187
57195
57201
57205
57255
57293
57300
57316
57337
57364
57432
57437
57465
57473
57473
57502
57505
57546
57580
57597
57602
57619
57624
57649
57680
57699
57714
57727
57740
57795
57807
57836
57858
57868
57928
57931
57985
58016
58024
58033
58039
58063
58086
58088
58113
58116
58117
58121
58131
58139
58140
58179
58235
58253
58262
58279
58296
58298
58302
58308
58310
58311
58342
58376
58386
58402
58416
58439
58442
58485
58497
58557
58563
58578
58641
58644
58658
58667
58689
58702
58715
58742
58742
58767
58768
58787
58790
58808
58828
58834
58857
58907
58917
58936
58946
58977
59007
59015
59024
59048
59051
59075
59099
59127
59136
59139
59142
59146
59158
59161
59183
59222
59243
59245
59248
59255
59260
59262
59262
59263
59272
59273
59313
59350
59358
59358
59403
59404
59409
59423
59440
59444
59451
59451
59463
59495
59534
59538
59552
59583
59600
59623
59626
59648
59651
59654
59661
59665
59669
59673
59699
59733
59736
59789
59794
59836
59860
59869
59881
59882
59886
59903
59905
59946
59977
59977
59988
59988
59998
60005
60011
60013
60023
60043
60054
60088
60105
60116
60120
60138
60138
60164
60206
60215
60263
60273
60352
60386
60424
60426
60466
60471
60483
60501
60533
60559
60570
60622
60630
60642
60656
60662
60735
60760
60780
60787
60812
60815
60816
60838
60839
60848
60861
60871
60873
60884
60923
60945
60951
60958
60959
60977
60987
60998
61014
61056
61057
61059
61139
61183
61184
61185
61203
61211
61218
61219
61228
61230
61258
61260
61271
61308
61318
61323
61371
61408
61420
61422
61449
61488
61497
61506
61508
61514
61520
61564
61587
61591
61592
61600
61613
61636
61645
61656
61671
61703
61711
61719
61727
61731
61738
61816
61819
61867
61875
61905
61911
61914
61916
61933
61940
61942
61944
61950
61956
61985
61992
61998
62016
62026
62036
62061
62068
62077
62081
62102
62128
62163
62180
62207
62209
62243
62263
62265
62269
62278
62291
62301
62305
62314
62324
62345
62354
62371
62421
62426
62430
62444
62456
62474
62501
62503
62508
62512
62514
62530
62537
62586
62617
62627
62631
62649
62672
62684
62685
62688
62714
62721
62725
62739
62741
62745
62751
62757
62798
62807
62835
62846
62851
62893
62921
62925
62930
62960
62965
62988
63003
63008
63015
63027
63031
63033
63038
63048
63052
63058
63058
63063
63065
63110
63210
63217
63232
63276
63300
63317
63317
63323
63345
63370
63381
63382
63415
63431
63481
63489
63516
63550
63566
63567
63582
63593
63600
63603
63619
63635
63643
63655
63674
63682
63705
63712
63739
63743
63759
63780
63786
63804
63831
63840
63845
63847
63945
63975
64003
64012
64015
64027
64027
64043
64092
64097
64156
64171
64188
64228
64229
64275
64343
64378
64382
64392
64415
64443
64448
64483
64489
64510
64513
64518
64530
64547
64569
64572
64615
64624
64632
64636
64658
64671
64675
64677
64678
64685
64752
64759
64783
64794
64795
64808
64810
64810
64812
64821
64850
64855
64903
64926
64927
64933
64936
64942
64952
64957
65005
65007
65036
65056
65059
65099
65173
65224
65273
65288
65305
65313
65335
65353
65369
65370
65374
65377
65409
65416
65429
65452
65452
65462
65470
65475
65491
65522
65524
65527
65528
65625
65637
65642
65654
65667
65670
65680
65692
65697
65698
65726
65757
65758
65758
65768
65792
65801
65813
65813
65825
65826
65830
65840
65847
65847
65847
65852
65891
65907
65920
65935
65944
65944
66012
66013
66016
66075
66082
66130
66173
66178
66191
66192
66218
66298
66301
66307
66327
66327
66333
66344
66347
66363
66380
66383
66392
66393
66402
66410
66413
66418
66451
66459
66472
66498
66544
66557
66586
66590
66591
66647
66735
66752
66759
66762
66770
66780
66787
66804
66819
66820
66852
66865
66870
66890
66898
66910
66927
66929
66940
66960
66990
67033
67086
67120
67126
67143
67159
67167
67168
67170
67182
67199
67213
67224
67256
67265
67278
67281
67281
67282
67403
67447
67448
67452
67567
67573
67589
67596
67606
67645
67654
67660
67670
67671
67681
67701
67743
67779
67781
67812
67823
67848
67855
67889
67890
67941
67945
67946
67951
67966
67971
67980
67989
68002
68030
68055
68067
68070
68079
68096
68112
68120
68127
68128
68138
68149
68161
68163
68188
68211
68217
68223
68248
68256
68259
68274
68277
68298
68325
68364
68372
68391
68395
68429
68437
68453
68454
68472
68488
68510
68523
68533
68545
68556
68588
68590
68627
68633
68649
68650
68683
68739
68748
68781
68786
68801
68807
68812
68873
68958
69011
69019
69038
69047
69057
69072
69074
69078
69095
69099
69113
69113
69122
69125
69168
69190
69206
69251
69257
69261
69271
69273
69275
69277
69345
69363
69397
69402
69409
69414
69414
69435
69443
69465
69481
69541
69556
69573
69586
69603
69618
69627
69698
69699
69708
69720
69736
69743
