11
64
85
99
100
101
108
125
129
154
164
165
169
175
215
225
241
266
308
347
347
367
378
381
418
447
488
491
521
565
568
632
642
670
703
784
788
813
858
919
924
942
970
989
999
1015
1042
1045
1109
1236
1274
1293
1301
1343
1384
1461
1475
1499
1507
1641
1686
1692
1748
1750
1798
1814
1826
1845
1918
2010
2097
2106
2132
2144
2165
2171
2191
2210
2213
2244
2247
2342
2429
2449
2485
2525
2550
2554
2569
2569
2578
2658
2669
2692
2718
2744
2768
2793
2794
2809
2887
2896
2901
2912
2992
3002
3059
3072
3077
3106
3107
3135
3138
3142
3166
3178
3206
3274
3321
3353
3366
3385
3432
3466
3530
3571
3584
3665
3677
3721
3733
3785
3844
3847
3873
3891
3898
3936
3951
3963
3985
4022
4059
4073
4166
4207
4215
4260
4280
4320
4359
4397
4434
4457
4476
4500
4505
4522
4524
4536
4539
4553
4585
4591
4593
4601
4657
4729
4793
4799
4805
4879
4902
4935
4947
4952
4959
4964
4973
4993
5000
5003
5003
5015
5041
5044
5050
5051
5092
5094
5103
5112
5125
5241
5339
5345
5348
5372
5377
5406
5437
5466
5536
5599
5609
5610
5614
5637
5648
5666
5685
5688
5709
5762
5775
5785
5799
5911
5987
5993
6030
6056
6062
6129
6144
6184
6188
6210
6245
6270
6347
6386
6387
6391
6427
6452
6457
6457
6465
6500
6579
6579
6618
6722
6806
6818
6851
6872
6907
6909
6911
6912
6930
6935
6950
6996
7013
7065
7152
7240
7242
7315
7393
7400
7403
7448
7534
7581
7600
7648
7744
7799
7864
7898
7900
7914
7924
7926
7926
8009
8016
8035
8041
8049
8067
8072
8084
8117
8134
8141
8157
8161
8215
8219
8244
8272
8273
8286
8292
8302
8317
8329
8360
8403
8454
8462
8484
8493
8516
8519
8562
8599
8645
8652
8703
8709
8776
8793
8846
8868
8899
8906
8955
9021
9037
9085
9097
9102
9155
9215
9222
9224
9307
9307
9330
9337
9356
9361
9375
9388
9414
9463
9500
9559
9582
9587
9741
9750
9779
9780
9785
9830
9839
9859
9886
9938
9940
9959
9972
9982
10006
10011
10013
10113
10116
10250
10291
10302
10316
10318
10348
10427
10481
10575
10612
10680
10696
10751
10752
10790
10798
10816
10831
10903
10924
10930
10945
10951
10966
10994
11045
11108
11125
11156
11193
11212
11217
11246
11261
11282
11323
11365
11403
11452
11507
11508
11513
11537
11567
11601
11624
11645
11647
11651
11653
11710
11738
11742
11795
11805
11879
11929
11946
12004
12032
12065
12100
12206
12232
12253
12302
12309
12317
12327
12363
12365
12379
12384
12482
12504
12512
12515
12552
12559
12636
12646
12647
12671
12682
12682
12700
12713
12723
12737
12769
12780
12806
12817
12842
12856
12887
12895
12901
12921
12946
13007
13054
13083
13086
13095
13116
13120
13122
13124
13155
13197
13205
13220
13222
13295
13380
13388
13392
13403
13457
13531
13535
13548
13560
13573
13577
13589
13592
13613
13630
13683
13710
13720
13795
13801
13824
13849
13855
13859
13940
13953
13981
13985
14076
14102
14115
14139
14140
14145
14162
14222
14228
14272
14277
14345
14413
14425
14483
14558
14574
14593
14605
14625
14670
14788
14825
14870
14893
14964
14969
14972
14974
15023
15064
15077
15110
15133
15138
15167
15225
15293
15361
15392
15416
15426
15430
15438
15485
15503
15529
15537
15565
15566
15581
15678
15713
15730
15739
15756
15763
15764
15778
15817
15826
15829
15833
15882
15898
15945
15952
16003
16032
16039
16042
16047
16058
16065
16216
16224
16251
16265
16282
16314
16355
16387
16412
16426
16459
16488
16522
16604
16610
16642
16658
16665
16701
16710
16734
16738
16747
16814
16828
16864
16874
16887
16889
16903
16905
16975
16982
17030
17046
17146
17275
17288
17312
17330
17380
17410
17422
17442
17449
17472
17509
17572
17591
17620
17658
17666
17670
17672
17700
17766
17787
17803
17808
17845
17874
17903
17905
17928
17936
17941
17946
17975
17975
18015
18020
18021
18022
18045
18091
18104
18118
18187
18216
18223
18255
18300
18304
18311
18324
18324
18356
18406
18431
18513
18529
18568
18571
18580
18596
18635
18660
18666
18682
18721
18734
18775
18787
18797
18801
18826
18911
18931
18944
19020
19032
19150
19207
19211
19223
19247
19307
19332
19334
19355
19411
19411
19479
19479
19527
19586
19625
19679
19742
19748
19775
19776
19810
19816
19821
19837
19838
19841
19845
19852
19862
19931
19935
19949
19966
19972
19983
20003
20019
20071
20108
20129
20252
20254
20299
20312
20323
20335
20363
20390
20416
20419
20434
20451
20460
20460
20469
20498
20530
20545
20557
20567
20568
20571
20599
20604
20694
20719
20723
20726
20740
20773
20786
20800
20872
20874
20877
20888
20888
20930
20934
20971
21041
21108
21121
21129
21145
21153
21176
21179
21181
21190
21209
21221
21232
21308
21327
21332
21359
21406
21435
21479
21491
21560
21627
21639
21650
21655
21695
21708
21723
21734
21773
21797
21817
21836
21856
21927
21958
21960
22098
22101
22111
22117
22121
22145
22172
22219
22257
22289
22324
22422
22524
22587
22617
22639
22662
22666
22682
22723
22757
22761
22779
22795
22821
22824
22849
22881
22898
22902
22915
22953
22968
22969
23034
23048
23071
23072
23072
23073
23125
23165
23181
23214
23334
23372
23393
23424
23428
23439
23484
23488
23566
23582
23614
23615
23620
23626
23639
23649
23668
23682
23748
23772
23826
23864
23873
23917
23922
23953
23979
23979
23980
24007
24013
24014
24042
24050
24061
24127
24208
24235
24310
24330
24343
24392
24400
24421
24513
24524
24556
24584
24585
24641
24647
24664
24743
24746
24935
24938
24945
25010
25083
25085
25104
25111
25116
25171
25220
25244
25265
25315
25390
25400
25456
25459
25514
25524
25527
25555
25581
25634
25641
25646
25668
25686
25753
25768
25796
25806
25811
25859
25901
25910
26079
26081
26092
26105
26177
26179
26236
26280
26331
26391
26409
26435
26481
26488
26492
26516
26529
26539
26564
26616
26626
26629
26718
26760
26770
26781
26806
26840
26868
26877
26947
26953
26969
26972
26980
26988
27035
27042
27136
27170
27201
27202
27215
27245
27286
27292
27322
27324
27430
27466
27490
27495
27597
27601
27644
27648
27681
27714
27825
27834
27912
27918
27957
27960
27981
28036
28053
28062
28064
28076
28083
28084
28093
28107
28189
28194
28200
28235
28244
28339
28360
28424
28456
28495
28497
28518
28537
28547
28551
28557
28568
28645
28648
28681
28686
28700
28770
28774
28776
28790
28823
28852
28859
28970
29000
29050
29128
29136
29199
29209
29221
29235
29271
29292
29315
29348
29360
29412
29428
29465
29479
29647
29661
29672
29712
29767
29816
29862
29867
29878
29887
29899
29902
29909
29916
29957
29977
29995
30029
30046
30079
30090
30110
30126
30147
30158
30188
30195
30281
30290
30291
30319
30326
30327
30352
30371
30372
30426
30459
30488
30626
30640
30654
30675
30676
30702
30806
30849
30900
30901
30903
30928
30942
30964
31020
31054
31088
31120
31124
31134
31146
31150
31154
31183
31196
31203
31211
31225
31258
31292
31303
31334
31341
31373
31411
31463
31519
31553
31558
31577
31636
31642
31657
31719
31744
31782
31794
31821
31824
31837
31851
31867
31957
31963
31965
31970
31981
32031
32048
32057
32072
32095
32107
32148
32151
32155
32180
32204
32231
32233
32302
32319
32336
32359
32449
32466
32494
32533
32570
32571
32573
32597
32627
32657
32683
32688
32706
32764
32819
32859
32863
32886
32899
32901
32914
32923
32925
32926
33002
33016
33021
33115
33145
33163
33181
33222
33226
33231
33237
33257
33314
33362
33426
33521
33613
33650
33710
33718
33727
33762
33834
33834
33842
33930
33968
33993
33998
34019
34046
34080
34103
34108
34112
34207
34229
34259
34278
34284
34298
34321
34324
34387
34400
34403
34437
34450
34464
34491
34527
34553
34569
34576
34596
34611
34625
34626
34656
34661
34779
34790
34793
34805
34831
34868
34908
34908
34912
34932
35065
35068
35082
35146
35171
35176
35255
35372
35380
35428
35443
35454
35521
35595
35651
35691
35730
35754
35769
35777
35799
35899
35902
35913
35930
35978
35997
36016
36033
36062
36068
36086
36119
36122
36135
36137
36155
36171
36196
36233
36242
36272
36275
36335
36341
36368
36411
36413
36441
36486
36491
36554
36572
36576
36595
36627
36799
36854
36864
36887
36923
36945
36973
37010
37029
37063
37084
37096
37118
37123
37159
37247
37273
37309
37343
37406
37431
37469
37475
37481
37488
37502
37536
37559
37601
37636
37638
37641
37652
37672
37700
37752
37756
37758
37779
37825
37825
37840
37896
37913
37954
38075
38094
38106
38106
38139
38167
38222
38267
38289
38305
38347
38413
38434
38475
38553
38577
38596
38644
38646
38661
38706
38706
38715
38749
38754
38795
38807
38857
38878
38895
38908
38974
38995
39011
39030
39043
39044
39069
39097
39108
39129
39133
39143
39159
39161
39162
39203
39238
39256
39261
39290
39314
39357
39371
39418
39443
39530
39568
39584
39643
39662
39698
39739
39793
39905
39982
39983
39984
39999
40001
40074
40088
40091
40091
40103
40174
40185
40246
40259
40302
40341
40408
40417
40491
40521
40526
40535
40569
40583
40593
40672
40679
40688
40717
40726
40730
40779
40842
40865
40870
40927
40975
41148
41177
41250
41264
41271
41321
41321
41334
41360
41366
41376
41402
41404
41407
41411
41449
41451
41520
41545
41571
41576
41584
41609
41621
41623
41629
41661
41687
41693
41697
41714
41737
41739
41764
41775
41802
41818
41819
41875
41879
41883
41909
41924
41949
41999
42029
42054
42077
42122
42133
42172
42209
42227
42233
42257
42297
42298
42331
42418
42428
42429
42459
42461
42482
42484
42500
42513
42523
42545
42576
42598
42600
42666
42673
42702
42719
42779
42784
42802
42815
42818
42830
42865
42866
42878
42880
42893
42909
42916
43001
43005
43027
43063
43090
43102
43208
43236
43247
43259
43268
43271
43276
43281
43298
43311
43345
43385
43395
43443
43449
43636
43644
43659
43745
43793
43794
43832
43875
43914
43973
43982
43997
44014
44088
44129
44152
44218
44286
44289
44293
44494
44510
44539
44569
44588
44609
44691
44709
44732
44767
44795
44850
44899
44934
44967
44967
45015
45022
45034
45044
45066
45137
45171
45171
45186
45256
45259
45271
45292
45296
45310
45317
45318
45360
45380
45424
45425
45466
45474
45479
45514
45539
45550
45558
45599
45604
45604
45605
45647
45652
45667
45698
45768
45772
45848
45848
45869
45892
45946
45956
45958
45975
46008
46034
46038
46098
46164
46169
46179
46272
46281
46293
46324
46330
46367
46421
46478
46481
46483
46490
46504
46582
46582
46595
46674
46677
46717
46718
46737
46765
46794
46827
46830
46894
46905
46912
47027
47078
47085
47087
47138
47172
47181
47221
47221
47251
47252
47297
47343
47388
47418
47456
47458
47483
47491
47492
47533
47616
47624
47669
47674
47692
47695
47733
47792
47830
47925
47936
47937
47962
47987
47994
48011
48016
48026
48031
48034
48037
48080
48122
48122
48131
48135
48158
48173
48176
48178
48189
48226
48248
48258
48302
48316
48345
48397
48491
48515
48519
48550
48567
48595
48606
48608
48622
48687
48701
48728
48734
48747
48784
48797
48812
48832
48836
48845
48880
48882
48912
48954
48977
48995
49022
49067
49081
49120
49129
49148
49186
49205
49206
49224
49227
49248
49251
49269
49334
49407
49411
49416
49434
49459
49474
49521
49547
49549
49599
49614
49669
49685
49699
49703
49739
49743
49778
49845
49872
49901
49934
49982
49987
50012
50012
50053
50058
50069
50110
50126
50144
50149
50173
50176
50220
50238
50242
50287
50311
50374
50401
50417
50433
50436
50445
50472
50497
50550
50559
50586
50617
50698
50701
50762
50764
50770
50829
50949
50951
50954
51057
51113
51120
51173
51194
51198
51199
51211
51217
51222
51250
51284
51306
51328
51341
51437
51473
51502
51515
51591
51705
51715
51737
51752
51830
51873
51881
51881
51901
51908
51980
52003
52006
52027
52049
52074
52118
52179
52269
52294
52325
52387
52397
52436
52437
52448
52475
52492
52570
52576
52685
52780
52794
52851
52881
52883
52945
53029
53037
53043
53099
53130
53137
53153
53186
53192
53212
53215
53239
53246
53253
53292
53303
53346
53418
53470
53493
53499
53505
53517
53521
53554
53629
53758
53770
53792
53811
53926
53966
53968
53999
54012
54035
54077
54082
54090
54092
54112
54113
54117
54121
54170
54257
54375
54406
54435
54466
54505
54508
54532
54706
54719
54761
54774
54774
54832
54868
54901
54911
54927
54935
54954
54963
54998
55003
55015
55045
55057
55084
55104
55122
55126
55138
55140
55292
55300
55335
55370
55409
55411
55412
55484
55485
55527
55560
55620
55629
55634
55696
55715
55733
55752
55799
55806
55856
55881
55910
55945
55999
56006
56035
56125
56125
56134
56161
56254
56262
56269
56279
56281
56282
56283
56286
56288
56292
56348
56366
56371
56381
56427
56443
56467
56508
56526
56564
56567
56600
56614
56625
56629
56639
56670
56720
56724
56740
56745
56756
56770
56782
56805
56826
56827
56832
56871
56885
56885
56897
56898
56996
57121
57169
57172
57183
57227
57229
57233
57288
57361
57422
57490
57609
57640
57666
57680
57683
57699
57709
57738
57753
57799
57803
57804
57808
57893
57911
58059
58104
58118
58148
58156
58170
58209
58317
58349
58360
58365
58391
58395
58430
58474
58515
58531
58571
58582
58601
58654
58667
58698
58733
58740
58746
58750
58770
58822
58842
58859
58906
58931
58966
59003
59029
59057
59088
59103
59136
59234
59291
59294
59333
59363
59366
59367
59379
59393
59416
59425
59446
59496
59583
59597
59649
59752
59768
59796
59815
59835
59840
59849
59862
59901
59945
59970
59985
60011
60074
60114
60132
60153
60193
60248
60249
60255
60315
60401
60422
60435
60439
60501
60509
60515
60521
60530
60669
60701
60715
60735
60747
60749
60762
60834
60839
60841
60859
60901
60939
60954
60956
60981
61064
61092
61097
61179
61201
61242
61248
61248
61265
61350
61361
61389
61395
61398
61413
61501
61505
61521
61544
61628
61642
61684
61716
61722
61727
61759
61795
61800
61816
61872
61884
61925
61952
61986
61989
61990
61994
62018
62019
62101
62110
62223
62250
62278
62283
62290
62290
62315
62327
62384
62433
62447
62453
62468
62537
62552
62593
62618
62665
62739
62755
62769
62774
62793
62852
62855
62890
62907
62915
62942
62943
62951
62962
62970
62972
63024
63051
63095
63121
63211
63293
63305
63313
63325
63328
63330
63331
63415
63494
63504
63515
63518
63519
63531
63553
63615
63615
63641
63673
63692
63711
63740
63798
63849
63864
63870
63878
63927
63950
63952
64034
64038
64039
64101
64126
64173
64189
64198
64205
64223
64226
64236
64244
64252
64273
64311
64321
64331
64363
64387
64421
64436
64458
64458
64465
64465
64476
64489
64512
64590
64641
64689
64712
64713
64741
64861
64885
64915
64953
64970
64973
64979
64981
65001
65018
65031
65079
65109
65138
65144
65146
65473
65558
65602
65612
65629
65630
65650
65662
65731
65755
65798
65803
65808
65832
65839
65841
65853
65856
65867
65963
65971
65997
66029
66054
66098
66118
66122
66130
66153
66158
66181
66217
66231
66238
66325
66371
66372
66388
66399
66449
66479
66482
66505
66528
66543
66566
66570
66695
66731
66748
66787
66813
66826
66887
66904
66904
66919
67008
67039
67063
67070
67088
67111
67241
67355
67381
67395
67431
67438
67516
67517
67526
67565
67586
67590
67638
67654
67663
67663
67704
67741
67750
67805
67898
67924
67938
67970
67971
67982
68021
68092
68128
68134
68153
68169
68174
68185
68188
68316
68318
68338
68374
68389
68404
68415
68437
68554
68560
68575
68584
68611
68615
68693
68693
68758
68765
68769
68786
68798
68806
68827
68859
68921
68948
68954
68981
69032
69045
69093
69120
69138
69171
69180
69210
69230
69250
69265
69332
69410
69456
69505
69506
69508
69518
69583
69603
69617
69630
69634
69637
69640
69660
69691
69725
69732
