33
53
115
139
140
206
210
248
274
287
408
532
560
614
673
725
756
863
895
1007
1027
1130
1230
1364
1453
1465
1716
1763
1801
1856
2001
2021
2026
2169
2380
2393
2445
2478
2630
2806
2813
2864
2906
2922
2976
2983
3053
3102
3131
3133
3163
3165
3171
3227
3294
3317
3332
3368
3371
3408
3474
3504
3544
3700
3701
3739
3780
3978
3983
4071
4081
4119
4129
4141
4157
4178
4235
4261
4278
4284
4297
4302
4370
4391
4396
4404
4515
4518
4669
4681
4693
4742
4746
4754
4842
4922
4972
4980
4990
5023
5024
5061
5062
5075
5155
5158
5161
5320
5396
5402
5452
5590
5622
5625
5639
5733
5820
5891
5927
5960
6014
6056
6089
6301
6314
6332
6341
6356
6360
6422
6516
6528
6551
6614
6692
6707
6739
6794
6805
6817
6822
6825
6869
6883
6933
7008
7054
7119
7129
7146
7193
7196
7199
7230
7259
7259
7278
7356
7425
7454
7454
7455
7469
7563
7634
7658
7726
7862
7896
7941
8017
8087
8091
8092
8104
8136
8145
8190
8276
8416
8466
8505
8520
8524
8544
8582
8612
8694
8725
8787
8792
8808
8828
8915
8944
9035
9070
9080
9084
9119
9169
9177
9313
9355
9470
9549
9639
9689
9729
9737
9740
9764
9835
9865
9914
10018
10022
10061
10144
10221
10231
10259
10300
10358
10372
10426
10468
10525
10559
10623
10626
10662
10728
10735
10739
10796
10949
10970
10971
11037
11048
11060
11346
11354
11381
11410
11561
11562
11594
11600
11607
11612
11620
11674
11723
11881
11882
11915
11967
11968
11983
12011
12037
12145
12147
12342
12363
12383
12421
12505
12596
12641
12653
12797
12832
12853
12931
13057
13190
13261
13353
13428
13440
13480
13530
13581
13584
13603
13644
13766
13845
13911
13966
14133
14169
14189
14323
14329
14341
14387
14396
14397
14401
14510
14523
14652
14688
14854
14861
14884
14898
14967
15063
15158
15169
15177
15218
15272
15296
15303
15325
15354
15354
15363
15458
15483
15547
15613
15636
15638
15666
15726
15792
15830
15854
15873
15874
15880
16082
16133
16161
16206
16242
16248
16260
16308
16326
16350
16426
16455
16477
16500
16508
16589
16610
16646
16682
16693
16775
16931
16932
16935
16945
16995
17223
17275
17276
17305
17356
17370
17417
17436
17570
17586
17597
17601
17604
17626
17669
17679
17709
17720
17761
17891
17931
17960
17977
18085
18112
18164
18283
18340
18496
18510
18550
18555
18651
18670
18672
18684
18762
18864
18916
18930
18934
18967
19005
19067
19115
19153
19190
19212
19239
19243
19275
19335
19384
19450
19486
19511
19550
19675
19709
19710
19711
19788
19859
19861
19863
20109
20139
20163
20258
20262
20292
20359
20364
20531
20533
20545
20667
20721
20886
20945
20973
20995
21000
21082
21122
21131
21191
21232
21258
21261
21289
21322
21417
21568
21571
21588
21609
21691
21702
21737
21741
21752
21869
22039
22094
22198
22223
22303
22305
22570
22632
22639
22649
22693
22730
22783
22805
22837
22931
22934
22944
22947
23045
23060
23070
23160
23254
23276
23287
23295
23301
23395
23397
23503
23606
23625
23629
23679
23735
23755
23835
23836
23849
23929
23984
24036
24107
24178
24222
24267
24279
24300
24357
24417
24444
24499
24506
24584
24635
24655
24703
24706
24765
24785
24818
24897
24926
24937
24944
25071
25221
25278
25295
25298
25338
25355
25427
25438
25586
25605
25630
25639
25659
25675
25714
25729
25742
25771
25785
25819
25909
25936
25973
26007
26065
26081
26097
26200
26297
26310
26370
26620
26679
26712
26763
26919
26943
26986
26997
27001
27056
27078
27087
27158
27323
27378
27408
27443
27462
27515
27608
27622
27663
27746
27757
27806
27815
27816
27839
27901
27903
27925
27928
27942
27999
27999
28135
28182
28197
28202
28243
28255
28338
28363
28440
28467
28468
28476
28478
28544
28615
28619
28712
28738
28759
28772
28782
28854
28858
28927
29021
29058
29198
29213
29319
29388
29395
29401
29458
29500
29625
29654
29740
29762
29766
29839
29851
29906
30046
30063
30216
30347
30466
30478
30512
30515
30602
30657
30756
30790
30903
30905
30918
30955
30978
30985
31011
31034
31142
31243
31253
31265
31485
31507
31527
31685
31740
31820
31858
31879
31911
31934
31985
31998
32003
32005
32018
32119
32154
32193
32348
32386
32391
32395
32528
32540
32581
32616
32636
32637
32712
32718
32718
32724
32762
32791
32820
32857
32914
32925
32935
32963
33011
33053
33086
33142
33163
33182
33210
33222
33311
33422
33458
33485
33514
33558
33562
33611
33650
33791
33809
33954
33964
33968
33979
33995
34086
34165
34165
34248
34280
34363
34393
34399
34417
34418
34457
34460
34657
34819
34820
34848
34851
34852
34889
34962
35001
35022
35040
35100
35173
35175
35272
35338
35454
35462
35609
35638
35704
35772
35909
35970
36050
36092
36139
36218
36236
36237
36239
36285
36352
36385
36403
36425
36473
36506
36582
36582
36604
36613
36694
36702
36732
36749
36789
36834
36903
36925
37041
37265
37266
37285
37432
37476
37486
37551
37765
37802
37852
37878
37893
37946
38058
38094
38142
38173
38275
38508
38514
38548
38623
38692
38748
38903
39148
39178
39210
39229
39262
39298
39318
39457
39487
39497
39539
39653
39783
39785
39808
39828
39865
39876
39905
39907
39940
39997
40047
40070
40083
40156
40211
40287
40398
40470
40519
40575
40591
40629
40685
40846
40866
41051
41080
41085
41123
41130
41158
41162
41199
41228
41237
41317
41340
41495
41506
41541
41565
41593
41759
41907
41938
42017
42095
42095
42116
42119
42126
42257
42275
42551
42559
42577
42598
42644
42742
42751
42786
42864
42872
42886
42899
43016
43017
43026
43062
43092
43120
43172
43175
43194
43223
43308
43325
43459
43470
43678
43742
43799
43802
44038
44045
44073
44073
44074
44111
44125
44141
44153
44155
44197
44327
44399
44421
44476
44593
44707
44884
44970
44979
45049
45082
45091
45097
45227
45287
45301
45331
45361
45419
45613
45621
45627
45643
45714
45721
45737
45796
45880
45905
46006
46015
46055
46205
46236
46336
46460
46471
46484
46499
46701
46701
46732
46745
46851
46862
46905
47058
47119
47192
47193
47214
47239
47378
47383
47469
47550
47581
47626
47897
47947
48033
48067
48151
48169
48223
48227
48274
48305
48319
48499
48512
48532
48547
48610
48626
48652
48666
48703
48739
48927
49012
49029
49046
49177
49229
49233
49237
49267
49309
49361
49494
49508
49577
49583
49588
49620
49651
49655
49732
49896
49908
49935
49936
49949
50025
50047
50188
50243
50279
50331
50344
50360
50376
50545
50566
50568
50636
50808
51004
51033
51090
51170
51224
51337
51366
51380
51436
51556
51568
51605
51612
51801
51880
51960
52124
52258
52273
52342
52375
52510
52582
52622
52663
52700
52711
52772
52911
52925
52940
52942
52988
53038
53067
53090
53092
53092
53175
53200
53279
53349
53514
53562
53647
53663
53740
53833
53957
53957
53985
54014
54046
54060
54092
54167
54239
54251
54295
54368
54447
54492
54564
54574
54590
54713
54727
54801
54834
54962
55059
55270
55328
55346
55361
55529
55539
55628
55652
55681
55684
55695
55696
55787
55799
55962
55975
55988
56035
56063
56066
56100
56143
56172
56302
56366
56398
56414
56472
56494
56547
56598
56611
56620
56649
56667
56688
56727
56729
56745
56790
56842
56894
56934
57009
57099
57210
57227
57251
57262
57304
57313
57336
57338
57437
57473
57522
57527
57530
57545
57575
57603
57613
57684
57709
57770
57795
57807
57873
57885
57986
58114
58128
58134
58182
58209
58224
58232
58287
58387
58403
58515
58564
58567
58595
58601
58676
58717
58722
58750
58754
58798
58890
58932
58958
58969
59009
59107
59143
59171
59183
59203
59233
59306
59411
59416
59422
59435
59451
59481
59528
59610
59740
59769
59857
59858
59860
59877
59909
59949
60014
60265
60275
60277
60335
60336
60362
60365
60403
60436
60484
60523
60532
60557
60560
60566
60654
60660
60710
60731
60778
60806
60887
60903
60915
60996
61087
61103
61241
61252
61465
61497
61512
61768
61780
61792
61928
62004
62083
62133
62143
62294
62392
62401
62615
62622
62680
62709
62787
62799
62832
63101
63110
63123
63134
63277
63400
63461
63463
63538
63543
63564
63570
63654
63719
63729
63816
63836
63837
63893
63992
64006
64017
64028
64062
64144
64186
64224
64279
64280
64341
64391
64422
64451
64454
64485
64596
64702
64723
64732
64752
64784
64809
64831
64846
64852
64925
64989
65107
65143
65174
65251
65381
65420
65458
65476
65508
65583
65624
65627
65670
65709
65747
65819
65820
65858
65904
65971
66005
66150
66161
66168
66173
66186
66353
66410
66438
66496
66521
66603
66631
66711
66762
66907
66961
66962
67000
67046
67086
67100
67178
67193
67239
67263
67298
67427
67435
67511
67564
67597
67623
67629
67750
67774
67966
67998
68093
68240
68379
68479
68496
68498
68677
68726
68810
68856
68915
69018
69091
69118
69130
69140
69147
69191
69274
69279
69432
69497
69503
69514
69547
69560
69578
