2
9
26
28
124
182
195
202
211
217
226
236
238
243
260
278
294
296
302
319
322
332
335
346
381
404
419
425
426
428
454
501
515
542
544
551
567
581
610
619
621
677
710
716
732
767
769
772
783
797
798
844
864
871
871
897
897
902
905
920
942
1001
1005
1016
1032
1078
1081
1088
1099
1101
1128
1160
1162
1221
1229
1230
1231
1240
1250
1274
1324
1324
1335
1381
1399
1430
1451
1474
1484
1514
1529
1533
1542
1549
1549
1582
1608
1615
1623
1632
1646
1694
1706
1721
1723
1742
1773
1791
1811
1815
1828
1835
1901
1918
1979
1982
2023
2027
2044
2058
2066
2084
2097
2103
2155
2160
2174
2187
2219
2253
2260
2293
2315
2335
2350
2361
2395
2403
2407
2439
2456
2462
2488
2492
2541
2555
2572
2610
2612
2636
2642
2647
2664
2677
2691
2700
2705
2708
2714
2760
2780
2801
2803
2806
2829
2833
2850
2850
2855
2857
2872
2878
2884
2906
2907
2914
2922
2941
2955
2980
2991
2999
3002
3004
3022
3034
3047
3047
3109
3126
3137
3173
3206
3211
3254
3292
3334
3380
3419
3424
3455
3489
3572
3577
3617
3626
3631
3633
3645
3645
3657
3660
3702
3705
3727
3730
3733
3753
3782
3823
3829
3869
3881
3891
3930
4005
4010
4014
4023
4030
4046
4047
4074
4144
4151
4198
4241
4246
4263
4294
4318
4332
4362
4365
4367
4367
4372
4374
4386
4390
4434
4441
4483
4504
4511
4521
4535
4543
4556
4564
4565
4570
4600
4603
4604
4608
4656
4661
4680
4690
4705
4719
4757
4757
4758
4800
4840
4858
4861
4867
4902
4925
4936
4936
4946
4961
4981
5017
5032
5034
5037
5040
5059
5123
5137
5149
5167
5170
5170
5199
5201
5216
5269
5283
5283
5302
5325
5337
5343
5349
5375
5382
5395
5399
5418
5420
5444
5450
5476
5484
5517
5523
5527
5529
5533
5537
5543
5543
5545
5548
5569
5597
5613
5613
5630
5631
5635
5638
5714
5717
5718
5772
5800
5804
5817
5835
5844
5859
5911
5971
5982
6000
6073
6084
6087
6180
6184
6186
6194
6222
6223
6225
6235
6263
6264
6278
6286
6310
6326
6329
6330
6339
6348
6349
6361
6387
6391
6411
6421
6450
6476
6578
6637
6653
6695
6707
6708
6717
6731
6754
6782
6783
6790
6792
6798
6809
6817
6822
6868
6877
6906
6972
6988
7013
7030
7035
7084
7110
7111
7117
7135
7136
7149
7163
7166
7176
7214
7232
7242
7265
7273
7277
7347
7388
7405
7419
7468
7469
7513
7521
7522
7525
7537
7557
7584
7588
7601
7603
7608
7645
7654
7655
7658
7701
7727
7745
7761
7772
7773
7807
7825
7848
7848
7877
7883
7899
7902
7928
7963
7966
7994
7994
8008
8011
8012
8015
8019
8045
8091
8111
8115
8125
8126
8148
8150
8153
8200
8207
8234
8263
8265
8292
8293
8296
8309
8322
8325
8352
8357
8396
8418
8438
8440
8450
8485
8488
8497
8572
8577
8583
8587
8600
8627
8637
8655
8659
8681
8697
8704
8722
8737
8780
8802
8843
8874
8878
8881
8919
8965
9021
9039
9051
9068
9068
9078
9115
9137
9138
9162
9175
9187
9212
9250
9271
9278
9292
9305
9309
9370
9386
9393
9414
9431
9521
9535
9643
9643
9649
9672
9680
9695
9719
9727
9729
9775
9786
9795
9831
9879
9905
9927
9951
9952
9982
10011
10038
10040
10053
10055
10060
10068
10083
10115
10174
10189
10204
10222
10225
10227
10232
10244
10248
10262
10284
10285
10311
10350
10351
10371
10390
10407
10411
10437
10448
10477
10479
10480
10482
10486
10495
10509
10515
10537
10538
10563
10578
10588
10627
10646
10663
10688
10694
10701
10781
10785
10841
10847
10850
10861
10892
10906
10909
10918
10930
10939
10941
10945
10950
10988
10988
11045
11074
11121
11130
11131
11139
11162
11163
11165
11168
11171
11192
11213
11234
11239
11246
11308
11344
11358
11373
11387
11418
11482
11501
11506
11515
11516
11534
11539
11541
11551
11606
11620
11653
11658
11659
11726
11746
11749
11751
11776
11783
11785
11791
11822
11829
11841
11869
11874
11892
11902
11951
11955
11981
12002
12017
12038
12043
12062
12103
12137
12152
12201
12224
12253
12264
12273
12290
12378
12383
12388
12391
12409
12429
12436
12446
12458
12464
12499
12521
12536
12550
12550
12557
12569
12579
12605
12609
12637
12643
12644
12661
12661
12674
12730
12735
12744
12744
12748
12749
12755
12786
12805
12885
12908
12921
12928
12928
12929
12932
12980
13027
13034
13041
13048
13065
13072
13073
13108
13110
13160
13171
13182
13185
13230
13255
13258
13259
13262
13263
13287
13290
13294
13299
13309
13345
13371
13377
13423
13430
13448
13450
13468
13481
13495
13517
13523
13559
13575
13576
13591
13612
13620
13622
13646
13670
13670
13675
13681
13730
13751
13757
13787
13813
13821
13821
13852
13856
13859
13870
13909
13931
13932
13941
14007
14019
14023
14070
14072
14094
14107
14135
14143
14145
14150
14196
14203
14217
14223
14237
14340
14345
14391
14409
14482
14485
14491
14515
14536
14538
14555
14566
14579
14595
14606
14608
14634
14643
14643
14660
14678
14708
14708
14767
14771
14771
14786
14813
14826
14833
14834
14846
14890
14890
14905
14927
14933
14945
14950
14975
14987
14992
15023
15049
15064
15082
15101
15112
15134
15151
15171
15175
15199
15210
15237
15237
15258
15259
15308
15382
15400
15407
15410
15410
15412
15418
15425
15443
15446
15459
15461
15466
15480
15485
15492
15511
15512
15522
15541
15555
15592
15606
15607
15671
15705
15709
15715
15730
15743
15747
15764
15776
15782
15822
15822
15823
15845
15845
15868
15909
15910
15934
15961
15980
15982
16002
16024
16049
16059
16066
16068
16074
16109
16116
16116
16121
16142
16181
16193
16211
16213
16321
16337
16337
16353
16358
16373
16374
16413
16415
16431
16433
16443
16450
16485
16530
16543
16546
16548
16576
16589
16597
16644
16649
16674
16702
16703
16728
16743
16764
16784
16792
16807
16818
16826
16831
16848
16858
16883
16888
16894
16912
16920
16923
16951
16978
17011
17031
17034
17051
17078
17080
17096
17114
17166
17173
17184
17198
17208
17253
17261
17263
17281
17281
17292
17302
17307
17337
17346
17383
17391
17395
17397
17407
17459
17470
17526
17537
17541
17543
17555
17569
17574
17605
17607
17610
17615
17655
17657
17671
17684
17712
17787
17805
17844
17873
17938
17967
17980
18008
18014
18022
18038
18040
18047
18053
18056
18057
18083
18085
18121
18142
18144
18150
18152
18160
18173
18178
18178
18226
18233
18233
18241
18248
18267
18305
18308
18332
18338
18347
18370
18413
18418
18421
18431
18453
18471
18477
18506
18507
18518
18578
18584
18609
18612
18638
18663
18695
18718
18729
18732
18747
18791
18794
18877
18908
18921
18957
18982
19021
19025
19056
19072
19073
19074
19080
19124
19143
19184
19194
19198
19207
19218
19221
19255
19285
19286
19290
19293
19365
19430
19437
19469
19472
19489
19492
19495
19500
19505
19542
19569
19601
19617
19618
19625
19702
19712
19747
19786
19815
19817
19825
19826
19872
19896
19914
19939
19944
19949
19974
20008
20013
20028
20061
20080
20088
20113
20124
20134
20168
20176
20251
20252
20259
20264
20291
20339
20348
20359
20369
20401
20423
20435
20438
20456
20466
20488
20497
20507
20524
20527
20528
20539
20550
20554
20573
20585
20604
20611
20614
20632
20650
20651
20671
20743
20752
20765
20802
20879
20892
20895
20949
20976
21008
21011
21022
21054
21064
21070
21089
21094
21113
21144
21148
21169
21174
21176
21188
21192
21204
21224
21263
21269
21299
21345
21348
21363
21390
21413
21431
21487
21501
21540
21552
21562
21664
21675
21728
21757
21760
21796
21799
21802
21858
21876
21893
21894
21934
21939
22005
22026
22028
22049
22056
22070
22072
22072
22106
22124
22131
22139
22158
22174
22198
22228
22279
22287
22289
22318
22325
22348
22365
22386
22401
22402
22448
22470
22473
22486
22488
22500
22551
22608
22612
22620
22623
22636
22643
22656
22675
22681
22686
22693
22694
22699
22700
22710
22712
22728
22750
22759
22802
22816
22829
22842
22852
22853
22875
22905
22914
22919
22923
22931
22941
22946
22964
22981
22987
22988
23009
23050
23057
23060
23084
23147
23149
23170
23193
23225
23263
23284
23313
23370
23393
23406
23430
23444
23463
23463
23471
23493
23568
23580
23582
23591
23611
23630
23638
23667
23696
23697
23724
23728
23734
23739
23744
23745
23760
23760
23766
23774
23808
23821
23830
23866
23889
23895
23897
23908
23911
23912
23918
23929
23940
23944
23968
23971
23985
23990
24018
24033
24068
24070
24077
24084
24089
24133
24156
24158
24167
24174
24251
24263
24276
24298
24325
24334
24389
24398
24407
24410
24428
24438
24440
24459
24489
24494
24495
24502
24508
24520
24524
24548
24556
24566
24606
24623
24627
24642
24653
24656
24663
24727
24739
24793
24812
24822
24838
24848
24856
24858
24875
24885
24892
24904
24927
24928
24942
24948
24948
24965
24989
25024
25030
25062
25078
25107
25107
25121
25131
25148
25162
25204
25211
25214
25249
25259
25275
25292
25307
25326
25328
25328
25346
25373
25392
25400
25434
25442
25442
25453
25468
25478
25479
25493
25507
25509
25518
25519
25524
25558
25561
25584
25594
25615
25636
25639
25659
25662
25677
25680
25706
25720
25738
25740
25755
25784
25823
25826
25845
25853
25896
25901
25912
25937
25942
25951
25961
25986
25992
26027
26054
26061
26086
26089
26091
26139
26155
26170
26238
26250
26253
26253
26274
26308
26314
26322
26346
26359
26417
26438
26439
26465
26480
26505
26508
26517
26528
26530
26536
26538
26544
26553
26580
26582
26583
26640
26641
26647
26665
26666
26673
26678
26678
26684
26688
26706
26726
26728
26731
26731
26764
26774
26776
26778
26784
26793
26804
26833
26858
26860
26901
26904
26927
26964
26991
26995
27021
27052
27064
27088
27102
27113
27120
27146
27210
27221
27250
27258
27261
27271
27273
27283
27294
27299
27303
27305
27308
27362
27396
27407
27411
27417
27418
27429
27449
27471
27482
27492
27494
27508
27519
27544
27595
27598
27622
27623
27631
27651
27675
27676
27700
27748
27762
27770
27798
27822
27830
27838
27844
27850
27870
27880
27882
27890
27896
27898
27899
27901
27906
27906
27932
27949
27962
27967
27981
27985
27996
28004
28037
28046
28051
28063
28074
28077
28116
28136
28143
28169
28173
28199
28200
28202
28215
28219
28233
28233
28248
28268
28270
28278
28283
28296
28301
28301
28307
28311
28321
28350
28356
28360
28371
28378
28389
28390
28403
28441
28441
28451
28460
28499
28505
28509
28537
28540
28547
28557
28559
28559
28566
28687
28701
28701
28710
28717
28733
28742
28757
28762
28779
28788
28788
28807
28841
28907
28936
29004
29039
29059
29065
29084
29108
29125
29141
29148
29148
29153
29171
29177
29181
29181
29190
29226
29256
29282
29314
29364
29387
29405
29406
29410
29410
29443
29474
29504
29522
29531
29532
29533
29543
29554
29562
29575
29613
29629
29676
29701
29710
29710
29711
29758
29778
29791
29804
29883
29934
29960
29982
29983
29997
30002
30020
30038
30059
30064
30075
30080
30097
30129
30137
30141
30158
30201
30243
30248
30249
30251
30255
30274
30287
30326
30331
30370
30381
30389
30404
30428
30459
30465
30468
30471
30509
30513
30514
30552
30572
30582
30599
30621
30630
30636
30650
30651
30653
30660
30686
30688
30690
30700
30716
30787
30810
30846
30859
30887
30933
30941
30965
30977
30978
30981
30996
31045
31049
31091
31118
31143
31165
31198
31225
31243
31267
31279
31302
31307
31312
31316
31327
31349
31372
31380
31392
31451
31466
31473
31477
31520
31527
31616
31651
31668
31683
31691
31694
31699
31699
31706
31707
31728
31756
31766
31778
31806
31806
31855
31871
31890
31896
31936
31968
31985
31988
31992
32115
32127
32167
32182
32202
32249
32254
32265
32288
32300
32301
32310
32334
32363
32372
32428
32459
32467
32468
32469
32491
32493
32531
32543
32546
32554
32563
32565
32574
32595
32616
32616
32645
32659
32660
32700
32703
32710
32734
32742
32751
32791
32793
32794
32805
32812
32827
32863
32881
32885
32900
32920
32921
32928
32936
32938
32988
33027
33049
33148
33188
33217
33221
33235
33236
33246
33264
33267
33282
33294
33317
33323
33325
33409
33445
33449
33449
33510
33540
33548
33565
33596
33598
33600
33617
33649
33697
33729
33740
33766
33781
33790
33801
33847
33860
33866
33912
33914
33929
33933
33933
33958
33979
34015
34017
34033
34051
34120
34121
34143
34171
34172
34173
34177
34179
34181
34281
34305
34317
34317
34318
34378
34380
34382
34382
34402
34407
34412
34421
34423
34458
34459
34460
34483
34523
34525
34540
34547
34551
34595
34601
34622
34640
34654
34664
34664
34665
34693
34698
34702
34705
34711
34775
34856
34887
34889
34894
34896
34902
34904
34910
34922
34934
34947
34973
34980
34990
34995
35024
35050
35062
35070
35180
35189
35212
35228
35253
35263
35265
35304
35307
35312
35328
35357
35381
35453
35457
35462
35470
35475
35482
35486
35490
35493
35493
35496
35500
35531
35551
35552
35553
35557
35609
35622
35668
35680
35711
35719
35721
35743
35782
35820
35853
35854
35900
35925
35936
35967
35970
35974
35991
35997
35997
36004
36116
36118
36121
36145
36159
36179
36195
36221
36238
36240
36254
36258
36272
36283
36322
36333
36344
36349
36351
36351
36360
36365
36376
36385
36409
36410
36410
36413
36427
36449
36461
36518
36544
36548
36595
36620
36641
36676
36687
36723
36734
36736
36740
36754
36775
36783
36802
36821
36848
36849
36875
36892
36921
36957
36959
37024
37037
37044
37061
37099
37126
37138
37142
37180
37191
37197
37201
37202
37213
37226
37232
37240
37258
37322
37329
37347
37348
37401
37455
37471
37473
37487
37505
37506
37510
37512
37534
37539
37539
37548
37568
37589
37592
37597
37619
37621
37622
37633
37635
37640
37660
37677
37694
37699
37721
37724
37733
37750
37791
37848
37887
37910
37914
37924
37924
37924
37928
37941
37982
38000
38011
38014
38022
38057
38075
38089
38099
38132
38135
38140
38141
38143
38145
38196
38240
38250
38257
38261
38288
38292
38294
38307
38310
38315
38330
38358
38364
38365
38373
38375
38387
38391
38392
38393
38427
38453
38459
38461
38461
38463
38497
38503
38506
38519
38520
38528
38535
38546
38584
38617
38641
38646
38655
38662
38681
38689
38700
38707
38764
38777
38790
38802
38821
38860
38902
38907
38911
38928
38933
38943
38952
38963
39016
39047
39062
39063
39074
39076
39081
39096
39108
39110
39120
39139
39152
39181
39203
39245
39256
39265
39311
39357
39358
39368
39370
39377
39399
39449
39451
39491
39541
39545
39548
39551
39559
39588
39603
39610
39623
39630
39636
39636
39639
39663
39688
39690
39694
39758
39779
39784
39827
39830
39835
39845
39872
39877
39894
39913
39931
39947
40023
40068
40083
40087
40104
40111
40134
40138
40138
40139
40163
40168
40170
40183
40199
40235
40248
40275
40306
40317
40339
40345
40386
40401
40407
40471
40490
40491
40538
40538
40552
40569
40607
40609
40623
40623
40627
40637
40653
40663
40664
40696
40754
40783
40788
40805
40807
40809
40849
40862
40872
40878
40927
40961
40963
40965
41026
41095
41110
41126
41127
41131
41151
41176
41177
41231
41233
41245
41255
41259
41295
41311
41314
41316
41316
41335
41340
41353
41366
41394
41403
41417
41449
41450
41485
41524
41551
41584
41593
41605
41616
41648
41663
41668
41685
41690
41693
41695
41706
41714
41732
41770
41816
41833
41852
41868
41894
41894
41910
41916
41917
41923
41944
41978
42008
42012
42015
42034
42043
42059
42091
42143
42186
42233
42236
42243
42248
42253
42257
42269
42280
42294
42300
42342
42400
42407
42521
42526
42534
42554
42558
42610
42615
42619
42628
42629
42632
42644
42704
42708
42728
42730
42739
42742
42763
42796
42801
42830
42861
42864
42875
42897
42933
42938
42967
42998
43012
43028
43060
43085
43089
43100
43114
43134
43151
43153
43158
43212
43252
43299
43324
43352
43357
43378
43386
43397
43401
43408
43419
43441
43452
43484
43526
43544
43559
43562
43589
43592
43600
43613
43619
43628
43640
43651
43658
43736
43747
43756
43775
43775
43780
43802
43823
43840
43889
43915
43932
43937
43973
43989
44005
44016
44019
44032
44052
44089
44095
44103
44110
44128
44128
44131
44159
44163
44196
44211
44238
44253
44255
44275
44301
44336
44350
44370
44391
44392
44392
44394
44410
44437
44438
44446
44456
44492
44493
44493
44522
44523
44535
44554
44585
44623
44633
44637
44645
44654
44692
44717
44754
44778
44788
44824
44826
44831
44855
44882
44910
44912
44924
44943
44949
44968
44972
44979
44993
44997
44999
45006
45016
45026
45044
45049
45068
45082
45093
45107
45132
45138
45158
45179
45185
45189
45215
45234
45240
45242
45248
45253
45264
45293
45313
45319
45333
45363
45377
45405
45419
45455
45474
45489
45571
45578
45578
45590
45594
45601
45609
45621
45623
45630
45639
45640
45688
45694
45706
45706
45721
45805
45812
45820
45850
45864
45865
45869
45934
45935
45959
45968
45973
45974
46024
46027
46033
46084
46118
46164
46176
46177
46188
46223
46287
46337
46363
46370
46375
46375
46400
46420
46446
46450
46477
46480
46492
46525
46539
46547
46547
46560
46615
46626
46672
46758
46770
46806
46864
46897
46899
46920
46925
46974
46990
47007
47091
47094
47128
47158
47194
47200
47213
47241
47247
47255
47275
47275
47304
47310
47327
47338
47405
47424
47427
47461
47492
47530
47557
47564
47567
47573
47582
47628
47735
47742
47758
47763
47766
47782
47797
47798
47850
47857
47862
47864
47866
47897
47914
47917
47955
47972
47984
47985
47986
47989
47999
48035
48041
48082
48097
48107
48115
48167
48174
48182
48193
48221
48233
48243
48246
48285
48289
48295
48299
48315
48331
48337
48339
48404
48406
48424
48439
48453
48473
48482
48502
48524
48531
48533
48553
48554
48563
48567
48593
48594
48600
48620
48621
48622
48622
48654
48658
48659
48660
48662
48707
48734
48769
48770
48773
48793
48797
48824
48889
48922
48924
48935
48944
48956
48975
48991
49035
49037
49057
49106
49126
49155
49158
49179
49187
49189
49197
49207
49220
49313
49318
49335
49355
49364
49399
49405
49408
49435
49460
49473
49491
49504
49523
49525
49533
49541
49567
49587
49612
49613
49628
49639
49651
49655
49669
49670
49682
49694
49699
49701
49709
49720
49726
49778
49781
49836
49861
49890
49911
49929
49939
49941
49944
49951
49962
50006
50046
50059
50080
50081
50121
50133
50140
50164
50174
50178
50185
50205
50211
50241
50242
50267
50272
50302
50348
50396
50405
50432
50447
50449
50484
50502
50510
50522
50536
50582
50594
50606
50608
50611
50639
50645
50665
50674
50676
50700
50723
50728
50756
50792
50795
50803
50874
50997
51016
51054
51069
51084
51092
51093
51198
51213
51227
51255
51266
51267
51297
51329
51348
51353
51358
51366
51367
51375
51411
51411
51429
51491
51508
51526
51550
51558
51560
51570
51580
51600
51627
51644
51685
51704
51729
51729
51733
51744
51769
51816
51879
51901
51902
51902
51909
51912
51939
51946
51946
52021
52035
52059
52093
52105
52105
52106
52119
52132
52136
52155
52211
52220
52233
52235
52235
52251
52253
52324
52333
52356
52367
52379
52386
52400
52402
52417
52434
52443
52450
52456
52474
52474
52515
52521
52547
52558
52572
52598
52600
52643
52672
52767
52772
52818
52835
52840
52846
52846
52849
52859
52877
52894
52900
52900
52908
52915
52915
52921
52930
52953
52968
52990
52995
53004
53011
53054
53071
53100
53119
53131
53137
53145
53145
53160
53230
53231
53246
53296
53296
53316
53317
53331
53358
53372
53378
53380
53385
53407
53416
53424
53438
53443
53450
53462
53503
53503
53508
53518
53524
53547
53554
53558
53601
53606
53621
53653
53684
53698
53726
53768
53774
53805
53812
53829
53840
53847
53870
53873
53881
53897
53904
53908
53919
53959
53960
53977
53977
53983
53983
54015
54043
54063
54077
54078
54085
54094
54098
54102
54120
54123
54140
54142
54166
54167
54169
54172
54209
54213
54220
54250
54261
54316
54323
54327
54368
54403
54429
54442
54466
54478
54478
54483
54487
54518
54537
54549
54553
54569
54582
54601
54603
54611
54619
54630
54639
54753
54761
54791
54805
54815
54834
54912
54915
54951
54962
54968
55024
55053
55069
55116
55165
55179
55220
55231
55239
55302
55358
55364
55375
55378
55382
55420
55461
55543
55555
55558
55582
55593
55618
55621
55707
55715
55724
55776
55777
55795
55801
55804
55808
55831
55870
55897
55945
55992
56013
56032
56035
56043
56044
56059
56070
56146
56152
56152
56214
56239
56274
56276
56296
56305
56310
56340
56361
56368
56404
56409
56423
56438
56505
56515
56527
56533
56575
56578
56582
56585
56627
56632
56634
56640
56676
56695
56761
56764
56766
56794
56804
56813
56821
56839
56859
56875
56877
56927
56961
56978
56982
56994
57005
57009
57021
57047
57057
57062
57071
57119
57127
57130
57161
57165
57193
57194
57220
57237
57237
57238
57243
57244
57253
57271
57290
57330
57338
57349
57359
57362
57387
57415
57423
57451
57451
57487
57505
57522
57531
57563
57580
57610
57611
57630
57633
57662
57673
57724
57764
57772
57786
57796
57798
57811
57834
57848
57858
57890
57898
57899
57946
57947
57960
57966
58043
58062
58063
58065
58085
58105
58155
58162
58162
58166
58169
58209
58224
58260
58265
58270
58301
58322
58322
58332
58339
58347
58357
58370
58374
58382
58432
58433
58491
58494
58508
58532
58590
58606
58639
58657
58679
58680
58701
58705
58726
58756
58760
58793
58831
58847
58869
58879
58881
58891
58942
58945
58961
58988
58991
58993
58994
59028
59056
59059
59060
59068
59122
59134
59149
59171
59176
59184
59206
59219
59235
59238
59239
59260
59269
59337
59339
59340
59360
59378
59389
59390
59412
59432
59433
59474
59474
59500
59508
59558
59566
59583
59602
59610
59644
59652
59657
59700
59705
59714
59722
59762
59770
59776
59799
59801
59854
59905
59913
59926
59959
60004
60014
60016
60038
60071
60076
60096
60130
60152
60167
60202
60221
60249
60275
60310
60348
60364
60368
60418
60430
60460
60464
60484
60544
60576
60608
60612
60612
60619
60640
60645
60653
60661
60671
60677
60686
60701
60713
60741
60782
60790
60801
60831
60837
60870
60897
60903
60922
60947
60959
60970
60972
60982
60987
60990
60990
60996
61007
61012
61023
61024
61035
61147
61212
61217
61228
61231
61243
61247
61287
61310
61363
61371
61381
61423
61436
61441
61443
61450
61467
61494
61495
61512
61529
61558
61567
61573
61608
61620
61643
61662
61668
61669
61670
61714
61730
61737
61738
61744
61746
61753
61775
61808
61817
61842
61863
61973
62020
62037
62077
62109
62118
62121
62127
62140
62180
62207
62213
62264
62314
62314
62321
62349
62356
62375
62380
62428
62429
62452
62458
62486
62490
62518
62548
62551
62563
62575
62580
62583
62608
62638
62679
62742
62763
62789
62833
62840
62841
62853
62871
62908
62930
63001
63003
63048
63051
63120
63145
63153
63155
63173
63174
63188
63193
63196
63204
63209
63222
63342
63357
63389
63396
63404
63451
63495
63541
63543
63554
63570
63582
63587
63599
63627
63670
63673
63685
63694
63708
63744
63763
63782
63793
63832
63834
63839
63872
63902
63906
63914
63982
63990
63996
64001
64072
64085
64099
64115
64115
64119
64128
64131
64137
64149
64238
64250
64284
64293
64321
64375
64377
64405
64406
64413
64463
64480
64498
64558
64581
64599
64627
64627
64635
64640
64644
64687
64727
64754
64760
64771
64806
64825
64827
64827
64845
64849
64854
64866
64895
64901
64902
64906
64906
64913
64915
64924
64928
64954
65023
65026
65087
65110
65116
65119
65135
65153
65164
65174
65188
65195
65199
65205
65241
65265
65267
65272
65274
65289
65309
65324
65343
65345
65352
65360
65378
65380
65401
65410
65429
65445
65469
65470
65499
65512
65516
65546
65603
65603
65625
65661
65662
65710
65715
65736
65772
65808
65812
65820
65830
65851
65857
65859
65874
65917
65922
65925
65966
65973
65989
65989
66018
66019
66025
66057
66076
66090
66094
66100
66120
66125
66130
66181
66208
66237
66243
66263
66406
66429
66431
66448
66453
66479
66525
66542
66553
66556
66565
66646
66659
66672
66682
66685
66692
66708
66719
66733
66742
66767
66778
66809
66817
66824
66826
66835
66841
66850
66877
66892
66895
66923
66927
66932
66975
66987
67002
67063
67097
67100
67108
67174
67197
67199
67253
67275
67279
67298
67301
67305
67309
67317
67322
67336
67338
67359
67367
67380
67388
67391
67423
67432
67436
67446
67473
67479
67486
67528
67538
67543
67544
67565
67578
67608
67611
67618
67637
67642
67649
67656
67691
67706
67708
67724
67749
67760
67790
67797
67815
67834
67854
67867
67888
67898
67903
67949
67952
67963
67973
68016
68029
68061
68065
68098
68107
68140
68143
68173
68236
68251
68261
68269
68300
68306
68319
68328
68333
68339
68347
68353
68367
68405
68426
68426
68439
68453
68454
68462
68468
68468
68478
68482
68511
68545
68550
68567
68592
68600
68628
68650
68662
68667
68694
68700
68707
68721
68738
68743
68763
68767
68769
68770
68806
68807
68835
68841
68846
68880
68890
68898
68900
68909
68941
68944
68953
68962
68991
68996
68999
69001
69012
69015
69029
69065
69077
69171
69193
69196
69206
69210
69236
69239
69302
69387
69397
69417
69446
69464
69477
69503
69528
69537
69547
69565
69567
69620
69630
69645
69653
69689
69698
69700
69715
