37
350
881
1716
1771
2261
2689
3724
4007
4354
4441
4462
4987
5379
5769
5900
6079
7230
8715
9079
9632
9792
10764
11167
11412
11537
12630
13161
13548
13623
13802
14857
15372
15468
15854
16317
18000
19175
19224
19317
19441
20336
21020
21099
21815
21907
21917
22127
22241
22803
23355
23532
24095
24213
24604
25249
25400
25636
25905
27122
27283
27403
29160
29411
30838
32465
32588
34056
34749
34773
35206
35340
35694
36445
37031
38205
38823
39715
39736
39918
39976
40779
41132
41213
41731
41962
42221
42944
44728
45886
46061
46078
46378
46508
47407
47541
47915
48228
48503
48807
49039
49594
51644
52309
52443
52622
52740
53195
53359
56083
56290
56518
56959
57110
57515
57934
58704
58705
59200
59269
59411
61686
63259
63441
63681
63720
63756
64151
64374
65516
65835
66069
66106
66259
67463
68627
69176
69412
