28
36
50
57
69
100
113
126
178
190
200
210
217
226
252
254
275
282
302
315
340
361
398
399
436
466
482
513
515
543
544
574
577
578
601
642
724
731
745
748
758
759
767
788
794
873
878
890
911
947
978
990
1053
1065
1084
1089
1131
1131
1160
1174
1179
1211
1225
1245
1249
1251
1275
1282
1304
1307
1313
1326
1329
1336
1415
1430
1439
1460
1477
1488
1522
1556
1562
1571
1595
1615
1655
1667
1700
1715
1754
1768
1779
1779
1798
1834
1897
1900
1906
1925
1962
2082
2101
2103
2104
2111
2118
2169
2170
2191
2202
2204
2236
2259
2281
2314
2337
2357
2364
2372
2379
2388
2394
2398
2425
2434
2441
2465
2474
2478
2482
2518
2525
2588
2593
2594
2596
2599
2612
2641
2655
2691
2708
2709
2733
2771
2799
2833
2866
2868
2892
2932
2936
2963
2976
2985
3020
3032
3032
3077
3092
3102
3119
3124
3135
3156
3173
3187
3204
3230
3235
3242
3262
3268
3278
3293
3306
3313
3320
3356
3371
3379
3406
3407
3449
3451
3458
3467
3510
3513
3525
3537
3538
3578
3603
3643
3672
3680
3705
3741
3774
3781
3802
3822
3833
3836
3888
3892
3892
3896
3910
3915
3926
3926
3957
3960
3998
4010
4019
4031
4121
4126
4162
4169
4184
4224
4259
4259
4273
4274
4284
4313
4316
4329
4370
4377
4388
4393
4402
4439
4446
4492
4507
4531
4545
4557
4559
4563
4565
4576
4578
4593
4599
4602
4627
4628
4662
4704
4708
4731
4736
4742
4753
4754
4760
4763
4770
4777
4780
4781
4801
4808
4897
4919
4931
4952
4975
4988
4991
4992
4997
5017
5037
5045
5047
5060
5066
5078
5091
5114
5125
5136
5161
5204
5206
5213
5226
5229
5230
5238
5242
5254
5323
5332
5349
5373
5485
5485
5517
5517
5527
5528
5537
5585
5591
5593
5600
5611
5633
5668
5724
5750
5751
5766
5771
5822
5855
5885
5899
5950
5957
5958
5960
5998
6030
6068
6084
6106
6107
6109
6114
6124
6146
6158
6183
6187
6190
6202
6237
6258
6261
6267
6313
6331
6335
6336
6343
6362
6370
6375
6381
6382
6388
6397
6400
6450
6470
6473
6481
6511
6516
6526
6539
6558
6566
6609
6624
6625
6672
6680
6683
6706
6715
6719
6719
6723
6755
6801
6828
6829
6841
6844
6849
6859
6885
6909
6919
6937
6955
6959
6968
7027
7033
7071
7073
7075
7075
7096
7108
7143
7190
7210
7211
7224
7254
7255
7257
7283
7295
7331
7359
7376
7418
7444
7488
7496
7499
7519
7520
7527
7535
7552
7563
7599
7619
7622
7623
7637
7665
7692
7755
7782
7798
7820
7835
7838
7844
7847
7856
7861
7870
7914
7936
7956
7965
7973
7996
8003
8009
8017
8035
8041
8075
8079
8081
8087
8112
8112
8119
8135
8147
8155
8163
8168
8169
8235
8254
8282
8292
8305
8327
8373
8393
8402
8444
8492
8525
8528
8528
8551
8576
8629
8663
8698
8719
8747
8753
8758
8763
8787
8835
8845
8861
8867
8873
8897
8897
8904
8909
8914
8954
8989
9002
9006
9035
9121
9146
9153
9183
9202
9225
9235
9235
9264
9280
9291
9301
9339
9342
9349
9354
9356
9360
9389
9393
9408
9427
9431
9440
9452
9460
9487
9490
9491
9496
9500
9508
9522
9531
9532
9577
9587
9591
9597
9619
9623
9628
9646
9649
9669
9672
9693
9713
9724
9732
9752
9762
9765
9774
9786
9789
9804
9841
9884
9896
9899
9920
9945
9963
9963
9976
9995
9996
10005
10059
10070
10093
10097
10116
10121
10151
10173
10194
10197
10230
10233
10243
10251
10254
10268
10300
10314
10333
10345
10346
10363
10384
10413
10446
10470
10473
10504
10518
10539
10543
10545
10566
10586
10596
10665
10665
10672
10688
10695
10702
10719
10727
10762
10808
10880
10897
10907
10922
10929
10958
10971
10994
10999
11004
11021
11059
11086
11120
11122
11133
11155
11174
11192
11211
11242
11246
11256
11273
11320
11330
11335
11371
11372
11376
11386
11391
11396
11417
11442
11461
11465
11488
11494
11528
11577
11590
11635
11645
11685
11691
11712
11725
11747
11752
11754
11764
11770
11804
11826
11837
11838
11877
11882
11954
11959
11974
12016
12085
12122
12132
12155
12198
12227
12241
12252
12259
12262
12266
12301
12328
12330
12333
12384
12390
12408
12440
12448
12462
12553
12575
12589
12622
12634
12685
12686
12719
12751
12766
12788
12823
12861
12902
12910
12927
12974
13054
13088
13095
13117
13124
13157
13181
13202
13205
13211
13251
13271
13283
13288
13292
13360
13440
13480
13515
13530
13556
13558
13560
13586
13595
13616
13631
13636
13657
13691
13705
13715
13719
13750
13761
13764
13786
13800
13800
13813
13813
13856
13879
13932
13947
13958
13970
13980
14005
14012
14055
14068
14082
14134
14137
14138
14157
14176
14195
14238
14238
14250
14284
14288
14292
14301
14354
14356
14357
14377
14387
14423
14428
14465
14481
14490
14491
14493
14497
14508
14537
14547
14585
14587
14590
14615
14624
14636
14656
14668
14671
14691
14707
14710
14712
14720
14752
14764
14772
14782
14786
14805
14826
14846
14852
14856
14883
14889
14894
14898
14917
14917
14920
14928
14940
14960
14969
15031
15032
15041
15069
15069
15080
15129
15142
15155
15158
15163
15230
15248
15254
15297
15299
15341
15353
15397
15416
15443
15443
15486
15487
15505
15556
15594
15597
15606
15611
15642
15657
15659
15663
15666
15672
15692
15724
15742
15763
15806
15838
15842
15866
15897
15898
15924
15925
15926
15933
15933
15942
15969
15978
15989
16003
16069
16088
16116
16118
16120
16126
16134
16142
16176
16199
16205
16208
16224
16228
16256
16260
16261
16277
16305
16313
16347
16359
16394
16414
16419
16426
16448
16459
16460
16464
16467
16475
16486
16499
16513
16525
16547
16574
16600
16601
16610
16622
16636
16671
16676
16704
16714
16717
16723
16724
16752
16759
16764
16772
16797
16812
16827
16855
16895
16898
16901
16983
16985
17014
17028
17042
17044
17076
17079
17088
17101
17119
17173
17222
17239
17247
17249
17261
17263
17268
17274
17275
17279
17315
17332
17333
17359
17372
17373
17384
17399
17411
17448
17462
17464
17473
17500
17529
17619
17628
17635
17653
17662
17690
17707
17708
17731
17739
17745
17760
17761
17771
17795
17814
17836
17838
17876
17888
17909
17917
17919
17956
17969
17983
17985
18012
18017
18021
18032
18053
18059
18061
18063
18070
18090
18097
18198
18214
18224
18235
18257
18279
18281
18283
18284
18290
18329
18334
18358
18376
18386
18414
18424
18487
18513
18525
18541
18543
18545
18561
18623
18640
18643
18648
18659
18660
18670
18692
18696
18708
18708
18712
18790
18807
18825
18828
18852
18898
18964
18978
18992
19006
19009
19013
19019
19050
19092
19132
19146
19157
19173
19178
19181
19185
19200
19203
19207
19215
19250
19252
19276
19309
19347
19349
19379
19390
19424
19443
19502
19589
19604
19623
19729
19752
19752
19752
19764
19770
19773
19773
19796
19800
19807
19821
19873
19898
19910
19926
19931
19933
19935
19951
19978
19991
20005
20040
20104
20125
20138
20155
20170
20200
20210
20241
20242
20252
20298
20310
20310
20353
20385
20406
20418
20469
20486
20546
20547
20565
20588
20626
20664
20707
20714
20728
20733
20769
20781
20796
20814
20828
20835
20840
20850
20855
20861
20897
20900
20902
20961
20963
20964
20969
20994
21009
21015
21046
21050
21051
21058
21059
21071
21081
21103
21121
21124
21129
21135
21140
21192
21210
21240
21241
21244
21278
21285
21287
21309
21326
21330
21335
21341
21343
21355
21361
21380
21404
21411
21414
21419
21495
21536
21536
21579
21585
21588
21591
21654
21680
21700
21714
21754
21803
21829
21843
21852
21878
21895
21904
21940
21950
21953
21962
21963
21986
22009
22025
22042
22046
22124
22161
22162
22183
22188
22246
22249
22253
22258
22263
22290
22304
22307
22315
22320
22340
22342
22371
22398
22416
22430
22457
22522
22557
22581
22592
22617
22656
22670
22676
22694
22696
22696
22703
22710
22753
22771
22781
22834
22870
22879
22886
22903
22912
22923
22943
22983
22998
23067
23085
23088
23089
23115
23119
23120
23181
23183
23218
23219
23219
23224
23224
23230
23233
23255
23268
23278
23283
23292
23336
23358
23364
23374
23379
23386
23390
23398
23433
23435
23439
23444
23500
23501
23521
23554
23573
23593
23605
23623
23625
23647
23660
23667
23681
23692
23723
23726
23739
23752
23756
23774
23778
23816
23822
23824
23858
23876
23881
23981
23988
23990
24016
24048
24048
24051
24055
24060
24070
24081
24120
24155
24188
24190
24195
24221
24223
24227
24247
24250
24270
24287
24308
24317
24336
24342
24372
24417
24434
24449
24453
24482
24494
24498
24499
24508
24510
24594
24612
24638
24654
24655
24666
24686
24726
24739
24750
24758
24763
24768
24777
24788
24808
24818
24826
24846
24876
24902
24904
24923
24924
24925
24937
24950
24970
24993
24993
25008
25014
25014
25029
25039
25039
25121
25131
25156
25162
25169
25201
25211
25231
25242
25262
25275
25276
25281
25285
25307
25395
25399
25403
25409
25415
25431
25438
25440
25507
25524
25553
25610
25617
25644
25668
25690
25700
25701
25728
25758
25790
25794
25797
25797
25803
25817
25823
25852
25890
25917
25924
25941
25962
25994
26004
26005
26043
26081
26104
26139
26171
26199
26200
26221
26231
26286
26305
26323
26354
26369
26393
26398
26406
26418
26419
26430
26448
26472
26480
26496
26516
26527
26551
26576
26584
26599
26638
26642
26653
26686
26687
26687
26709
26720
26747
26749
26770
26793
26830
26834
26838
26866
26875
26882
26894
26901
26909
26921
26926
26934
26940
26978
27057
27072
27073
27084
27091
27104
27108
27147
27174
27183
27183
27209
27214
27214
27242
27260
27262
27278
27296
27303
27308
27312
27312
27315
27360
27415
27432
27469
27488
27512
27523
27535
27590
27656
27660
27665
27668
27674
27677
27712
27719
27725
27796
27808
27809
27821
27824
27846
27881
27918
27941
27944
27957
27959
27960
27990
28009
28023
28082
28104
28117
28141
28150
28158
28167
28168
28213
28226
28277
28285
28289
28306
28317
28323
28324
28324
28326
28332
28340
28353
28435
28445
28446
28452
28475
28476
28485
28574
28578
28582
28622
28622
28656
28699
28720
28721
28760
28785
28790
28826
28826
28827
28838
28898
28913
28923
28952
28961
28967
28971
29003
29014
29029
29057
29069
29092
29096
29149
29149
29156
29161
29202
29219
29233
29241
29247
29262
29274
29284
29335
29348
29390
29402
29493
29544
29601
29608
29610
29627
29642
29669
29689
29692
29705
29738
29786
29799
29810
29845
29846
29847
29857
29870
29889
29901
29906
29922
29961
29962
29983
30011
30013
30014
30015
30037
30055
30060
30096
30099
30107
30111
30138
30144
30151
30227
30302
30308
30313
30327
30337
30340
30356
30362
30374
30400
30421
30433
30443
30513
30523
30549
30550
30599
30607
30615
30621
30653
30690
30712
30762
30763
30773
30774
30776
30783
30791
30815
30846
30847
30848
30849
30854
30856
30870
30884
30901
30909
30917
30928
30969
30979
30993
31028
31046
31097
31099
31129
31142
31151
31155
31191
31197
31197
31198
31211
31214
31234
31238
31242
31244
31254
31260
31264
31283
31300
31303
31310
31345
31362
31366
31369
31375
31391
31395
31405
31409
31436
31437
31439
31440
31496
31508
31565
31573
31591
31603
31607
31607
31676
31699
31749
31791
31814
31855
31868
31943
31946
31971
31984
32008
32008
32045
32046
32058
32062
32066
32081
32101
32153
32157
32173
32207
32223
32253
32255
32260
32287
32326
32329
32355
32361
32373
32411
32412
32424
32434
32435
32444
32449
32449
32492
32500
32501
32566
32581
32588
32622
32623
32625
32637
32641
32674
32682
32686
32697
32707
32724
32727
32776
32790
32792
32803
32819
32844
32861
32937
32940
32975
33000
33001
33015
33047
33075
33105
33115
33122
33122
33125
33130
33157
33163
33168
33197
33210
33215
33223
33240
33246
33257
33261
33293
33365
33366
33375
33387
33414
33418
33422
33426
33440
33443
33461
33468
33481
33500
33531
33533
33534
33547
33568
33619
33623
33628
33693
33696
33708
33780
33792
33804
33826
33828
33831
33842
33863
33883
33900
33913
33935
33948
33954
33957
34001
34004
34012
34017
34020
34052
34052
34061
34072
34108
34126
34132
34137
34146
34148
34185
34203
34206
34215
34217
34219
34227
34238
34249
34289
34308
34308
34312
34324
34330
34382
34384
34401
34402
34405
34445
34490
34525
34541
34542
34585
34595
34613
34615
34680
34720
34765
34767
34781
34811
34819
34839
34842
34849
34857
34867
34908
34915
34915
34932
34949
34966
35017
35058
35076
35084
35124
35155
35181
35191
35194
35204
35215
35234
35240
35268
35294
35295
35298
35309
35315
35327
35330
35352
35403
35408
35430
35435
35470
35474
35475
35478
35500
35509
35516
35519
35533
35536
35557
35596
35645
35652
35653
35674
35680
35716
35768
35768
35773
35773
35801
35815
35828
35840
35854
35875
35887
35909
35916
35923
35943
35947
35955
35961
35994
36006
36040
36077
36089
36089
36092
36098
36103
36106
36122
36156
36158
36214
36227
36240
36251
36257
36295
36295
36306
36309
36339
36345
36355
36366
36373
36374
36386
36401
36404
36407
36409
36421
36432
36444
36461
36468
36475
36476
36502
36515
36524
36525
36535
36574
36593
36600
36605
36612
36623
36631
36656
36670
36688
36694
36700
36720
36738
36739
36740
36750
36756
36777
36791
36814
36866
36898
36942
36960
36961
36966
37005
37045
37070
37077
37089
37094
37129
37145
37148
37149
37175
37197
37200
37209
37211
37213
37268
37305
37314
37335
37338
37356
37362
37398
37412
37436
37443
37449
37467
37468
37484
37543
37555
37562
37566
37570
37579
37583
37588
37597
37604
37625
37655
37669
37708
37713
37717
37724
37770
37771
37776
37779
37804
37814
37837
37845
37873
37877
37891
37895
37912
37933
37957
37969
37970
37972
37976
37981
37994
38046
38049
38064
38079
38092
38111
38119
38146
38169
38175
38185
38189
38190
38192
38210
38225
38234
38240
38242
38246
38246
38246
38260
38261
38265
38279
38309
38382
38383
38386
38386
38394
38396
38401
38416
38478
38482
38484
38507
38519
38520
38533
38541
38552
38557
38591
38604
38611
38635
38638
38638
38647
38649
38672
38673
38681
38699
38741
38754
38772
38778
38781
38797
38840
38870
38925
38939
38951
38956
38959
38982
38999
39026
39039
39055
39056
39074
39086
39094
39105
39105
39109
39166
39167
39227
39246
39266
39267
39270
39276
39281
39281
39287
39299
39310
39317
39322
39323
39359
39362
39376
39409
39416
39440
39444
39479
39489
39489
39531
39534
39544
39564
39591
39673
39687
39706
39768
39773
39778
39796
39840
39873
39875
39907
39914
39956
40001
40004
40022
40031
40053
40054
40060
40087
40093
40096
40100
40119
40153
40159
40164
40185
40186
40198
40208
40234
40237
40259
40266
40291
40306
40312
40326
40328
40356
40370
40374
40381
40436
40437
40456
40470
40478
40494
40507
40513
40524
40552
40580
40610
40681
40720
40736
40739
40751
40760
40770
40808
40841
40869
40870
40878
40901
40905
40933
40936
40994
41034
41042
41053
41054
41056
41064
41069
41073
41100
41117
41137
41152
41154
41203
41206
41218
41246
41271
41273
41280
41285
41286
41294
41305
41329
41383
41435
41435
41454
41456
41485
41489
41498
41499
41502
41505
41512
41515
41516
41519
41544
41553
41558
41562
41569
41609
41614
41618
41626
41655
41716
41721
41738
41770
41781
41795
41796
41828
41831
41831
41836
41843
41859
41873
41890
41899
41915
41917
41922
41922
42004
42014
42022
42028
42042
42045
42109
42110
42118
42131
42191
42192
42204
42218
42244
42269
42275
42275
42276
42293
42294
42301
42333
42362
42403
42413
42416
42452
42456
42468
42484
42498
42514
42514
42551
42554
42555
42565
42567
42589
42611
42613
42648
42686
42705
42714
42721
42744
42747
42797
42799
42804
42812
42840
42885
42909
42916
42916
42932
42944
43006
43030
43032
43034
43037
43038
43043
43043
43068
43069
43070
43082
43083
43087
43092
43096
43111
43139
43169
43191
43209
43249
43255
43328
43335
43345
43359
43391
43408
43441
43444
43449
43449
43498
43519
43520
43574
43598
43606
43628
43640
43648
43666
43685
43685
43694
43696
43728
43738
43763
43772
43790
43802
43823
43851
43860
43896
43945
43965
43966
43967
44044
44056
44120
44135
44141
44170
44210
44226
44252
44258
44266
44274
44278
44280
44281
44283
44322
44325
44356
44441
44445
44483
44486
44524
44525
44537
44579
44627
44633
44673
44686
44713
44721
44761
44779
44791
44830
44842
44845
44849
44894
44922
44927
44960
44964
44981
44999
45002
45058
45064
45072
45104
45123
45147
45148
45194
45214
45219
45238
45240
45251
45262
45265
45330
45342
45353
45372
45441
45448
45450
45462
45535
45538
45543
45552
45553
45558
45584
45590
45592
45661
45665
45670
45679
45688
45700
45700
45715
45768
45818
45845
45879
45911
45920
45964
45970
45973
45979
45992
46025
46029
46058
46065
46074
46084
46138
46145
46161
46174
46182
46192
46239
46249
46271
46281
46341
46344
46352
46370
46390
46415
46418
46418
46443
46445
46463
46470
46478
46488
46506
46508
46512
46513
46515
46521
46544
46554
46555
46568
46601
46604
46612
46618
46644
46660
46669
46670
46686
46744
46766
46773
46777
46793
46806
46849
46880
46909
46933
46967
46980
46986
46987
46996
47007
47014
47014
47017
47031
47036
47040
47043
47046
47075
47081
47100
47110
47125
47144
47145
47184
47211
47214
47218
47222
47233
47235
47251
47295
47298
47299
47315
47323
47334
47338
47358
47433
47451
47466
47469
47472
47483
47486
47492
47506
47537
47557
47570
47575
47590
47599
47638
47644
47669
47706
47727
47757
47796
47800
47825
47838
47851
47852
47854
47875
47880
47883
47905
47941
47993
47995
48026
48035
48097
48113
48117
48125
48147
48153
48180
48194
48209
48211
48212
48235
48241
48242
48252
48271
48287
48290
48300
48303
48308
48315
48323
48345
48349
48367
48378
48378
48387
48388
48392
48405
48415
48422
48430
48435
48443
48452
48469
48489
48521
48603
48604
48627
48645
48668
48681
48685
48687
48703
48727
48730
48739
48762
48780
48794
48805
48835
48845
48850
48851
48875
48885
48887
48890
48908
48908
48922
48923
48934
48939
48982
48983
48983
49008
49033
49034
49042
49052
49060
49066
49070
49080
49094
49097
49110
49180
49193
49199
49217
49232
49248
49250
49315
49319
49331
49344
49354
49369
49399
49400
49409
49459
49480
49517
49527
49530
49555
49560
49577
49626
49666
49679
49708
49710
49722
49803
49816
49848
49856
49863
49867
49893
49922
49931
49964
49987
49995
50022
50029
50049
50063
50076
50087
50088
50093
50113
50140
50155
50180
50188
50189
50212
50214
50248
50259
50271
50276
50278
50285
50301
50302
50314
50328
50329
50330
50350
50390
50411
50413
50436
50437
50437
50469
50513
50519
50542
50570
50575
50581
50597
50619
50630
50656
50658
50671
50688
50704
50732
50744
50757
50764
50764
50765
50766
50776
50803
50808
50810
50822
50837
50871
50875
50883
50902
50905
50909
50913
50969
50972
51005
51006
51020
51021
51026
51030
51062
51067
51074
51113
51146
51154
51183
51184
51204
51213
51218
51221
51229
51247
51280
51281
51335
51354
51378
51411
51419
51437
51437
51440
51467
51477
51487
51498
51526
51561
51568
51575
51619
51630
51649
51661
51664
51665
51684
51685
51705
51778
51804
51818
51863
51891
51897
51903
51914
51920
51929
51941
51985
51995
52006
52033
52065
52072
52084
52089
52094
52101
52121
52142
52160
52165
52169
52196
52218
52232
52251
52270
52303
52332
52339
52384
52403
52449
52487
52504
52523
52524
52524
52541
52582
52599
52623
52628
52632
52632
52647
52655
52678
52691
52701
52742
52759
52766
52772
52824
52828
52832
52838
52844
52872
52882
52946
52950
52978
52979
52991
53004
53013
53015
53026
53048
53053
53054
53076
53078
53147
53165
53169
53195
53254
53263
53267
53278
53294
53313
53318
53321
53338
53358
53377
53401
53411
53416
53420
53465
53489
53495
53511
53544
53555
53565
53584
53605
53608
53650
53667
53680
53728
53745
53787
53808
53836
53845
53890
53899
53940
53956
53981
53992
54003
54007
54011
54019
54033
54046
54048
54105
54142
54154
54165
54170
54171
54180
54191
54205
54247
54269
54278
54297
54308
54338
54351
54385
54403
54422
54422
54432
54436
54443
54461
54468
54510
54515
54539
54560
54582
54592
54625
54632
54654
54654
54656
54687
54696
54709
54730
54752
54762
54770
54787
54794
54809
54813
54822
54836
54846
54906
54907
54945
54983
54998
55041
55090
55101
55113
55124
55140
55157
55159
55163
55169
55180
55198
55199
55208
55233
55272
55281
55295
55300
55305
55307
55311
55313
55345
55374
55374
55408
55423
55432
55434
55460
55463
55464
55465
55488
55494
55536
55541
55566
55568
55571
55573
55584
55612
55665
55669
55671
55682
55691
55697
55710
55744
55751
55775
55785
55791
55801
55817
55831
55850
55873
55881
55939
55946
55947
55967
55996
56000
56060
56066
56082
56085
56107
56140
56155
56164
56180
56180
56181
56189
56224
56281
56303
56306
56349
56362
56365
56373
56375
56377
56379
56414
56425
56455
56458
56485
56487
56490
56504
56511
56514
56517
56529
56595
56604
56615
56632
56653
56694
56701
56703
56704
56725
56736
56748
56750
56757
56766
56783
56795
56819
56826
56831
56867
56891
56902
56906
56942
56963
56974
56989
56994
57028
57033
57033
57046
57047
57078
57079
57112
57116
57128
57128
57133
57136
57175
57206
57233
57266
57285
57295
57336
57354
57370
57399
57441
57451
57453
57496
57502
57518
57529
57539
57556
57568
57601
57619
57621
57629
57636
57640
57665
57681
57690
57717
57720
57722
57736
57745
57748
57772
57773
57855
57917
57945
57953
57963
57985
57993
58004
58007
58012
58055
58060
58085
58090
58102
58112
58116
58150
58168
58174
58239
58275
58281
58289
58331
58370
58381
58392
58402
58435
58439
58457
58524
58551
58560
58597
58611
58618
58633
58657
58660
58695
58701
58706
58711
58744
58746
58762
58766
58799
58849
58864
58877
58888
58894
58902
58903
58912
58925
58932
58952
58953
58958
58997
58998
59028
59039
59053
59055
59068
59094
59106
59118
59129
59137
59140
59168
59200
59224
59242
59285
59286
59299
59312
59318
59342
59365
59386
59414
59418
59421
59425
59452
59491
59516
59533
59560
59590
59593
59597
59610
59655
59657
59664
59701
59710
59711
59723
59727
59732
59764
59793
59800
59814
59848
59857
59903
59909
59909
59920
59941
59982
59985
60016
60035
60057
60077
60103
60157
60179
60185
60215
60242
60247
60250
60256
60261
60261
60323
60357
60375
60385
60403
60437
60477
60504
60524
60577
60590
60593
60641
60651
60684
60696
60707
60707
60726
60730
60738
60740
60765
60770
60788
60793
60828
60834
60837
60847
60852
60869
60874
60913
60922
60950
61014
61017
61048
61061
61061
61067
61082
61097
61115
61119
61180
61188
61189
61200
61210
61223
61225
61238
61250
61255
61272
61284
61287
61291
61305
61308
61314
61339
61340
61371
61386
61401
61401
61422
61424
61439
61452
61457
61458
61459
61461
61472
61479
61551
61564
61582
61585
61592
61607
61663
61736
61800
61859
61861
61884
61927
61965
61979
62043
62051
62072
62085
62086
62106
62108
62113
62120
62148
62215
62231
62232
62256
62292
62316
62337
62347
62373
62381
62402
62410
62415
62429
62440
62452
62461
62471
62482
62490
62534
62538
62547
62574
62603
62605
62612
62649
62707
62713
62715
62716
62757
62758
62775
62794
62797
62845
62856
62878
62907
62915
62920
62944
62945
62952
62959
62976
62978
62984
63023
63060
63078
63118
63123
63128
63149
63151
63196
63198
63204
63212
63237
63253
63274
63291
63306
63331
63338
63384
63420
63424
63435
63438
63448
63452
63497
63498
63501
63516
63521
63523
63558
63559
63574
63594
63611
63617
63630
63660
63690
63717
63747
63820
63850
63863
63897
63899
63923
63941
63988
63993
64010
64021
64069
64120
64316
64317
64359
64372
64389
64447
64505
64518
64535
64538
64550
64558
64558
64579
64583
64584
64585
64585
64587
64617
64670
64672
64694
64710
64735
64749
64778
64788
64798
64817
64827
64828
64848
64867
64904
64909
64915
64918
64939
64959
64982
64990
65041
65090
65096
65175
65178
65230
65230
65255
65260
65286
65339
65400
65444
65458
65467
65479
65482
65483
65483
65492
65495
65495
65497
65502
65505
65509
65554
65580
65586
65597
65619
65642
65651
65670
65707
65728
65745
65746
65749
65752
65761
65771
65776
65799
65804
65819
65827
65846
65856
65868
65868
65870
65872
65897
65923
65941
65959
65959
65960
66053
66057
66069
66076
66101
66140
66140
66160
66160
66193
66197
66224
66231
66242
66267
66270
66273
66277
66310
66320
66328
66328
66330
66377
66388
66394
66412
66426
66461
66477
66509
66527
66542
66550
66573
66574
66617
66618
66629
66637
66649
66671
66697
66698
66700
66726
66728
66755
66767
66785
66811
66843
66843
66849
66850
66880
66883
66888
66893
66944
66956
66966
66989
67051
67056
67075
67138
67139
67141
67155
67184
67201
67233
67237
67242
67259
67264
67316
67324
67368
67393
67412
67419
67426
67428
67453
67479
67498
67500
67540
67550
67562
67562
67585
67592
67604
67610
67628
67634
67665
67673
67705
67714
67763
67783
67810
67814
67839
67846
67855
67866
67867
67872
67872
67875
67882
67904
67907
67916
67925
67932
67944
67945
67978
68004
68014
68036
68040
68044
68045
68048
68078
68084
68102
68124
68159
68168
68172
68176
68179
68186
68191
68209
68209
68231
68238
68240
68240
68247
68254
68258
68274
68284
68299
68317
68353
68379
68382
68387
68443
68480
68518
68548
68561
68579
68625
68646
68677
68687
68757
68761
68766
68771
68822
68824
68835
68849
68859
68859
68890
68893
68895
68904
68944
69006
69008
69009
69034
69059
69060
69074
69082
69113
69116
69124
69136
69138
69155
69171
69191
69219
69248
69258
69267
69289
69311
69316
69334
69336
69338
69363
69370
69378
69386
69408
69441
69443
69479
69495
69510
69528
69536
69539
69541
69545
69572
69643
69659
69714
69726
69728
69738
