6
66
81
113
114
118
123
133
142
160
167
168
175
193
247
247
262
270
294
297
314
316
329
341
350
351
364
381
403
416
433
434
446
463
491
507
537
544
576
607
628
629
653
663
680
699
722
736
742
746
757
760
766
766
766
806
812
842
868
869
869
879
891
896
934
975
991
996
998
1015
1016
1041
1050
1060
1062
1118
1119
1145
1164
1168
1204
1223
1223
1242
1283
1326
1331
1346
1386
1390
1403
1452
1452
1455
1457
1459
1462
1503
1544
1546
1569
1576
1579
1603
1629
1637
1659
1663
1696
1716
1757
1792
1799
1859
1864
1870
1887
1892
1903
1912
1924
1931
1940
1955
1968
1981
1990
2020
2039
2093
2110
2141
2143
2160
2168
2195
2218
2233
2234
2251
2308
2351
2390
2410
2421
2422
2438
2454
2466
2576
2589
2592
2632
2657
2663
2702
2703
2732
2740
2743
2767
2781
2788
2789
2790
2798
2807
2814
2831
2833
2833
2852
2874
2883
2901
2901
2903
2924
2952
2985
3001
3003
3011
3035
3035
3039
3040
3063
3080
3098
3100
3103
3119
3135
3157
3169
3180
3203
3226
3257
3307
3340
3340
3353
3363
3366
3375
3394
3411
3425
3440
3454
3469
3471
3514
3521
3529
3574
3598
3605
3635
3639
3652
3655
3665
3720
3729
3744
3746
3765
3794
3842
3863
3897
3910
3918
3979
3987
3992
4021
4034
4098
4108
4127
4147
4155
4170
4192
4206
4227
4274
4298
4307
4310
4330
4366
4411
4424
4446
4447
4455
4464
4469
4507
4511
4513
4517
4524
4563
4591
4595
4600
4608
4610
4612
4613
4621
4677
4678
4699
4717
4724
4732
4737
4751
4782
4787
4818
4818
4823
4852
4915
4943
4951
4989
5005
5008
5012
5038
5051
5106
5110
5126
5128
5128
5134
5164
5170
5184
5186
5203
5242
5271
5296
5310
5310
5312
5315
5317
5362
5421
5429
5455
5479
5488
5491
5500
5522
5525
5538
5540
5549
5565
5574
5580
5587
5603
5604
5608
5608
5624
5654
5671
5675
5691
5706
5722
5730
5747
5755
5779
5780
5802
5845
5848
5867
5868
5882
5892
5940
5948
5960
5987
6026
6052
6054
6087
6118
6130
6130
6156
6232
6255
6266
6283
6291
6320
6341
6343
6351
6360
6389
6391
6393
6423
6464
6465
6466
6492
6502
6506
6544
6549
6553
6557
6571
6597
6610
6617
6634
6692
6693
6731
6771
6776
6811
6842
6850
6854
6857
6870
6919
6932
6936
6964
6994
7010
7019
7034
7078
7132
7155
7158
7179
7187
7192
7193
7223
7289
7290
7293
7305
7309
7321
7322
7333
7347
7364
7366
7394
7417
7420
7472
7483
7504
7506
7512
7514
7582
7586
7589
7596
7597
7600
7611
7618
7673
7692
7693
7736
7745
7786
7787
7802
7820
7822
7824
7840
7843
7867
7884
7900
7931
7940
7944
7945
7949
7957
7972
7975
7978
7985
7987
7993
8030
8038
8041
8054
8073
8073
8075
8096
8127
8128
8138
8143
8180
8183
8187
8192
8223
8232
8238
8245
8285
8298
8299
8317
8330
8338
8376
8381
8381
8394
8401
8412
8431
8432
8439
8454
8455
8457
8466
8467
8487
8501
8508
8517
8538
8547
8595
8598
8616
8618
8627
8640
8656
8708
8714
8750
8753
8768
8786
8790
8806
8815
8826
8844
8851
8858
8859
8876
8878
8909
8922
8930
8962
8993
9072
9092
9116
9118
9120
9142
9154
9190
9194
9197
9212
9213
9219
9229
9231
9244
9244
9249
9265
9285
9368
9373
9380
9407
9424
9437
9440
9507
9536
9542
9558
9565
9616
9618
9623
9634
9671
9674
9679
9686
9709
9716
9732
9806
9820
9831
9847
9852
9861
9901
9922
9924
9924
9939
9940
9942
9947
9965
9980
9999
10013
10056
10059
10070
10106
10120
10121
10140
10176
10177
10182
10192
10203
10207
10212
10223
10227
10249
10274
10274
10295
10327
10369
10408
10419
10426
10444
10470
10474
10483
10487
10498
10512
10527
10530
10576
10581
10587
10593
10646
10649
10655
10666
10687
10722
10753
10767
10805
10813
10820
10847
10858
10870
10876
10879
10889
10929
10932
10934
10935
10939
10992
11004
11016
11027
11040
11057
11075
11101
11113
11117
11130
11142
11176
11181
11214
11241
11272
11300
11329
11340
11360
11366
11395
11408
11418
11419
11438
11444
11462
11476
11481
11500
11516
11521
11541
11592
11606
11642
11653
11692
11693
11707
11711
11722
11751
11760
11773
11793
11820
11837
11841
11845
11852
11856
11903
11907
11924
11927
11961
11975
11999
12002
12005
12028
12033
12043
12069
12086
12095
12099
12160
12206
12224
12225
12227
12233
12240
12249
12256
12263
12281
12282
12326
12341
12344
12357
12360
12367
12376
12380
12383
12387
12387
12432
12438
12441
12448
12454
12490
12511
12512
12529
12538
12539
12548
12555
12561
12572
12632
12638
12656
12660
12662
12692
12693
12697
12699
12724
12806
12811
12820
12843
12847
12847
12855
12858
12866
12919
12920
12922
12923
12940
12942
12951
12965
12970
12971
13006
13007
13015
13052
13055
13060
13082
13107
13117
13130
13148
13153
13168
13191
13216
13234
13267
13298
13301
13320
13327
13335
13343
13365
13379
13403
13403
13404
13405
13417
13419
13442
13449
13455
13471
13481
13481
13484
13494
13540
13543
13566
13575
13575
13587
13594
13650
13660
13682
13686
13689
13700
13707
13707
13735
13746
13747
13764
13770
13776
13784
13813
13814
13858
13884
13891
13899
13916
13930
13932
13945
13985
13991
13992
14013
14024
14029
14042
14073
14079
14104
14106
14111
14116
14123
14126
14131
14149
14163
14181
14185
14188
14195
14203
14242
14290
14293
14335
14349
14367
14415
14445
14468
14496
14502
14505
14527
14532
14562
14571
14576
14582
14609
14653
14658
14665
14675
14677
14717
14727
14728
14758
14761
14764
14769
14774
14789
14820
14821
14822
14829
14854
14879
14891
14906
14923
14924
14933
14950
14958
15020
15026
15039
15063
15072
15094
15096
15098
15111
15125
15172
15199
15202
15237
15237
15242
15263
15301
15307
15320
15334
15357
15358
15360
15371
15375
15375
15379
15409
15411
15416
15421
15424
15463
15481
15507
15529
15534
15538
15541
15542
15567
15570
15580
15589
15606
15629
15636
15641
15644
15646
15658
15663
15666
15666
15689
15705
15713
15740
15755
15761
15762
15769
15809
15824
15869
15871
15871
15911
15920
15924
15930
15937
15963
15965
15967
15994
16019
16022
16027
16046
16064
16076
16093
16099
16115
16118
16168
16175
16193
16199
16229
16232
16282
16287
16288
16289
16295
16300
16306
16306
16317
16331
16359
16362
16362
16375
16377
16384
16404
16418
16426
16428
16433
16440
16469
16506
16511
16536
16546
16553
16554
16558
16562
16598
16631
16631
16647
16682
16697
16702
16711
16713
16721
16763
16779
16788
16802
16830
16865
16892
16898
16899
16920
16923
16924
16935
16950
16959
16982
16982
16983
17006
17022
17022
17029
17043
17048
17097
17123
17144
17158
17159
17163
17171
17186
17197
17217
17297
17299
17304
17317
17342
17350
17361
17383
17387
17416
17426
17432
17456
17461
17474
17474
17489
17491
17492
17500
17510
17518
17545
17565
17614
17620
17624
17631
17652
17667
17675
17686
17722
17728
17747
17750
17771
17778
17779
17812
17814
17815
17821
17821
17833
17845
17874
17883
17883
17909
17926
17929
17953
17956
17959
17965
17974
17988
18000
18011
18014
18037
18039
18053
18057
18065
18099
18115
18125
18133
18138
18142
18159
18184
18197
18199
18201
18221
18226
18232
18266
18279
18301
18306
18326
18329
18411
18414
18424
18445
18463
18473
18481
18495
18508
18548
18574
18575
18599
18602
18610
18625
18641
18675
18681
18689
18709
18714
18715
18725
18769
18801
18821
18824
18842
18856
18944
18953
18959
18982
19001
19005
19014
19022
19030
19034
19038
19047
19054
19063
19090
19098
19120
19124
19146
19149
19188
19197
19202
19221
19245
19277
19307
19312
19317
19345
19352
19368
19389
19393
19436
19437
19444
19463
19463
19474
19481
19486
19487
19530
19573
19593
19602
19614
19621
19665
19677
19693
19718
19738
19755
19755
19757
19783
19788
19801
19817
19847
19853
19885
19898
19905
19917
19928
19928
19928
19930
19932
19950
20015
20064
20079
20104
20134
20145
20161
20214
20289
20337
20340
20370
20383
20387
20442
20448
20482
20487
20491
20507
20547
20558
20560
20567
20577
20600
20644
20651
20661
20677
20686
20695
20711
20713
20735
20776
20808
20810
20816
20823
20823
20829
20831
20831
20837
20837
20843
20848
20862
20884
20896
20904
20904
20907
20925
20933
20947
20966
20977
21016
21044
21051
21057
21070
21106
21120
21137
21153
21164
21189
21233
21246
21279
21292
21296
21324
21356
21387
21389
21401
21402
21425
21447
21451
21471
21477
21482
21506
21577
21604
21608
21622
21630
21673
21677
21677
21699
21719
21727
21728
21752
21785
21797
21800
21819
21831
21844
21853
21882
21892
21892
21894
21918
21930
21944
21946
21976
22007
22018
22020
22025
22042
22046
22078
22086
22099
22109
22138
22160
22208
22209
22270
22281
22295
22314
22331
22342
22350
22351
22374
22379
22382
22412
22412
22423
22427
22443
22443
22455
22462
22471
22511
22511
22524
22533
22571
22587
22587
22611
22621
22627
22629
22640
22673
22704
22709
22722
22736
22741
22771
22775
22786
22796
22816
22831
22844
22856
22886
22890
22932
22934
22957
22961
22985
22991
23012
23025
23027
23056
23057
23078
23105
23114
23129
23135
23169
23172
23207
23224
23226
23267
23299
23299
23315
23335
23339
23358
23386
23397
23417
23421
23444
23453
23483
23507
23530
23530
23537
23550
23553
23631
23654
23688
23689
23694
23705
23715
23757
23759
23771
23791
23800
23808
23831
23874
23912
23926
23928
23948
23963
23982
24010
24021
24024
24031
24031
24064
24065
24069
24079
24109
24109
24110
24122
24155
24170
24175
24180
24189
24225
24300
24305
24306
24314
24326
24350
24355
24356
24383
24395
24397
24411
24427
24489
24492
24504
24545
24572
24574
24585
24585
24610
24612
24619
24628
24704
24714
24744
24750
24783
24784
24812
24857
24871
24890
24910
24936
24956
24958
24988
24990
25021
25033
25059
25073
25086
25094
25166
25173
25189
25208
25215
25278
25299
25321
25324
25335
25335
25364
25367
25413
25414
25416
25420
25424
25435
25437
25455
25473
25476
25480
25499
25499
25541
25575
25609
25616
25618
25643
25649
25657
25659
25674
25706
25733
25738
25749
25753
25807
25815
25819
25823
25824
25832
25842
25861
25907
25920
25924
25942
25943
25959
25978
26022
26029
26058
26064
26075
26082
26092
26093
26093
26099
26102
26125
26126
26131
26139
26143
26156
26156
26178
26196
26249
26273
26287
26321
26328
26330
26334
26345
26345
26358
26376
26378
26407
26409
26430
26444
26464
26466
26503
26504
26566
26587
26605
26607
26615
26640
26643
26652
26681
26724
26727
26747
26770
26771
26798
26843
26870
26884
26899
26935
26936
26942
26950
26962
26975
27002
27003
27022
27028
27040
27042
27057
27057
27064
27093
27104
27110
27151
27153
27171
27181
27204
27223
27239
27246
27258
27279
27326
27326
27335
27340
27359
27378
27392
27418
27429
27450
27453
27457
27457
27463
27469
27480
27496
27509
27536
27560
27575
27575
27633
27671
27684
27723
27772
27775
27784
27788
27855
27863
27881
27903
27906
27909
27926
27968
27972
27995
27998
28008
28008
28012
28044
28046
28069
28075
28077
28081
28093
28095
28096
28101
28114
28115
28127
28133
28151
28232
28233
28235
28239
28241
28266
28297
28306
28330
28337
28338
28338
28349
28392
28401
28422
28423
28439
28440
28443
28466
28472
28486
28488
28546
28558
28566
28569
28587
28624
28634
28646
28658
28670
28682
28707
28708
28710
28713
28730
28736
28740
28772
28789
28791
28797
28799
28815
28820
28843
28846
28879
28882
28888
28899
29009
29042
29053
29057
29057
29059
29083
29097
29119
29121
29229
29238
29273
29284
29315
29318
29322
29343
29361
29396
29406
29410
29411
29430
29446
29475
29499
29500
29531
29578
29585
29606
29619
29672
29684
29687
29734
29738
29739
29745
29765
29788
29788
29795
29795
29801
29803
29809
29824
29835
29853
29929
29929
29938
29954
29961
29980
30015
30028
30042
30071
30075
30133
30153
30161
30173
30174
30199
30208
30224
30261
30274
30325
30335
30340
30358
30367
30376
30394
30411
30422
30445
30450
30454
30461
30488
30497
30572
30574
30625
30637
30679
30689
30712
30718
30722
30728
30729
30734
30756
30770
30786
30815
30825
30865
30876
30936
30940
30943
30965
30967
30973
31013
31047
31050
31070
31078
31096
31097
31109
31119
31121
31126
31148
31149
31158
31158
31166
31168
31173
31183
31194
31206
31231
31243
31268
31365
31439
31447
31468
31471
31474
31483
31549
31560
31592
31605
31621
31645
31673
31727
31741
31758
31766
31781
31789
31809
31814
31866
31871
31888
31911
31918
31921
31927
31933
31947
31957
31970
31978
31985
31995
31999
32024
32052
32060
32080
32085
32093
32108
32111
32113
32122
32124
32140
32162
32174
32229
32249
32253
32270
32297
32299
32312
32323
32346
32354
32373
32379
32381
32422
32453
32467
32477
32485
32488
32505
32524
32537
32568
32577
32589
32591
32593
32598
32599
32609
32630
32630
32676
32697
32753
32810
32812
32817
32828
32845
32848
32879
32879
32931
32933
32963
32972
32978
33003
33020
33022
33024
33037
33046
33051
33063
33110
33121
33136
33151
33166
33175
33249
33266
33291
33292
33321
33322
33323
33348
33349
33358
33375
33392
33412
33432
33435
33438
33438
33450
33463
33493
33495
33511
33543
33567
33582
33589
33623
33652
33654
33696
33706
33716
33739
33752
33754
33774
33782
33797
33810
33829
33850
33870
33906
33913
33934
33945
33964
33976
33978
33981
33993
33995
34000
34007
34022
34032
34033
34051
34068
34098
34143
34157
34159
34168
34172
34212
34234
34267
34268
34273
34287
34298
34299
34299
34310
34312
34314
34328
34331
34347
34352
34363
34363
34398
34401
34406
34414
34421
34430
34438
34471
34486
34488
34501
34553
34556
34587
34601
34606
34636
34655
34668
34683
34691
34697
34705
34705
34725
34726
34728
34748
34793
34795
34801
34830
34840
34849
34863
34878
34910
34915
34945
34954
34961
34964
34979
34985
34985
34987
35029
35036
35042
35197
35208
35210
35237
35265
35283
35285
35324
35331
35334
35339
35350
35365
35374
35377
35387
35388
35428
35443
35456
35458
35491
35504
35512
35530
35572
35572
35575
35623
35640
35647
35651
35670
35701
35701
35717
35727
35744
35748
35752
35775
35849
35870
35872
35902
35910
35922
35925
35931
35936
35936
35963
35972
35985
36089
36098
36111
36130
36136
36138
36147
36178
36193
36200
36201
36213
36246
36263
36306
36314
36319
36322
36330
36367
36372
36373
36407
36415
36436
36438
36439
36463
36474
36486
36492
36581
36597
36601
36623
36639
36650
36666
36670
36682
36702
36721
36726
36735
36762
36776
36783
36790
36802
36804
36806
36863
36867
36868
36876
36877
36895
36909
36922
36942
36949
36956
36982
37006
37016
37017
37021
37024
37029
37065
37068
37084
37100
37107
37117
37121
37122
37128
37146
37177
37187
37198
37228
37244
37265
37288
37296
37328
37348
37371
37373
37380
37389
37417
37431
37455
37472
37500
37504
37514
37522
37554
37602
37620
37636
37664
37704
37705
37708
37795
37799
37804
37812
37813
37819
37833
37838
37843
37868
37868
37879
37932
37940
37950
37951
37958
37967
37973
38016
38018
38030
38033
38083
38083
38089
38102
38111
38141
38143
38167
38181
38185
38188
38247
38256
38265
38269
38312
38329
38370
38376
38377
38391
38398
38456
38458
38469
38491
38503
38506
38523
38532
38552
38584
38590
38591
38597
38628
38645
38739
38748
38759
38773
38811
38812
38812
38813
38843
38844
38873
38880
38967
38979
38981
39008
39019
39025
39033
39050
39060
39075
39076
39080
39116
39120
39135
39135
39220
39222
39224
39243
39253
39273
39287
39291
39295
39320
39376
39379
39381
39386
39390
39434
39445
39450
39496
39510
39528
39539
39552
39554
39577
39584
39603
39611
39617
39679
39711
39732
39737
39748
39751
39758
39764
39769
39779
39825
39835
39854
39867
39895
39926
39930
39957
39975
39993
40001
40029
40037
40053
40079
40103
40105
40107
40153
40164
40172
40200
40214
40224
40227
40233
40242
40243
40246
40256
40279
40284
40289
40293
40297
40298
40301
40301
40305
40311
40333
40343
40364
40374
40375
40383
40386
40387
40399
40407
40408
40410
40412
40416
40419
40429
40449
40457
40475
40483
40486
40505
40521
40521
40562
40567
40592
40593
40600
40607
40608
40620
40630
40675
40695
40698
40708
40716
40722
40729
40734
40762
40770
40800
40802
40812
40848
40868
40870
40919
40934
40941
40946
40960
40964
40965
40980
40993
41025
41064
41064
41095
41102
41105
41105
41135
41186
41227
41232
41235
41306
41317
41323
41339
41371
41375
41397
41397
41398
41442
41451
41465
41469
41502
41511
41522
41524
41546
41551
41573
41577
41603
41609
41635
41647
41667
41690
41704
41737
41744
41796
41834
41840
41868
41869
41902
41907
41938
41943
41974
41979
41982
41991
41995
41999
42039
42043
42086
42091
42101
42102
42108
42108
42117
42146
42150
42153
42177
42179
42181
42181
42184
42234
42302
42321
42352
42357
42372
42401
42407
42409
42418
42444
42455
42529
42534
42541
42568
42572
42577
42591
42603
42647
42655
42672
42673
42688
42711
42711
42729
42731
42734
42738
42762
42793
42814
42817
42817
42823
42830
42839
42845
42853
42855
42868
42891
42909
42911
42927
42941
42947
42950
42957
42972
42985
42995
43033
43047
43061
43062
43082
43083
43100
43126
43140
43174
43183
43185
43190
43228
43236
43244
43249
43270
43271
43290
43311
43312
43315
43328
43395
43395
43419
43442
43457
43480
43498
43500
43511
43524
43528
43532
43537
43545
43553
43562
43581
43583
43619
43620
43664
43710
43710
43723
43756
43778
43798
43811
43882
43884
43885
43907
43919
43920
43930
43930
43950
43952
43988
43993
44038
44039
44048
44076
44078
44113
44123
44128
44134
44142
44169
44170
44216
44239
44264
44266
44274
44301
44325
44337
44354
44360
44367
44373
44395
44401
44404
44418
44437
44439
44442
44469
44470
44492
44530
44536
44584
44611
44617
44663
44669
44687
44708
44722
44735
44736
44742
44811
44822
44829
44856
44860
44868
44868
44868
44878
44880
44893
44902
44917
44920
44920
44932
44938
44958
44971
44994
45006
45008
45031
45074
45081
45118
45144
45163
45189
45218
45224
45232
45240
45285
45335
45341
45343
45356
45442
45456
45461
45513
45530
45534
45554
45566
45573
45584
45610
45619
45622
45627
45633
45636
45639
45676
45697
45718
45733
45740
45833
45856
45859
45862
45864
45865
45866
45874
45883
45884
45919
45948
45973
45989
46014
46030
46045
46087
46096
46107
46126
46136
46139
46158
46184
46190
46216
46221
46244
46257
46286
46303
46316
46319
46342
46352
46361
46363
46383
46397
46401
46404
46405
46431
46443
46465
46510
46528
46555
46562
46569
46580
46629
46639
46660
46661
46681
46689
46694
46705
46709
46729
46733
46738
46750
46759
46759
46777
46794
46806
46821
46827
46827
46855
46857
46858
46883
46949
46958
46959
46971
46979
46984
47000
47002
47032
47037
47044
47050
47052
47086
47091
47110
47148
47179
47184
47193
47201
47208
47252
47253
47260
47301
47335
47348
47377
47419
47426
47428
47466
47474
47489
47495
47548
47566
47572
47631
47649
47675
47677
47679
47698
47724
47732
47743
47749
47768
47791
47792
47802
47844
47848
47861
47867
47892
47896
47927
47932
47947
47982
47996
48017
48080
48091
48127
48154
48166
48182
48190
48198
48257
48272
48273
48289
48323
48324
48325
48327
48332
48375
48387
48389
48396
48403
48416
48474
48479
48532
48538
48594
48612
48634
48653
48685
48690
48705
48707
48708
48723
48726
48732
48757
48795
48813
48829
48853
48861
48874
48884
48894
48936
48938
48974
48977
49023
49035
49057
49061
49083
49085
49089
49130
49152
49170
49195
49200
49234
49250
49269
49295
49333
49350
49364
49369
49369
49372
49400
49406
49415
49427
49479
49511
49517
49530
49542
49548
49563
49572
49573
49593
49593
49594
49622
49622
49625
49637
49648
49657
49692
49697
49700
49715
49719
49727
49729
49733
49769
49778
49800
49844
49851
49864
49873
49879
49884
49886
49891
49914
49936
49942
49968
49970
50006
50019
50032
50036
50066
50071
50127
50139
50153
50178
50179
50192
50220
50227
50241
50290
50318
50322
50333
50338
50356
50372
50403
50409
50416
50417
50431
50473
50488
50501
50506
50520
50572
50585
50601
50623
50639
50646
50652
50653
50665
50703
50717
50721
50722
50802
50815
50862
50867
50874
50905
50923
50927
50971
50988
51005
51007
51007
51030
51052
51064
51078
51084
51123
51131
51132
51133
51136
51162
51166
51178
51186
51192
51198
51216
51254
51267
51280
51281
51284
51286
51296
51313
51344
51367
51432
51443
51474
51495
51526
51554
51560
51589
51593
51598
51624
51652
51664
51666
51673
51697
51700
51706
51713
51746
51778
51779
51793
51818
51820
51824
51828
51830
51838
51848
51865
51881
51896
51901
51925
51936
51942
51947
51961
51993
52010
52089
52092
52111
52113
52145
52160
52179
52191
52241
52267
52270
52306
52330
52368
52392
52459
52502
52506
52514
52531
52548
52554
52558
52561
52561
52594
52623
52634
52634
52636
52644
52657
52663
52677
52685
52695
52695
52701
52712
52736
52740
52760
52761
52781
52810
52811
52812
52816
52831
52866
52873
52939
52956
52999
53002
53004
53038
53045
53079
53122
53144
53158
53166
53167
53199
53208
53217
53271
53276
53322
53330
53366
53448
53450
53457
53461
53488
53494
53500
53513
53514
53551
53608
53635
53649
53654
53674
53677
53685
53706
53718
53729
53742
53765
53769
53818
53831
53837
53843
53847
53850
53865
53879
53889
53927
53934
53940
53968
53997
54007
54040
54057
54059
54075
54085
54126
54163
54175
54182
54192
54197
54205
54207
54208
54211
54226
54226
54226
54233
54243
54245
54257
54257
54266
54270
54271
54274
54282
54285
54301
54314
54318
54325
54355
54357
54365
54372
54382
54407
54425
54448
54495
54508
54521
54522
54536
54584
54626
54652
54678
54708
54743
54743
54745
54755
54760
54761
54775
54775
54778
54787
54817
54827
54834
54839
54842
54918
54930
54945
54955
54963
55003
55017
55026
55045
55045
55059
55091
55093
55145
55148
55165
55205
55209
55224
55226
55234
55265
55309
55329
55334
55364
55373
55383
55407
55454
55459
55460
55464
55474
55481
55485
55486
55488
55496
55515
55519
55521
55523
55526
55533
55561
55568
55599
55624
55653
55653
55663
55674
55690
55713
55751
55784
55796
55808
55820
55845
55861
55862
55924
55929
55964
55972
55991
56016
56052
56054
56066
56072
56097
56101
56111
56123
56125
56132
56140
56146
56159
56200
56212
56233
56245
56254
56266
56272
56309
56315
56326
56334
56337
56339
56362
56368
56372
56373
56375
56381
56387
56399
56403
56432
56440
56450
56464
56467
56476
56507
56520
56532
56532
56553
56557
56560
56565
56568
56572
56585
56592
56598
56604
56615
56621
56626
56641
56652
56653
56673
56675
56678
56692
56716
56733
56737
56779
56785
56794
56798
56811
56815
56898
56915
56943
56947
56948
56952
56966
57000
57007
57021
57037
57043
57061
57064
57066
57085
57085
57091
57101
57129
57155
57212
57212
57215
57223
57234
57236
57260
57267
57285
57301
57312
57340
57367
57428
57468
57469
57482
57485
57487
57493
57503
57508
57516
57521
57537
57542
57542
57549
57580
57582
57586
57588
57596
57722
57728
57746
57754
57813
57821
57848
57849
57857
57861
57879
57935
57952
57953
57964
57975
58081
58083
58092
58123
58165
58181
58188
58199
58246
58253
58259
58260
58279
58281
58291
58318
58322
58327
58337
58350
58350
58356
58358
58380
58396
58415
58437
58449
58460
58501
58503
58505
58516
58522
58528
58571
58576
58619
58621
58638
58654
58665
58679
58708
58709
58722
58733
58746
58757
58770
58791
58798
58800
58813
58825
58872
58898
58925
59007
59011
59019
59043
59053
59077
59104
59114
59114
59114
59134
59150
59164
59182
59182
59225
59250
59258
59275
59275
59283
59290
59311
59337
59353
59366
59370
59385
59406
59412
59418
59441
59453
59456
59472
59478
59490
59505
59507
59509
59545
59548
59578
59604
59605
59610
59623
59627
59655
59661
59668
59677
59708
59745
59773
59776
59801
59814
59826
59835
59846
59858
59892
59905
59917
59933
60012
60040
60057
60079
60135
60135
60136
60165
60177
60190
60259
60270
60275
60278
60285
60287
60296
60300
60305
60315
60353
60398
60406
60408
60440
60442
60449
60463
60473
60494
60503
60516
60542
60544
60551
60555
60572
60572
60587
60605
60610
60641
60687
60713
60716
60734
60735
60739
60750
60773
60804
60835
60836
60871
60895
60898
60910
60916
60952
60965
60974
60982
60996
61014
61016
61018
61019
61027
61039
61045
61063
61080
61115
61137
61144
61169
61224
61241
61259
61280
61299
61316
61332
61333
61358
61367
61398
61439
61453
61457
61460
61468
61472
61502
61522
61528
61528
61566
61576
61602
61616
61638
61703
61720
61726
61733
61755
61766
61768
61791
61794
61803
61823
61874
61959
62007
62015
62023
62025
62055
62055
62073
62085
62134
62181
62185
62214
62217
62229
62284
62288
62323
62364
62366
62381
62409
62438
62440
62483
62496
62498
62513
62559
62583
62597
62608
62616
62622
62623
62648
62658
62660
62706
62720
62729
62742
62752
62773
62856
62861
62863
62863
62957
62971
63015
63031
63045
63051
63081
63091
63110
63114
63123
63125
63134
63163
63186
63200
63207
63218
63226
63304
63322
63337
63373
63382
63389
63392
63427
63428
63437
63464
63472
63512
63519
63521
63586
63593
63595
63606
63636
63647
63670
63694
63698
63717
63726
63752
63773
63789
63801
63809
63819
63827
63834
63841
63841
63878
63890
63891
63911
63940
63943
63964
63965
63986
64002
64007
64019
64053
64111
64112
64112
64115
64149
64150
64165
64169
64172
64195
64204
64227
64235
64272
64276
64282
64287
64302
64303
64317
64322
64328
64337
64345
64398
64421
64437
64456
64466
64489
64528
64539
64552
64574
64583
64585
64588
64594
64596
64598
64608
64632
64638
64644
64659
64659
64682
64698
64721
64743
64827
64830
64842
64845
64877
64885
64900
64934
64941
64942
64943
64962
64969
64970
64999
65019
65021
65042
65051
65066
65067
65085
65104
65106
65117
65144
65149
65175
65193
65204
65213
65215
65216
65242
65243
65245
65262
65278
65317
65341
65345
65363
65364
65369
65376
65393
65398
65420
65466
65483
65487
65493
65498
65501
65547
65577
65594
65596
65619
65629
65636
65641
65641
65675
65678
65693
65704
65722
65756
65762
65763
65763
65763
65770
65773
65809
65809
65821
65840
65840
65847
65849
65858
65874
65905
65910
65933
65935
65944
66025
66033
66054
66058
66093
66138
66167
66184
66188
66191
66219
66223
66226
66230
66245
66257
66277
66280
66289
66305
66327
66350
66355
66372
66378
66383
66389
66459
66460
66472
66474
66478
66479
66480
66487
66492
66506
66511
66524
66546
66588
66606
66609
66609
66610
66618
66625
66634
66649
66712
66716
66747
66748
66749
66772
66779
66789
66791
66795
66812
66834
66834
66863
66863
66874
66929
66929
66977
66977
66982
66990
67000
67023
67051
67058
67133
67139
67146
67150
67169
67184
67218
67240
67250
67254
67260
67275
67276
67279
67280
67315
67318
67327
67332
67353
67371
67377
67384
67393
67407
67421
67436
67443
67456
67460
67484
67490
67491
67534
67546
67549
67556
67568
67580
67589
67606
67627
67656
67657
67670
67729
67730
67733
67735
67740
67746
67749
67814
67858
67880
67936
67949
67966
67985
67987
68012
68022
68031
68061
68085
68087
68199
68201
68240
68280
68302
68309
68336
68336
68356
68357
68361
68369
68370
68389
68400
68420
68421
68429
68454
68477
68477
68500
68522
68525
68547
68548
68562
68566
68583
68601
68601
68619
68635
68659
68671
68673
68673
68685
68748
68759
68760
68783
68803
68813
68820
68825
68847
68849
68892
68892
68932
68933
68968
68970
69001
69040
69062
69071
69078
69098
69113
69153
69168
69186
69200
69212
69219
69219
69224
69225
69227
69254
69281
69310
69331
69340
69394
69394
69396
69416
69426
69446
69451
69454
69495
69508
69515
69518
69533
69534
69574
69582
69590
69616
69620
69622
69624
69675
69678
69697
69698
69711
69728
69729
69744
