6
7
17
28
52
56
58
58
65
65
65
84
91
102
107
110
110
111
133
140
147
160
167
175
176
188
208
234
248
259
273
282
284
291
305
311
316
322
352
368
371
377
384
398
399
408
415
416
420
425
426
446
447
458
466
491
507
513
519
520
521
524
527
542
565
566
566
583
589
597
618
622
622
626
626
635
641
643
659
667
675
696
697
707
717
719
733
733
737
752
753
755
757
773
810
810
831
837
856
863
870
876
910
939
942
953
953
954
959
962
963
965
991
1000
1042
1047
1049
1064
1068
1085
1090
1134
1143
1144
1147
1158
1181
1190
1194
1196
1198
1228
1232
1237
1242
1245
1255
1268
1272
1287
1287
1301
1301
1311
1312
1314
1318
1325
1328
1344
1347
1347
1360
1363
1383
1384
1390
1407
1420
1451
1453
1456
1460
1462
1473
1476
1478
1490
1499
1500
1503
1505
1508
1515
1518
1526
1535
1541
1554
1555
1557
1558
1564
1574
1577
1577
1585
1610
1610
1615
1619
1622
1624
1656
1667
1685
1706
1709
1717
1719
1721
1725
1725
1757
1763
1792
1794
1800
1809
1822
1837
1840
1855
1870
1870
1870
1881
1882
1885
1888
1893
1898
1901
1906
1909
1910
1910
1918
1937
1949
1950
1951
1958
1966
1968
1969
1976
2002
2002
2015
2023
2039
2042
2044
2047
2047
2047
2063
2067
2082
2091
2091
2093
2115
2173
2187
2196
2196
2198
2199
2207
2217
2217
2229
2244
2252
2273
2326
2344
2350
2368
2373
2397
2418
2431
2451
2452
2484
2490
2524
2536
2544
2553
2555
2556
2558
2567
2569
2609
2632
2642
2644
2666
2677
2687
2693
2711
2739
2744
2755
2756
2760
2802
2817
2822
2829
2830
2837
2843
2868
2874
2886
2895
2896
2898
2900
2922
2950
2963
2969
2975
2976
2981
3005
3007
3010
3020
3020
3028
3031
3041
3068
3103
3104
3106
3120
3147
3150
3155
3162
3164
3177
3179
3186
3187
3189
3194
3226
3230
3231
3240
3244
3258
3269
3270
3277
3287
3315
3320
3322
3322
3324
3333
3348
3356
3357
3371
3381
3387
3395
3397
3402
3418
3425
3443
3472
3474
3476
3479
3488
3508
3510
3522
3538
3549
3549
3565
3587
3587
3602
3605
3606
3615
3619
3620
3624
3631
3637
3659
3661
3666
3676
3688
3689
3691
3694
3695
3711
3712
3721
3735
3741
3760
3779
3824
3843
3857
3860
3870
3876
3884
3885
3892
3921
3930
3933
3939
3955
3959
3990
3999
4032
4039
4044
4046
4046
4061
4073
4097
4098
4101
4112
4123
4142
4147
4154
4172
4184
4186
4187
4189
4195
4201
4221
4224
4233
4234
4239
4243
4249
4261
4261
4266
4273
4280
4282
4291
4291
4292
4296
4302
4330
4333
4343
4344
4355
4363
4363
4367
4375
4379
4388
4390
4426
4440
4449
4464
4473
4476
4477
4480
4482
4488
4496
4506
4542
4547
4549
4567
4577
4592
4605
4621
4624
4626
4635
4647
4685
4686
4686
4695
4701
4701
4702
4730
4736
4739
4742
4750
4762
4764
4766
4769
4780
4792
4822
4830
4833
4833
4838
4840
4851
4857
4885
4902
4904
4906
4912
4912
4912
4925
4934
4936
4939
4949
4967
4974
4997
5011
5014
5018
5040
5046
5048
5057
5064
5065
5071
5083
5098
5099
5107
5109
5109
5109
5137
5139
5149
5153
5154
5167
5169
5170
5188
5201
5201
5207
5210
5212
5220
5242
5243
5247
5250
5257
5259
5267
5267
5269
5273
5278
5301
5309
5319
5322
5324
5325
5330
5339
5355
5367
5367
5369
5375
5377
5378
5387
5387
5404
5428
5446
5449
5455
5456
5459
5466
5466
5479
5486
5486
5506
5549
5566
5577
5583
5583
5593
5595
5620
5654
5657
5694
5700
5727
5737
5744
5767
5774
5790
5803
5819
5826
5832
5832
5839
5841
5852
5856
5859
5861
5877
5878
5887
5898
5900
5913
5916
5923
5930
5932
5940
5942
5951
5960
5977
5982
6001
6015
6017
6025
6041
6065
6066
6076
6081
6101
6119
6130
6133
6140
6153
6158
6160
6168
6169
6192
6194
6207
6208
6221
6222
6249
6280
6282
6284
6291
6293
6316
6318
6331
6334
6336
6339
6341
6368
6372
6401
6412
6413
6414
6420
6439
6441
6442
6447
6457
6482
6506
6516
6519
6519
6536
6542
6547
6568
6571
6577
6582
6600
6603
6625
6626
6626
6630
6631
6635
6641
6643
6649
6675
6689
6729
6729
6747
6751
6781
6799
6811
6813
6815
6846
6850
6855
6856
6877
6882
6888
6888
6893
6902
6907
6907
6914
6927
6929
6949
6961
6979
6979
6982
6985
7001
7023
7049
7051
7053
7065
7068
7073
7089
7089
7091
7113
7120
7122
7139
7140
7144
7149
7167
7167
7178
7182
7183
7183
7185
7190
7191
7210
7220
7234
7239
7246
7259
7260
7272
7280
7293
7295
7298
7314
7314
7323
7342
7343
7355
7358
7361
7376
7378
7393
7394
7394
7409
7436
7442
7443
7453
7465
7468
7469
7478
7483
7505
7517
7527
7531
7532
7543
7544
7545
7555
7569
7584
7589
7608
7616
7618
7631
7636
7637
7649
7675
7694
7699
7718
7723
7739
7744
7755
7759
7763
7770
7778
7780
7794
7804
7810
7828
7856
7861
7865
7891
7898
7901
7911
7919
7921
7970
7972
7974
7974
7979
7999
7999
8001
8009
8010
8013
8029
8063
8068
8069
8072
8078
8083
8117
8126
8130
8138
8147
8151
8155
8176
8181
8206
8229
8251
8251
8268
8268
8271
8275
8281
8283
8289
8294
8305
8311
8317
8318
8318
8343
8350
8352
8354
8361
8365
8368
8381
8383
8383
8394
8407
8408
8411
8414
8416
8416
8418
8419
8428
8440
8465
8484
8487
8506
8508
8527
8529
8529
8576
8668
8670
8671
8671
8685
8687
8715
8718
8721
8724
8728
8740
8747
8768
8781
8783
8789
8818
8822
8826
8832
8837
8838
8846
8858
8868
8878
8886
8893
8896
8898
8899
8909
8930
8932
8942
8951
8954
8961
8961
8988
8993
8994
8996
8998
9004
9010
9010
9017
9033
9055
9058
9078
9080
9102
9115
9116
9117
9124
9162
9171
9192
9200
9210
9225
9225
9237
9258
9262
9263
9264
9276
9296
9302
9305
9311
9327
9340
9342
9367
9372
9373
9381
9389
9392
9394
9395
9397
9405
9409
9412
9431
9474
9476
9477
9477
9497
9513
9517
9529
9541
9547
9553
9561
9562
9572
9607
9607
9637
9642
9655
9686
9704
9707
9714
9718
9730
9749
9752
9755
9756
9763
9764
9769
9770
9775
9799
9800
9808
9828
9832
9834
9837
9863
9867
9889
9902
9921
9923
9934
9935
9940
9951
9957
9977
9988
9994
9998
10000
10002
10010
10011
10012
10020
10023
10031
10033
10041
10051
10060
10081
10106
10110
10125
10127
10128
10156
10164
10171
10173
10190
10191
10203
10208
10217
10219
10235
10241
10247
10255
10262
10290
10306
10308
10316
10317
10328
10343
10344
10357
10359
10366
10383
10401
10405
10409
10425
10426
10442
10447
10454
10457
10473
10494
10494
10501
10508
10523
10528
10532
10543
10558
10570
10574
10575
10579
10582
10593
10615
10622
10629
10631
10631
10639
10667
10673
10706
10710
10730
10734
10754
10754
10763
10772
10776
10797
10809
10823
10837
10844
10856
10858
10860
10866
10867
10882
10902
10912
10923
10925
10927
10940
10941
10942
10953
10966
10975
10989
11012
11026
11033
11039
11053
11055
11060
11070
11073
11082
11083
11087
11090
11096
11111
11119
11128
11129
11155
11178
11191
11200
11212
11212
11214
11240
11247
11249
11259
11262
11262
11267
11276
11278
11279
11282
11290
11313
11315
11329
11333
11353
11361
11385
11410
11424
11428
11430
11430
11444
11445
11446
11462
11493
11498
11513
11517
11530
11532
11534
11566
11569
11569
11572
11576
11593
11606
11617
11618
11633
11637
11654
11658
11659
11671
11671
11676
11681
11690
11694
11697
11709
11712
11713
11720
11727
11746
11747
11748
11754
11776
11779
11782
11834
11842
11846
11850
11863
11863
11877
11891
11893
11893
11897
11914
11916
11919
11927
11936
11939
11946
11963
11966
11975
11983
11986
11995
11995
12000
12020
12021
12022
12022
12023
12031
12047
12053
12055
12076
12092
12099
12106
12108
12119
12121
12124
12137
12141
12143
12144
12174
12177
12203
12225
12227
12229
12259
12260
12264
12272
12277
12283
12283
12298
12299
12301
12311
12316
12320
12324
12326
12327
12327
12334
12336
12359
12364
12406
12408
12408
12418
12432
12441
12446
12455
12473
12486
12504
12505
12505
12510
12514
12516
12524
12532
12535
12535
12547
12562
12579
12579
12590
12601
12602
12609
12614
12618
12629
12631
12639
12640
12645
12648
12655
12660
12678
12679
12712
12720
12723
12724
12729
12748
12755
12769
12781
12781
12781
12793
12793
12808
12818
12835
12836
12845
12849
12859
12869
12872
12887
12892
12947
12949
12951
12959
12961
12990
12992
12999
13001
13006
13010
13021
13036
13054
13060
13066
13080
13081
13101
13122
13147
13153
13167
13167
13229
13268
13273
13279
13285
13291
13316
13318
13320
13330
13338
13363
13374
13378
13382
13383
13387
13394
13446
13447
13447
13452
13462
13486
13498
13518
13523
13526
13531
13537
13571
13595
13616
13616
13631
13634
13641
13643
13652
13671
13676
13685
13696
13709
13720
13732
13737
13764
13767
13772
13777
13790
13793
13801
13853
13857
13859
13867
13874
13879
13887
13891
13897
13915
13926
13944
13962
13964
13968
13978
13983
13988
13997
13999
14012
14013
14023
14039
14044
14045
14065
14090
14093
14102
14118
14173
14176
14219
14222
14225
14235
14247
14253
14258
14261
14264
14286
14289
14297
14300
14301
14307
14327
14328
14330
14330
14331
14336
14342
14347
14374
14385
14393
14399
14402
14406
14433
14435
14445
14459
14472
14485
14487
14494
14496
14498
14502
14505
14508
14530
14532
14558
14572
14577
14611
14613
14619
14625
14641
14649
14653
14657
14675
14689
14701
14722
14729
14743
14758
14759
14762
14772
14781
14787
14794
14805
14812
14812
14814
14821
14822
14828
14830
14831
14831
14844
14844
14848
14852
14881
14892
14896
14896
14912
14919
14932
14950
14957
14958
14960
14987
15012
15013
15018
15019
15027
15030
15039
15041
15041
15047
15072
15093
15097
15106
15119
15120
15124
15124
15124
15133
15146
15147
15157
15158
15165
15175
15182
15190
15200
15205
15205
15224
15228
15237
15253
15257
15273
15300
15303
15317
15321
15332
15354
15357
15370
15374
15413
15457
15469
15472
15490
15517
15524
15530
15534
15537
15537
15556
15563
15570
15572
15597
15606
15614
15624
15635
15635
15636
15655
15671
15720
15720
15722
15731
15737
15743
15751
15769
15787
15792
15795
15801
15811
15811
15812
15813
15814
15823
15825
15849
15852
15854
15865
15872
15892
15905
15939
15944
15949
15950
15953
15959
15976
15982
15987
15987
15998
16003
16014
16016
16019
16027
16050
16058
16061
16088
16100
16105
16105
16120
16127
16135
16142
16149
16153
16155
16158
16166
16169
16179
16195
16197
16206
16207
16209
16216
16217
16231
16233
16247
16260
16263
16286
16289
16295
16299
16315
16317
16321
16326
16332
16341
16341
16354
16354
16371
16372
16380
16384
16399
16399
16408
16431
16487
16488
16488
16492
16494
16509
16512
16514
16517
16538
16543
16549
16557
16569
16571
16578
16583
16584
16618
16638
16662
16667
16668
16683
16699
16705
16719
16720
16730
16740
16752
16756
16764
16796
16809
16815
16818
16829
16845
16854
16863
16864
16875
16879
16882
16883
16892
16896
16907
16910
16933
16944
16947
16954
17011
17019
17028
17035
17037
17050
17076
17082
17085
17090
17106
17115
17118
17150
17179
17188
17192
17197
17206
17225
17235
17237
17245
17249
17253
17257
17260
17280
17289
17296
17312
17337
17349
17350
17351
17355
17361
17364
17366
17380
17390
17399
17415
17428
17430
17430
17444
17451
17458
17493
17511
17524
17556
17571
17575
17577
17621
17626
17647
17652
17661
17675
17676
17689
17701
17705
17711
17719
17719
17725
17740
17766
17774
17775
17779
17791
17798
17805
17807
17807
17810
17812
17847
17859
17871
17886
17897
17899
17901
17905
17915
17918
17947
17953
17962
17973
17981
18005
18010
18018
18040
18040
18042
18047
18063
18073
18087
18096
18099
18105
18108
18126
18140
18142
18149
18166
18178
18201
18205
18206
18222
18269
18273
18294
18296
18304
18312
18318
18333
18346
18347
18349
18369
18373
18381
18386
18391
18403
18415
18416
18445
18453
18461
18469
18476
18476
18487
18487
18503
18533
18536
18550
18557
18562
18576
18580
18581
18584
18588
18596
18620
18635
18635
18657
18671
18673
18681
18700
18707
18713
18722
18727
18748
18760
18762
18772
18777
18797
18799
18832
18835
18838
18846
18849
18856
18861
18868
18869
18869
18875
18875
18884
18887
18897
18900
18903
18903
18904
18911
18911
18917
18918
18922
18922
18944
18946
18963
18969
18975
18978
18981
18993
19001
19008
19011
19019
19031
19042
19060
19061
19065
19067
19070
19121
19122
19134
19160
19165
19192
19203
19205
19207
19208
19210
19211
19242
19244
19251
19273
19275
19276
19276
19285
19292
19293
19295
19298
19300
19357
19375
19383
19399
19413
19414
19415
19417
19417
19429
19431
19433
19441
19456
19456
19494
19498
19521
19522
19535
19548
19549
19556
19571
19581
19619
19626
19640
19653
19662
19662
19666
19675
19676
19690
19693
19694
19717
19718
19723
19724
19724
19727
19730
19738
19746
19752
19760
19764
19773
19777
19779
19782
19783
19785
19796
19797
19816
19832
19836
19845
19857
19858
19872
19878
19895
19896
19906
19933
19935
19938
19949
19960
19967
19978
19979
19983
19984
19988
19989
20013
20014
20016
20016
20018
20037
20041
20062
20069
20082
20085
20100
20116
20123
20125
20150
20155
20157
20165
20166
20177
20180
20196
20202
20210
20211
20212
20219
20222
20225
20246
20255
20264
20267
20268
20268
20287
20295
20299
20308
20309
20313
20329
20370
20378
20384
20396
20405
20406
20407
20418
20419
20420
20439
20451
20463
20468
20491
20525
20544
20558
20559
20583
20598
20609
20612
20625
20638
20672
20673
20674
20693
20695
20698
20708
20719
20724
20726
20738
20769
20772
20784
20791
20793
20793
20799
20800
20804
20834
20848
20860
20863
20868
20872
20875
20877
20879
20883
20892
20894
20899
20910
20916
20919
20927
20940
20947
20947
20952
20974
20980
20981
20987
21009
21031
21031
21043
21052
21053
21076
21098
21101
21104
21111
21112
21123
21129
21130
21133
21150
21154
21161
21169
21170
21192
21197
21202
21219
21222
21225
21248
21253
21265
21271
21275
21277
21280
21283
21296
21320
21329
21337
21340
21364
21366
21378
21401
21407
21416
21425
21435
21445
21454
21464
21469
21470
21482
21486
21498
21512
21550
21554
21557
21563
21576
21576
21582
21582
21587
21595
21601
21613
21614
21629
21634
21651
21659
21673
21675
21689
21691
21703
21709
21711
21728
21736
21743
21746
21770
21775
21809
21821
21823
21829
21833
21836
21838
21858
21860
21863
21866
21868
21884
21891
21917
21950
21963
21972
21974
21977
21981
21985
22011
22012
22018
22023
22028
22036
22061
22075
22076
22078
22090
22090
22090
22098
22123
22131
22138
22147
22149
22160
22160
22166
22214
22218
22223
22225
22238
22264
22269
22302
22317
22324
22340
22354
22377
22391
22403
22431
22454
22464
22467
22467
22467
22469
22472
22519
22525
22530
22533
22549
22566
22589
22594
22595
22599
22600
22601
22624
22627
22634
22634
22636
22636
22652
22656
22672
22674
22697
22700
22729
22729
22741
22770
22780
22786
22800
22805
22808
22815
22818
22821
22835
22838
22842
22849
22851
22874
22884
22894
22909
22923
22931
22932
22932
22945
22967
22971
22977
22993
22999
23005
23008
23023
23035
23037
23038
23039
23041
23048
23055
23078
23080
23083
23105
23111
23113
23118
23122
23130
23134
23148
23150
23153
23161
23196
23201
23202
23212
23213
23216
23219
23264
23268
23275
23288
23293
23294
23302
23306
23326
23328
23331
23345
23348
23348
23368
23373
23396
23397
23398
23420
23445
23448
23480
23498
23503
23509
23510
23512
23547
23550
23562
23574
23580
23580
23587
23587
23612
23616
23628
23633
23653
23661
23673
23681
23682
23686
23699
23701
23702
23707
23732
23749
23754
23760
23768
23783
23786
23789
23815
23836
23846
23848
23854
23862
23867
23870
23872
23873
23884
23891
23893
23908
23912
23916
23920
23933
23943
23949
23960
23962
23962
23967
23973
23984
23994
24004
24010
24029
24047
24056
24062
24077
24088
24104
24105
24110
24120
24123
24125
24141
24150
24151
24152
24169
24170
24172
24183
24223
24224
24246
24254
24262
24267
24286
24288
24293
24301
24307
24321
24325
24328
24333
24339
24342
24356
24356
24387
24388
24400
24411
24417
24420
24422
24434
24444
24455
24460
24465
24471
24476
24482
24490
24497
24499
24517
24517
24518
24544
24552
24568
24581
24587
24588
24592
24631
24645
24649
24666
24673
24677
24693
24693
24695
24704
24710
24728
24732
24737
24749
24767
24776
24779
24786
24792
24792
24798
24813
24816
24816
24821
24831
24842
24852
24876
24879
24883
24886
24894
24895
24898
24903
24921
24931
24935
24951
24951
24984
24985
24994
25013
25028
25030
25042
25047
25058
25059
25063
25064
25067
25067
25101
25101
25115
25127
25134
25135
25143
25153
25154
25164
25175
25176
25176
25177
25186
25186
25190
25196
25208
25210
25221
25241
25248
25251
25268
25268
25281
25303
25307
25309
25325
25328
25344
25347
25349
25361
25368
25371
25375
25376
25403
25404
25414
25418
25434
25462
25469
25476
25480
25497
25505
25506
25511
25533
25534
25537
25546
25563
25564
25564
25589
25589
25591
25596
25612
25620
25631
25634
25637
25666
25666
25669
25671
25672
25678
25692
25722
25738
25744
25758
25764
25767
25780
25781
25787
25800
25800
25801
25803
25804
25815
25818
25828
25856
25860
25861
25888
25892
25904
25910
25912
25920
25929
25938
25949
25955
25956
25961
25998
26007
26008
26022
26025
26026
26029
26029
26036
26038
26046
26047
26054
26071
26073
26096
26100
26102
26107
26107
26118
26123
26131
26133
26140
26149
26156
26165
26167
26167
26171
26171
26173
26177
26178
26193
26230
26248
26256
26275
26282
26304
26309
26313
26313
26329
26336
26359
26372
26374
26377
26380
26381
26385
26391
26392
26408
26409
26411
26420
26432
26436
26442
26449
26463
26477
26487
26503
26514
26516
26517
26518
26555
26559
26560
26560
26564
26594
26595
26601
26606
26615
26647
26670
26688
26694
26709
26734
26738
26741
26764
26776
26780
26782
26783
26794
26801
26808
26831
26840
26861
26865
26873
26895
26895
26896
26898
26903
26917
26922
26924
26929
26930
26939
26940
26961
26962
26964
26981
26981
26986
26992
27004
27005
27009
27009
27058
27060
27063
27087
27091
27123
27126
27135
27142
27160
27169
27172
27197
27198
27202
27208
27211
27212
27217
27219
27261
27269
27273
27286
27293
27300
27304
27305
27306
27319
27325
27326
27328
27332
27337
27342
27369
27373
27384
27390
27390
27394
27414
27425
27431
27459
27461
27462
27470
27477
27478
27487
27489
27495
27505
27514
27529
27563
27564
27570
27573
27587
27590
27601
27604
27614
27615
27621
27621
27627
27634
27638
27645
27652
27670
27674
27678
27716
27725
27727
27744
27748
27748
27748
27757
27761
27766
27777
27795
27812
27813
27814
27839
27842
27846
27856
27857
27864
27871
27874
27874
27886
27894
27894
27905
27911
27914
27919
27958
27958
27961
27986
28020
28028
28030
28045
28053
28073
28080
28083
28115
28129
28138
28138
28150
28158
28163
28176
28194
28195
28197
28213
28230
28240
28242
28256
28264
28267
28284
28286
28287
28295
28304
28321
28321
28341
28341
28344
28350
28352
28355
28364
28365
28374
28389
28391
28394
28437
28446
28448
28452
28459
28472
28478
28484
28499
28504
28507
28519
28523
28524
28530
28531
28534
28536
28542
28557
28568
28587
28598
28604
28616
28617
28619
28630
28643
28647
28659
28663
28699
28705
28709
28716
28740
28748
28756
28775
28775
28786
28789
28795
28803
28807
28807
28808
28820
28830
28844
28858
28870
28895
28905
28906
28911
28920
28921
28922
28927
28946
28962
28967
28982
28986
29018
29020
29028
29031
29058
29083
29086
29096
29136
29151
29154
29156
29158
29167
29169
29186
29211
29220
29259
29265
29281
29297
29309
29319
29364
29369
29375
29377
29380
29381
29386
29426
29429
29430
29438
29449
29468
29468
29493
29495
29502
29519
29533
29540
29551
29564
29566
29578
29579
29594
29597
29599
29602
29602
29603
29613
29620
29646
29651
29662
29671
29684
29716
29732
29739
29757
29767
29778
29779
29781
29791
29795
29796
29811
29813
29814
29821
29829
29840
29840
29845
29854
29907
29908
29965
29968
29978
29984
29991
29992
30008
30015
30052
30054
30059
30069
30071
30101
30118
30152
30177
30186
30187
30197
30201
30207
30218
30225
30225
30229
30229
30247
30250
30278
30294
30298
30316
30329
30330
30338
30352
30356
30359
30363
30371
30378
30384
30392
30411
30425
30443
30455
30457
30457
30461
30475
30483
30486
30492
30506
30515
30525
30526
30531
30534
30535
30542
30555
30581
30584
30601
30609
30611
30617
30623
30646
30664
30670
30699
30702
30724
30730
30730
30739
30742
30747
30767
30771
30804
30810
30822
30826
30838
30840
30842
30843
30846
30864
30874
30881
30884
30886
30888
30895
30908
30935
30941
30956
30971
30974
30981
30987
31011
31023
31034
31043
31050
31066
31067
31077
31080
31084
31087
31098
31099
31101
31104
31105
31116
31127
31128
31135
31147
31157
31169
31178
31179
31202
31202
31207
31220
31225
31233
31263
31269
31307
31307
31337
31343
31354
31356
31357
31358
31365
31368
31371
31377
31399
31400
31409
31435
31451
31464
31468
31474
31520
31522
31529
31547
31581
31585
31588
31598
31609
31620
31654
31660
31676
31687
31693
31701
31717
31722
31762
31764
31775
31802
31824
31827
31831
31832
31840
31858
31859
31863
31867
31868
31872
31872
31892
31909
31911
31947
31950
31951
31965
31968
31975
31989
32000
32024
32025
32027
32032
32033
32041
32042
32044
32046
32050
32068
32072
32082
32094
32105
32107
32116
32129
32163
32165
32175
32185
32192
32210
32224
32226
32238
32259
32270
32273
32286
32296
32320
32327
32337
32346
32353
32353
32364
32372
32386
32386
32403
32404
32406
32408
32419
32421
32425
32430
32433
32433
32450
32457
32459
32462
32465
32481
32481
32503
32517
32529
32533
32536
32537
32539
32549
32550
32553
32556
32556
32570
32584
32586
32587
32593
32596
32597
32603
32616
32624
32627
32637
32643
32660
32670
32678
32702
32702
32715
32726
32745
32762
32765
32774
32778
32779
32791
32803
32826
32830
32841
32871
32873
32874
32888
32888
32896
32902
32908
32915
32920
32951
32954
32955
32966
32970
32983
32994
33009
33015
33017
33041
33054
33066
33070
33072
33083
33084
33091
33099
33101
33104
33105
33113
33113
33125
33137
33164
33185
33197
33198
33202
33236
33245
33255
33259
33262
33269
33275
33276
33280
33291
33292
33294
33294
33311
33326
33340
33350
33360
33384
33385
33386
33387
33395
33402
33404
33408
33426
33428
33436
33439
33442
33474
33484
33486
33487
33497
33509
33519
33525
33534
33543
33546
33554
33565
33573
33583
33598
33606
33608
33616
33616
33619
33628
33644
33650
33652
33661
33664
33675
33684
33686
33689
33695
33726
33743
33745
33766
33768
33776
33778
33785
33788
33788
33818
33828
33835
33837
33849
33850
33865
33868
33879
33883
33897
33904
33905
33906
33908
33914
33921
33921
33954
33964
33982
33990
33992
33993
33995
33996
34003
34004
34007
34012
34019
34021
34021
34024
34030
34034
34035
34039
34041
34084
34087
34104
34130
34134
34137
34161
34170
34190
34200
34200
34203
34204
34231
34242
34243
34245
34245
34260
34266
34268
34290
34290
34324
34330
34340
34345
34362
34364
34368
34374
34378
34378
34379
34388
34395
34400
34418
34444
34444
34471
34472
34486
34499
34512
34512
34526
34530
34548
34553
34568
34595
34605
34610
34614
34624
34625
34630
34642
34659
34707
34709
34713
34727
34733
34742
34749
34758
34761
34764
34783
34788
34796
34804
34805
34818
34822
34830
34833
34839
34842
34860
34866
34881
34887
34891
34902
34904
34907
34916
34918
34920
34921
34931
34936
34940
34942
34943
34971
34973
34983
34987
34994
34994
34995
34996
34997
35003
35012
35015
35035
35039
35050
35065
35072
35078
35083
35085
35105
35108
35123
35129
35132
35135
35157
35166
35170
35174
35186
35202
35206
35217
35218
35220
35239
35240
35245
35248
35252
35259
35271
35285
35293
35297
35318
35321
35322
35342
35343
35344
35345
35347
35352
35376
35387
35403
35449
35453
35497
35498
35498
35501
35509
35509
35513
35523
35533
35539
35541
35542
35546
35551
35552
35557
35574
35582
35584
35586
35599
35610
35620
35637
35645
35670
35700
35702
35706
35708
35715
35726
35736
35740
35741
35742
35761
35765
35765
35785
35785
35793
35797
35798
35804
35806
35819
35838
35854
35854
35870
35871
35890
35897
35899
35909
35920
35923
35956
35958
35963
35968
35968
35992
35993
36006
36011
36014
36034
36039
36041
36068
36068
36072
36085
36090
36098
36104
36107
36117
36119
36128
36134
36137
36138
36138
36146
36158
36164
36175
36182
36194
36202
36221
36232
36233
36251
36266
36268
36272
36282
36296
36300
36314
36327
36339
36339
36343
36357
36358
36362
36364
36366
36370
36377
36378
36408
36408
36410
36410
36423
36428
36431
36439
36444
36444
36445
36447
36462
36481
36485
36486
36492
36505
36508
36515
36516
36525
36544
36549
36553
36560
36571
36590
36592
36593
36593
36597
36602
36620
36623
36625
36642
36649
36652
36685
36689
36691
36701
36702
36704
36715
36730
36736
36740
36743
36748
36762
36775
36776
36779
36789
36790
36806
36827
36828
36834
36853
36864
36886
36891
36904
36906
36911
36911
36912
36939
36945
36952
36953
36974
36979
36981
36982
36992
37004
37012
37016
37026
37037
37042
37042
37044
37047
37066
37080
37102
37115
37118
37124
37124
37132
37147
37147
37148
37150
37185
37189
37193
37193
37198
37203
37214
37220
37224
37226
37228
37243
37245
37249
37277
37286
37312
37320
37321
37321
37332
37351
37358
37363
37380
37384
37392
37420
37451
37452
37478
37481
37489
37494
37497
37499
37500
37503
37504
37516
37522
37531
37545
37545
37576
37577
37579
37584
37596
37605
37619
37632
37648
37662
37671
37680
37684
37687
37700
37704
37725
37729
37735
37747
37757
37758
37785
37788
37794
37809
37830
37830
37832
37838
37868
37878
37883
37883
37897
37899
37901
37903
37913
37930
37932
37933
37940
37945
37957
37960
37960
37967
37967
37998
38016
38018
38019
38030
38033
38034
38036
38059
38087
38088
38112
38119
38128
38151
38161
38163
38163
38166
38182
38188
38196
38198
38204
38208
38212
38219
38220
38226
38228
38236
38236
38237
38241
38260
38292
38292
38293
38306
38322
38327
38329
38332
38349
38363
38398
38405
38416
38419
38428
38438
38442
38443
38446
38453
38460
38465
38470
38491
38494
38496
38503
38533
38544
38549
38551
38554
38568
38584
38606
38617
38621
38623
38636
38643
38644
38645
38648
38660
38664
38670
38686
38692
38711
38727
38753
38767
38768
38775
38811
38811
38839
38840
38842
38848
38857
38863
38870
38878
38890
38891
38891
38895
38901
38904
38907
38922
38929
38933
38938
38939
38954
38958
38966
38991
39000
39000
39002
39004
39009
39025
39037
39044
39044
39046
39052
39054
39073
39118
39118
39125
39133
39142
39142
39146
39147
39160
39183
39184
39188
39198
39213
39214
39220
39229
39231
39243
39258
39260
39276
39279
39280
39284
39292
39303
39305
39309
39326
39327
39334
39340
39365
39367
39367
39394
39398
39419
39420
39430
39444
39449
39462
39467
39469
39485
39501
39501
39518
39536
39550
39550
39550
39557
39564
39565
39566
39582
39600
39611
39621
39627
39652
39703
39708
39711
39714
39718
39719
39727
39738
39758
39767
39785
39791
39812
39822
39823
39833
39839
39848
39858
39898
39915
39943
39954
39974
39979
39983
39991
39999
40010
40014
40045
40056
40061
40078
40080
40088
40095
40105
40118
40136
40149
40150
40154
40165
40185
40189
40205
40228
40229
40249
40252
40254
40255
40274
40279
40284
40288
40292
40296
40300
40300
40310
40312
40317
40326
40331
40332
40343
40345
40351
40364
40372
40377
40378
40380
40383
40387
40389
40393
40397
40398
40406
40415
40417
40420
40422
40427
40435
40436
40450
40451
40451
40469
40473
40479
40503
40505
40507
40508
40520
40527
40545
40553
40564
40578
40604
40611
40624
40627
40634
40634
40657
40658
40660
40663
40680
40697
40711
40712
40734
40748
40758
40769
40790
40807
40810
40814
40854
40876
40876
40881
40892
40906
40915
40919
40929
40938
40940
40961
40981
41008
41009
41011
41019
41042
41051
41056
41057
41062
41098
41102
41115
41140
41143
41175
41192
41193
41209
41223
41225
41232
41235
41239
41243
41246
41277
41279
41315
41322
41331
41341
41344
41351
41362
41417
41419
41433
41435
41443
41461
41469
41475
41506
41510
41530
41533
41548
41553
41568
41570
41573
41580
41583
41590
41591
41611
41613
41626
41636
41645
41668
41671
41692
41702
41706
41717
41717
41725
41727
41732
41732
41745
41779
41781
41788
41793
41805
41832
41835
41854
41861
41862
41867
41875
41908
41915
41931
41938
41940
41960
41992
41997
42001
42012
42012
42028
42035
42037
42037
42053
42061
42069
42074
42075
42089
42096
42098
42103
42104
42132
42136
42155
42155
42164
42170
42177
42185
42192
42199
42199
42211
42217
42230
42231
42238
42250
42271
42313
42317
42331
42367
42372
42386
42398
42401
42418
42422
42429
42452
42458
42467
42482
42489
42495
42497
42525
42527
42548
42556
42559
42583
42585
42595
42603
42604
42607
42616
42616
42619
42629
42637
42686
42702
42725
42735
42736
42738
42745
42751
42776
42781
42787
42800
42811
42816
42817
42845
42851
42853
42856
42859
42864
42876
42881
42890
42916
42919
42926
42926
42937
42940
42944
42952
42955
42971
43007
43009
43010
43011
43011
43013
43019
43033
43062
43066
43076
43078
43081
43088
43096
43097
43100
43112
43115
43116
43134
43137
43170
43205
43205
43209
43221
43223
43234
43237
43252
43258
43277
43292
43298
43318
43335
43339
43346
43358
43363
43369
43377
43394
43395
43409
43419
43419
43441
43450
43450
43453
43459
43481
43488
43500
43501
43532
43536
43539
43546
43567
43583
43584
43594
43601
43602
43621
43622
43625
43626
43635
43653
43688
43691
43698
43698
43700
43716
43719
43727
43733
43767
43768
43784
43786
43786
43786
43789
43797
43822
43822
43827
43855
43855
43865
43877
43878
43881
43886
43887
43888
43895
43898
43927
43946
43960
43974
43981
43986
43989
43999
44005
44009
44021
44023
44029
44033
44044
44054
44064
44104
44112
44126
44129
44140
44150
44184
44191
44213
44219
44221
44246
44246
44299
44300
44309
44310
44338
44343
44357
44370
44372
44380
44386
44387
44391
44400
44407
44418
44427
44432
44460
44463
44467
44470
44515
44532
44534
44550
44559
44569
44591
44603
44615
44621
44626
44627
44639
44644
44650
44657
44659
44661
44662
44663
44666
44673
44677
44687
44687
44706
44706
44710
44722
44730
44751
44754
44756
44757
44773
44788
44817
44818
44833
44833
44840
44863
44884
44886
44902
44919
44923
44946
44956
44965
44967
44970
44978
44999
45000
45008
45037
45062
45068
45073
45080
45084
45090
45113
45138
45144
45150
45166
45171
45187
45190
45205
45210
45227
45231
45233
45235
45241
45255
45257
45268
45282
45308
45324
45324
45350
45367
45368
45374
45395
45396
45397
45404
45416
45434
45437
45475
45485
45506
45507
45507
45530
45538
45553
45570
45598
45602
45608
45611
45620
45628
45633
45646
45651
45656
45668
45669
45677
45698
45720
45725
45729
45739
45741
45747
45757
45779
45807
45807
45808
45824
45829
45875
45880
45883
45884
45887
45891
45891
45897
45897
45906
45907
45912
45916
45932
45933
45938
45940
45945
45948
45950
45953
45957
45959
45981
45986
45992
45997
46004
46016
46018
46025
46026
46044
46046
46052
46068
46069
46074
46075
46075
46182
46192
46222
46224
46227
46236
46252
46252
46258
46260
46271
46278
46280
46285
46290
46308
46329
46330
46337
46342
46355
46358
46366
46378
46380
46395
46397
46397
46422
46433
46435
46443
46456
46457
46463
46471
46472
46530
46548
46549
46587
46605
46629
46643
46650
46665
46674
46682
46688
46699
46715
46723
46733
46734
46735
46740
46741
46758
46763
46780
46794
46795
46804
46806
46815
46836
46840
46841
46844
46851
46854
46860
46862
46864
46868
46870
46895
46909
46938
46942
46960
46963
46977
46977
46984
46991
46992
47004
47007
47042
47052
47053
47057
47081
47082
47083
47087
47088
47090
47093
47096
47108
47114
47129
47130
47151
47152
47180
47195
47216
47219
47244
47282
47294
47296
47324
47328
47338
47340
47346
47348
47373
47383
47390
47391
47396
47415
47420
47424
47448
47452
47508
47517
47517
47523
47531
47533
47541
47557
47581
47591
47596
47602
47604
47607
47613
47622
47625
47632
47634
47637
47638
47640
47642
47643
47648
47648
47654
47657
47686
47707
47708
47717
47729
47743
47749
47754
47756
47757
47760
47770
47786
47788
47806
47822
47847
47862
47901
47921
47924
47929
47957
47975
47979
47988
48003
48012
48014
48017
48027
48043
48043
48046
48049
48075
48090
48090
48094
48112
48125
48132
48135
48147
48154
48159
48184
48190
48199
48200
48200
48202
48215
48229
48229
48234
48262
48271
48292
48296
48299
48300
48323
48324
48360
48366
48369
48386
48392
48409
48441
48451
48453
48474
48504
48518
48519
48528
48542
48548
48571
48578
48600
48611
48617
48650
48679
48683
48695
48701
48712
48725
48757
48780
48790
48792
48814
48817
48833
48834
48838
48848
48853
48858
48891
48906
48910
48918
48922
48926
48931
48934
48938
48944
48956
48956
48978
48980
49022
49042
49048
49057
49085
49097
49103
49130
49132
49134
49140
49143
49166
49169
49195
49221
49224
49224
49229
49245
49248
49251
49259
49260
49268
49286
49289
49290
49303
49305
49308
49312
49313
49314
49317
49325
49338
49355
49368
49374
49392
49394
49419
49420
49428
49431
49436
49439
49440
49441
49444
49449
49453
49454
49456
49466
49489
49489
49489
49493
49501
49530
49542
49548
49558
49573
49591
49609
49614
49615
49620
49623
49627
49636
49653
49654
49662
49689
49698
49702
49716
49733
49734
49749
49768
49779
49785
49803
49808
49827
49829
49851
49851
49870
49875
49880
49883
49912
49916
49929
49963
49970
50011
50019
50030
50037
50040
50047
50056
50066
50073
50099
50103
50104
50112
50119
50134
50142
50143
50160
50181
50188
50189
50199
50201
50205
50213
50215
50216
50223
50266
50269
50277
50291
50302
50314
50324
50325
50338
50343
50343
50364
50366
50370
50377
50378
50385
50400
50403
50416
50440
50448
50448
50468
50475
50477
50479
50484
50499
50504
50510
50512
50513
50513
50517
50530
50537
50540
50542
50552
50581
50588
50599
50599
50605
50623
50624
50632
50644
50645
50653
50657
50659
50662
50664
50672
50687
50696
50709
50711
50714
50719
50722
50745
50747
50748
50765
50767
50790
50795
50800
50801
50851
50888
50903
50910
50918
50926
50927
50943
50952
50957
50980
50982
50985
50986
50997
51002
51010
51016
51017
51022
51025
51037
51046
51053
51058
51059
51079
51081
51085
51086
51088
51103
51114
51133
51134
51141
51182
51183
51187
51200
51221
51234
51238
51239
51241
51250
51260
51264
51291
51302
51317
51317
51339
51351
51352
51373
51375
51388
51391
51392
51395
51397
51403
51407
51412
51413
51420
51433
51437
51441
51443
51444
51458
51461
51469
51473
51478
51499
51500
51515
51553
51559
51562
51563
51565
51565
51568
51568
51588
51591
51593
51599
51609
51610
51616
51618
51620
51643
51646
51646
51649
51656
51673
51685
51693
51699
51712
51731
51733
51750
51759
51765
51765
51780
51791
51800
51801
51820
51826
51827
51827
51827
51846
51850
51853
51854
51874
51883
51888
51913
51918
51920
51937
51957
51960
51982
51982
52023
52034
52046
52046
52059
52070
52078
52085
52095
52121
52123
52152
52153
52159
52170
52174
52187
52203
52204
52209
52211
52217
52225
52230
52244
52245
52252
52254
52264
52276
52283
52287
52301
52303
52307
52330
52331
52351
52352
52356
52364
52381
52386
52389
52397
52399
52404
52408
52428
52433
52447
52451
52476
52476
52476
52483
52485
52495
52497
52512
52513
52535
52543
52581
52586
52598
52620
52628
52639
52640
52652
52653
52663
52666
52672
52685
52696
52714
52715
52729
52740
52740
52755
52768
52772
52787
52792
52794
52803
52807
52821
52822
52831
52831
52843
52850
52853
52863
52865
52876
52879
52890
52897
52927
52929
52939
52940
52965
52968
52970
52983
52988
52996
53009
53009
53030
53030
53093
53094
53098
53102
53132
53140
53150
53173
53176
53183
53186
53186
53186
53195
53218
53221
53235
53237
53239
53242
53247
53270
53276
53278
53278
53278
53285
53300
53308
53310
53315
53323
53326
53327
53344
53351
53353
53354
53366
53370
53372
53373
53375
53377
53380
53409
53424
53428
53433
53441
53443
53443
53451
53452
53453
53460
53490
53514
53525
53535
53555
53555
53556
53572
53587
53595
53595
53642
53643
53648
53649
53662
53681
53702
53702
53702
53704
53709
53712
53717
53725
53730
53741
53742
53761
53763
53778
53798
53807
53811
53821
53823
53827
53841
53843
53844
53850
53863
53867
53879
53880
53894
53907
53913
53914
53920
53927
53948
53956
53963
53999
54002
54006
54008
54009
54014
54030
54032
54037
54041
54041
54071
54078
54093
54095
54098
54109
54111
54129
54151
54182
54185
54192
54196
54199
54199
54226
54239
54247
54249
54254
54304
54319
54323
54328
54353
54360
54363
54365
54389
54391
54394
54394
54396
54400
54404
54406
54409
54411
54507
54512
54529
54529
54534
54534
54537
54539
54542
54548
54554
54554
54578
54588
54595
54605
54606
54629
54636
54639
54666
54686
54693
54712
54716
54717
54718
54723
54749
54751
54774
54792
54796
54798
54798
54804
54814
54819
54821
54823
54826
54828
54841
54849
54860
54864
54875
54878
54882
54882
54883
54885
54889
54891
54914
54933
54940
54971
54972
54979
54985
54992
55025
55027
55044
55051
55052
55061
55074
55080
55083
55098
55107
55138
55142
55143
55144
55148
55150
55169
55200
55207
55225
55228
55244
55253
55257
55262
55266
55280
55296
55297
55297
55299
55310
55310
55312
55319
55336
55344
55348
55365
55370
55380
55392
55397
55399
55407
55423
55426
55430
55437
55454
55462
55469
55469
55471
55487
55523
55533
55534
55541
55549
55557
55584
55600
55609
55634
55635
55642
55654
55659
55668
55680
55686
55690
55696
55698
55699
55704
55707
55708
55708
55723
55725
55728
55729
55731
55777
55787
55800
55808
55837
55840
55843
55857
55877
55879
55879
55899
55919
55921
55922
55923
55925
55934
55939
55956
55959
55961
55988
55989
55990
55997
56016
56021
56023
56024
56025
56037
56037
56098
56112
56122
56173
56182
56185
56189
56201
56213
56216
56221
56226
56232
56252
56267
56269
56276
56280
56286
56315
56337
56338
56340
56343
56357
56362
56366
56376
56379
56392
56392
56405
56438
56455
56479
56480
56483
56485
56498
56504
56509
56518
56524
56529
56550
56569
56591
56616
56628
56632
56648
56652
56675
56679
56680
56697
56698
56705
56706
56712
56723
56727
56729
56739
56752
56771
56787
56796
56816
56821
56830
56850
56851
56851
56858
56867
56883
56888
56895
56904
56904
56937
56939
56953
56953
56955
56956
56963
56971
56976
56977
56982
56988
57001
57008
57010
57017
57026
57027
57028
57043
57047
57080
57101
57108
57111
57122
57123
57123
57130
57137
57160
57173
57179
57186
57188
57191
57200
57252
57252
57259
57283
57284
57285
57287
57293
57321
57337
57349
57349
57355
57377
57379
57386
57388
57394
57399
57404
57404
57408
57420
57421
57426
57431
57451
57453
57453
57455
57481
57489
57508
57529
57542
57544
57556
57568
57579
57580
57582
57584
57603
57605
57621
57622
57633
57643
57652
57654
57655
57658
57661
57680
57704
57707
57712
57722
57735
57738
57756
57784
57797
57808
57811
57812
57824
57833
57835
57840
57843
57863
57869
57874
57874
57875
57883
57886
57889
57898
57907
57925
57926
57928
57941
57956
57959
57977
57978
57985
57997
58002
58005
58007
58009
58023
58023
58026
58033
58042
58050
58070
58071
58076
58091
58099
58099
58101
58115
58118
58146
58152
58159
58163
58174
58194
58210
58221
58227
58239
58247
58248
58256
58263
58270
58284
58295
58313
58313
58328
58336
58348
58348
58363
58389
58390
58393
58399
58404
58408
58417
58421
58427
58428
58428
58435
58441
58445
58465
58472
58479
58483
58484
58486
58489
58508
58509
58512
58513
58545
58562
58562
58565
58568
58604
58608
58609
58631
58643
58651
58652
58670
58676
58676
58704
58719
58728
58733
58756
58756
58767
58781
58786
58786
58794
58805
58812
58814
58817
58828
58830
58834
58840
58860
58870
58871
58898
58915
58918
58919
58924
58956
58963
58964
58967
58975
58977
58986
58990
58993
58996
59004
59009
59018
59023
59029
59031
59050
59053
59066
59069
59093
59102
59108
59110
59134
59136
59146
59161
59171
59194
59202
59226
59229
59236
59253
59264
59271
59280
59284
59297
59300
59301
59302
59304
59316
59323
59325
59343
59344
59348
59353
59365
59366
59373
59377
59384
59395
59398
59403
59410
59410
59413
59435
59456
59460
59475
59506
59518
59519
59523
59528
59531
59532
59564
59569
59580
59581
59582
59589
59591
59592
59593
59594
59612
59621
59626
59629
59636
59642
59643
59659
59673
59678
59683
59690
59706
59716
59718
59726
59743
59756
59766
59788
59803
59803
59803
59810
59812
59818
59820
59825
59828
59832
59838
59856
59868
59870
59874
59875
59876
59888
59902
59908
59910
59913
59932
59938
59951
59962
59963
59966
59998
60001
60005
60015
60020
60026
60054
60055
60065
60070
60075
60105
60109
60113
60122
60131
60147
60154
60164
60165
60199
60201
60202
60220
60227
60234
60251
60262
60274
60279
60305
60308
60310
60310
60314
60314
60315
60316
60324
60329
60330
60347
60356
60359
60375
60376
60385
60386
60387
60397
60417
60439
60444
60448
60465
60466
60480
60481
60490
60502
60512
60515
60518
60523
60525
60530
60554
60561
60562
60579
60581
60606
60607
60622
60627
60634
60639
60642
60643
60648
60666
60669
60683
60689
60717
60721
60730
60731
60733
60772
60774
60779
60785
60786
60787
60800
60805
60811
60824
60826
60833
60833
60870
60872
60874
60877
60891
60901
60909
60920
60929
60937
60948
60965
60967
60983
60985
60987
60991
60992
61005
61016
61037
61040
61082
61088
61098
61101
61106
61115
61116
61119
61120
61148
61158
61172
61176
61206
61213
61218
61220
61229
61234
61236
61237
61251
61254
61264
61286
61286
61298
61299
61302
61307
61308
61311
61322
61331
61343
61361
61375
61382
61388
61393
61403
61418
61421
61422
61424
61426
61440
61448
61451
61456
61469
61486
61486
61494
61495
61504
61505
61522
61533
61534
61544
61549
61562
61563
61566
61578
61581
61589
61591
61608
61609
61612
61624
61634
61637
61667
61696
61703
61704
61709
61713
61722
61764
61767
61769
61771
61772
61779
61780
61782
61794
61801
61805
61806
61815
61818
61829
61836
61866
61879
61882
61883
61892
61894
61906
61918
61923
61935
61937
61946
61962
61977
61979
61983
62000
62007
62018
62024
62028
62032
62044
62047
62051
62054
62057
62058
62060
62085
62092
62094
62124
62125
62129
62138
62153
62177
62181
62183
62188
62196
62198
62210
62216
62231
62234
62244
62244
62249
62258
62275
62293
62295
62296
62298
62300
62308
62336
62343
62349
62354
62356
62362
62363
62367
62368
62378
62380
62397
62397
62404
62422
62422
62432
62437
62458
62458
62459
62489
62494
62516
62521
62532
62534
62566
62586
62608
62609
62610
62616
62625
62631
62637
62651
62660
62662
62671
62676
62690
62693
62697
62698
62706
62728
62729
62729
62735
62751
62755
62763
62775
62793
62794
62795
62813
62815
62832
62836
62846
62857
62876
62880
62883
62889
62899
62899
62899
62907
62916
62917
62929
62948
62955
62956
62972
62973
62979
62983
62985
62992
62994
62998
62998
63005
63006
63019
63024
63037
63042
63059
63061
63061
63061
63064
63116
63120
63140
63146
63148
63154
63158
63159
63173
63208
63213
63221
63234
63236
63247
63260
63262
63273
63274
63287
63302
63313
63324
63328
63335
63339
63339
63344
63346
63353
63384
63387
63395
63406
63407
63411
63429
63438
63456
63456
63463
63475
63476
63479
63512
63514
63521
63525
63532
63533
63542
63551
63564
63576
63585
63594
63603
63604
63616
63666
63669
63671
63671
63680
63681
63684
63706
63709
63729
63732
63732
63738
63742
63743
63756
63765
63765
63772
63786
63796
63811
63818
63821
63836
63839
63844
63848
63870
63872
63875
63912
63915
63929
63942
63945
63949
63950
63951
63952
63979
63989
63998
64023
64042
64045
64049
64062
64065
64069
64073
64074
64096
64105
64115
64120
64123
64125
64143
64146
64157
64165
64167
64169
64171
64172
64180
64183
64184
64189
64199
64202
64212
64224
64243
64249
64272
64280
64346
64348
64359
64361
64371
64383
64416
64423
64426
64433
64441
64448
64456
64471
64472
64491
64491
64502
64505
64539
64541
64543
64549
64583
64585
64590
64591
64612
64634
64636
64641
64643
64648
64687
64701
64704
64721
64721
64723
64743
64764
64770
64772
64779
64787
64800
64808
64825
64826
64826
64827
64838
64852
64870
64875
64884
64907
64907
64926
64971
64972
64978
64985
65011
65048
65052
65054
65055
65068
65078
65080
65138
65152
65169
65178
65195
65201
65215
65225
65235
65245
65251
65287
65313
65315
65333
65350
65364
65369
65374
65378
65388
65390
65396
65406
65411
65413
65431
65438
65449
65455
65457
65468
65475
65480
65496
65502
65511
65513
65521
65529
65529
65533
65534
65547
65552
65554
65558
65565
65568
65589
65601
65605
65619
65622
65642
65642
65644
65646
65657
65659
65660
65661
65661
65661
65663
65673
65677
65687
65695
65695
65700
65712
65724
65731
65734
65735
65747
65756
65786
65787
65796
65796
65806
65807
65824
65827
65837
65843
65844
65847
65849
65850
65862
65884
65887
65890
65900
65907
65950
65972
65997
66062
66082
66091
66092
66112
66131
66144
66148
66156
66227
66227
66231
66253
66300
66305
66309
66332
66343
66371
66380
66382
66384
66391
66415
66424
66426
66430
66463
66468
66507
66512
66512
66517
66521
66532
66534
66549
66572
66585
66586
66593
66598
66603
66604
66608
66624
66628
66632
66661
66674
66682
66687
66692
66699
66717
66755
66769
66789
66810
66822
66827
66830
66834
66834
66837
66840
66843
66867
66868
66874
66875
66879
66882
66889
66900
66911
66918
66920
66925
66932
66936
66941
66950
66952
66960
66983
66993
67013
67021
67025
67033
67041
67058
67085
67102
67102
67105
67110
67137
67143
67156
67174
67198
67203
67205
67215
67253
67269
67269
67282
67288
67296
67297
67305
67307
67311
67318
67330
67345
67360
67369
67376
67379
67409
67418
67423
67428
67455
67463
67464
67491
67491
67493
67495
67496
67507
67532
67546
67551
67558
67569
67575
67576
67587
67588
67593
67603
67606
67619
67653
67664
67665
67676
67685
67686
67688
67694
67694
67694
67695
67697
67698
67706
67730
67756
67765
67771
67772
67779
67786
67821
67824
67825
67830
67838
67838
67840
67860
67863
67872
67881
67897
67902
67908
67910
67914
67916
67934
67957
67962
67968
68035
68051
68057
68061
68069
68076
68081
68089
68091
68098
68105
68112
68115
68122
68138
68147
68149
68151
68160
68187
68205
68209
68211
68222
68229
68236
68245
68267
68273
68278
68292
68293
68298
68311
68315
68333
68333
68341
68342
68344
68365
68366
68380
68381
68387
68388
68393
68393
68397
68404
68405
68409
68411
68412
68413
68418
68424
68429
68449
68450
68454
68455
68456
68456
68465
68469
68469
68493
68496
68505
68525
68544
68552
68553
68554
68583
68587
68588
68640
68674
68687
68688
68692
68693
68714
68720
68730
68767
68773
68780
68784
68817
68827
68833
68851
68862
68870
68873
68885
68905
68908
68917
68919
68923
68938
68945
68955
68977
68983
68990
68992
68996
69004
69006
69015
69017
69028
69029
69043
69066
69069
69091
69123
69129
69131
69133
69134
69137
69167
69172
69177
69189
69201
69205
69217
69218
69219
69222
69229
69229
69237
69237
69244
69246
69261
69261
69275
69281
69284
69286
69290
69296
69300
69301
69313
69314
69315
69319
69324
69330
69340
69352
69352
69370
69377
69378
69399
69412
69412
69413
69415
69421
69423
69423
69436
69443
69460
69461
69464
69470
69471
69486
69507
69512
69516
69517
69537
69549
69555
69566
69566
69567
69571
69576
69579
69612
69612
69622
69640
69654
69661
69663
69670
69691
69698
69700
69705
69706
69710
69730
69740
