20
26
49
79
92
106
113
140
189
210
216
236
238
239
243
249
270
280
290
293
328
338
341
348
349
352
361
362
391
405
419
425
437
504
513
514
543
576
577
610
612
621
627
664
680
683
715
727
763
764
777
786
828
859
891
927
967
968
971
975
980
980
1003
1005
1025
1034
1035
1075
1137
1141
1176
1177
1179
1200
1212
1226
1228
1253
1287
1329
1348
1349
1363
1367
1374
1374
1406
1446
1464
1520
1524
1529
1572
1573
1620
1628
1659
1705
1726
1730
1734
1767
1774
1802
1858
1859
1860
1878
1883
1894
1908
1916
1929
1929
1974
1977
1994
2031
2038
2092
2096
2216
2245
2247
2255
2260
2278
2296
2323
2337
2385
2388
2411
2446
2449
2463
2468
2470
2555
2565
2565
2568
2579
2628
2630
2689
2703
2717
2741
2795
2798
2815
2851
2868
2869
2869
2881
2913
2950
2972
3002
3027
3090
3138
3160
3175
3183
3193
3202
3236
3238
3276
3279
3283
3298
3305
3329
3334
3382
3414
3421
3490
3551
3572
3605
3670
3771
3783
3805
3857
3881
3921
3933
3951
3956
3973
3989
3996
4006
4014
4023
4034
4047
4063
4065
4101
4134
4143
4162
4168
4209
4215
4224
4231
4252
4264
4265
4288
4315
4321
4323
4348
4385
4418
4448
4450
4511
4532
4538
4540
4548
4574
4582
4593
4615
4616
4628
4673
4713
4744
4790
4804
4827
4838
4846
4851
4867
4897
4914
4960
4963
4971
4979
5007
5020
5029
5082
5092
5115
5135
5174
5235
5279
5290
5337
5355
5357
5362
5383
5388
5420
5422
5440
5447
5462
5472
5480
5484
5498
5513
5518
5549
5559
5571
5642
5657
5662
5691
5706
5745
5763
5766
5768
5839
5857
5863
5863
5888
5897
5929
5942
5947
5951
5957
5960
5967
5982
6035
6088
6101
6108
6110
6138
6184
6222
6247
6259
6291
6315
6337
6366
6384
6411
6457
6458
6535
6558
6559
6612
6620
6626
6645
6645
6682
6692
6707
6715
6720
6725
6792
6800
6803
6806
6822
6824
6832
6861
6883
6892
6906
6910
6945
6947
6964
6977
6999
7079
7089
7125
7158
7200
7224
7226
7252
7296
7359
7372
7393
7396
7417
7460
7489
7522
7522
7527
7533
7539
7546
7549
7560
7572
7598
7678
7743
7785
7787
7814
7816
7833
7834
7838
7855
7876
7902
7912
7913
7939
7944
7952
7965
7970
8016
8020
8047
8058
8080
8100
8105
8116
8121
8150
8161
8186
8204
8220
8226
8233
8243
8264
8278
8286
8286
8337
8337
8356
8383
8414
8416
8420
8434
8447
8451
8451
8506
8534
8555
8584
8610
8666
8748
8769
8771
8772
8803
8807
8840
8844
8890
8898
8914
8924
8933
8954
8962
8969
8988
8991
8998
9030
9048
9055
9074
9075
9111
9115
9132
9138
9171
9207
9210
9212
9229
9242
9252
9253
9255
9302
9315
9317
9328
9347
9368
9369
9372
9377
9398
9412
9429
9439
9443
9458
9470
9501
9509
9511
9512
9537
9542
9551
9579
9590
9597
9614
9618
9625
9673
9696
9705
9708
9713
9716
9727
9730
9738
9772
9781
9862
9881
9886
9897
9910
9946
9949
9969
10077
10099
10101
10178
10179
10208
10217
10221
10256
10262
10383
10383
10396
10397
10412
10414
10442
10476
10480
10500
10516
10518
10602
10603
10618
10657
10707
10760
10779
10847
10862
10865
10878
10902
10910
10911
10949
10956
10958
10971
10991
11029
11042
11061
11095
11103
11108
11112
11129
11149
11155
11159
11162
11195
11221
11268
11273
11275
11282
11319
11324
11340
11344
11345
11359
11367
11379
11382
11391
11426
11489
11541
11548
11562
11577
11579
11603
11647
11667
11667
11692
11714
11733
11739
11748
11771
11807
11837
11847
11887
11939
11951
11952
11995
12044
12054
12086
12088
12103
12129
12139
12146
12147
12155
12259
12300
12406
12411
12419
12426
12481
12490
12551
12563
12575
12596
12644
12645
12646
12665
12675
12683
12755
12769
12784
12786
12811
12813
12836
12907
12909
12922
12924
12983
12991
13036
13036
13074
13094
13104
13125
13128
13157
13166
13172
13206
13242
13257
13300
13315
13324
13344
13358
13393
13395
13401
13435
13463
13468
13524
13551
13617
13655
13662
13666
13686
13690
13690
13759
13781
13803
13811
13826
13834
13860
13872
13925
13953
13963
14025
14076
14122
14140
14144
14147
14166
14171
14172
14195
14207
14273
14291
14292
14301
14321
14325
14335
14357
14362
14362
14367
14427
14469
14478
14499
14519
14536
14543
14579
14623
14665
14688
14710
14724
14734
14735
14745
14798
14831
14896
14900
14929
14965
14994
15014
15015
15092
15104
15111
15129
15166
15219
15237
15249
15273
15273
15280
15297
15334
15353
15379
15413
15438
15479
15491
15521
15547
15552
15552
15553
15596
15606
15621
15631
15633
15635
15637
15643
15647
15717
15741
15769
15796
15800
15807
15819
15858
15871
15899
15910
15916
15933
15958
15962
15977
15989
16000
16036
16078
16086
16113
16113
16116
16130
16138
16169
16174
16199
16215
16233
16252
16269
16279
16296
16318
16324
16341
16357
16374
16389
16411
16435
16473
16489
16492
16534
16558
16566
16611
16644
16650
16663
16663
16688
16694
16719
16738
16767
16772
16783
16799
16890
16902
16913
16915
16948
16975
17024
17036
17041
17063
17071
17105
17168
17188
17189
17199
17210
17284
17293
17314
17337
17355
17355
17361
17364
17389
17394
17397
17421
17447
17471
17481
17505
17518
17522
17535
17536
17537
17546
17561
17580
17584
17592
17594
17612
17615
17618
17631
17636
17640
17711
17733
17756
17759
17777
17779
17781
17794
17795
17799
17804
17830
17834
17869
17897
17914
17916
17988
17999
18006
18039
18043
18102
18116
18125
18133
18155
18156
18194
18206
18217
18233
18234
18236
18237
18278
18282
18285
18299
18332
18350
18370
18376
18385
18417
18441
18466
18469
18477
18541
18550
18572
18585
18663
18694
18696
18697
18702
18717
18732
18774
18785
18812
18843
18868
18877
18902
18907
18925
18927
18939
18963
18968
18974
18975
19002
19039
19042
19055
19057
19073
19101
19104
19126
19146
19227
19233
19254
19295
19323
19336
19340
19341
19356
19375
19376
19385
19403
19406
19480
19490
19497
19517
19555
19561
19597
19602
19622
19658
19663
19669
19674
19691
19697
19698
19706
19711
19717
19720
19732
19735
19739
19740
19752
19756
19761
19775
19785
19822
19832
19883
19909
19923
19942
19963
19970
19985
20033
20054
20075
20086
20111
20131
20197
20199
20212
20234
20247
20341
20347
20391
20403
20411
20467
20468
20556
20586
20627
20642
20650
20663
20688
20742
20746
20759
20799
20812
20814
20824
20830
20883
20884
20891
20904
20907
20913
20915
20936
20941
20942
20954
20966
20998
21022
21037
21043
21044
21048
21060
21067
21078
21124
21145
21147
21148
21161
21180
21184
21209
21233
21247
21259
21282
21303
21348
21353
21364
21388
21393
21398
21534
21541
21583
21605
21622
21649
21654
21691
21727
21740
21742
21756
21779
21830
21850
21867
21884
21888
21922
21933
21936
21943
21953
21957
21962
21970
21975
22016
22049
22121
22128
22135
22158
22161
22166
22176
22271
22296
22302
22367
22372
22388
22393
22402
22429
22463
22478
22524
22564
22570
22593
22603
22699
22711
22732
22732
22735
22737
22744
22756
22777
22790
22796
22797
22805
22813
22845
22918
22929
22938
22959
22985
23011
23023
23026
23041
23059
23066
23070
23113
23136
23152
23158
23175
23185
23231
23243
23276
23290
23326
23347
23352
23374
23378
23423
23430
23435
23466
23520
23530
23535
23537
23590
23619
23621
23659
23672
23691
23726
23763
23767
23770
23777
23786
23791
23794
23853
23881
23907
23932
23947
23948
23953
23966
24034
24093
24100
24103
24104
24122
24156
24171
24185
24194
24225
24249
24255
24257
24262
24265
24290
24292
24304
24320
24329
24335
24368
24379
24397
24430
24434
24497
24514
24523
24549
24555
24575
24577
24598
24599
24611
24655
24676
24686
24768
24775
24824
24833
24862
24877
24892
24899
24950
24962
24989
25005
25036
25049
25050
25059
25059
25060
25072
25078
25114
25124
25162
25198
25236
25261
25274
25283
25292
25302
25310
25324
25350
25395
25399
25432
25434
25438
25453
25461
25470
25480
25487
25515
25546
25548
25551
25573
25574
25608
25633
25635
25656
25676
25678
25687
25726
25761
25764
25778
25778
25795
25803
25819
25890
25899
25904
25908
25948
25950
25953
25984
26014
26015
26024
26057
26122
26160
26196
26215
26266
26303
26329
26336
26337
26345
26361
26402
26412
26436
26444
26481
26528
26583
26588
26600
26640
26660
26677
26702
26705
26711
26767
26807
26826
26838
26879
26880
26880
26949
26953
26975
26993
26994
27010
27011
27018
27030
27056
27073
27109
27111
27114
27133
27163
27165
27176
27181
27197
27250
27252
27256
27273
27288
27313
27325
27395
27399
27450
27458
27499
27514
27517
27534
27550
27616
27619
27625
27659
27676
27703
27708
27710
27714
27723
27754
27773
27785
27807
27816
27839
27893
27899
27905
27911
27915
27934
27953
27981
27982
28003
28078
28133
28139
28147
28164
28225
28231
28239
28253
28266
28279
28300
28331
28350
28375
28381
28392
28402
28420
28425
28435
28453
28506
28508
28526
28540
28586
28591
28601
28632
28693
28694
28717
28751
28769
28772
28790
28800
28819
28823
28860
28860
28919
28922
28939
28943
28961
29003
29044
29066
29086
29126
29127
29136
29155
29174
29184
29198
29319
29339
29359
29360
29402
29424
29428
29582
29719
29735
29738
29743
29756
29783
29798
29838
29860
29877
29880
29900
29955
29996
30017
30018
30043
30049
30053
30056
30066
30078
30082
30097
30101
30122
30160
30167
30228
30254
30263
30276
30330
30347
30352
30359
30364
30368
30392
30409
30422
30441
30446
30495
30503
30505
30506
30509
30517
30530
30550
30551
30564
30575
30582
30606
30614
30617
30629
30656
30661
30683
30718
30721
30726
30735
30744
30749
30775
30798
30798
30803
30835
30878
30892
30902
30904
30916
30918
30923
30950
30959
30986
31000
31004
31010
31058
31088
31130
31183
31201
31236
31296
31313
31319
31337
31341
31395
31432
31446
31454
31472
31474
31513
31521
31565
31583
31599
31627
31675
31679
31711
31754
31765
31778
31792
31842
31866
31916
31972
32025
32039
32042
32047
32087
32094
32124
32128
32137
32163
32168
32182
32248
32262
32269
32311
32332
32350
32373
32377
32397
32434
32450
32491
32504
32512
32541
32543
32570
32617
32694
32700
32707
32724
32728
32733
32747
32774
32779
32819
32828
32849
32912
32935
32937
32962
32968
33017
33020
33066
33096
33148
33164
33174
33182
33226
33250
33257
33258
33258
33262
33297
33348
33360
33394
33425
33433
33437
33467
33478
33542
33551
33556
33566
33582
33600
33602
33605
33607
33616
33625
33629
33631
33650
33667
33693
33698
33711
33723
33730
33737
33739
33744
33757
33767
33770
33793
33805
33817
33873
33883
33908
33914
33925
33937
33950
33951
34015
34044
34086
34103
34139
34155
34226
34231
34249
34271
34271
34292
34310
34314
34320
34323
34338
34343
34356
34366
34371
34404
34431
34434
34490
34502
34569
34601
34615
34616
34629
34632
34633
34634
34639
34644
34695
34706
34738
34753
34765
34792
34797
34834
34841
34905
34970
35008
35016
35019
35020
35053
35067
35069
35097
35127
35142
35181
35184
35185
35198
35200
35270
35308
35348
35348
35407
35415
35468
35499
35500
35556
35566
35603
35605
35610
35614
35625
35626
35653
35666
35676
35682
35710
35741
35758
35773
35786
35805
35832
35836
35859
35866
35918
35931
35972
35973
36005
36009
36015
36019
36033
36042
36044
36049
36053
36058
36065
36085
36092
36124
36148
36186
36276
36323
36331
36344
36345
36367
36375
36392
36406
36412
36422
36448
36476
36481
36498
36499
36515
36525
36540
36554
36575
36596
36605
36627
36637
36675
36701
36710
36722
36736
36748
36784
36817
36828
36856
36937
37008
37034
37060
37065
37067
37068
37093
37106
37165
37239
37284
37296
37311
37353
37358
37365
37410
37444
37449
37468
37504
37524
37536
37540
37579
37606
37614
37633
37650
37679
37681
37703
37731
37740
37793
37796
37832
37835
37837
37846
37889
37906
37906
37939
37951
37971
37988
38000
38012
38013
38017
38024
38044
38069
38101
38107
38113
38133
38139
38151
38169
38194
38272
38328
38340
38344
38355
38366
38414
38435
38540
38562
38577
38602
38631
38642
38650
38656
38718
38723
38725
38736
38765
38823
38887
38908
38915
38941
38950
38978
38988
39053
39058
39066
39088
39105
39144
39150
39173
39258
39263
39269
39270
39287
39349
39361
39398
39427
39435
39458
39471
39478
39515
39527
39567
39605
39608
39632
39636
39638
39662
39688
39709
39822
39828
39828
39832
39852
39856
39874
39894
39901
39905
39908
39926
39932
40005
40046
40048
40072
40122
40196
40207
40219
40241
40248
40275
40329
40347
40362
40388
40430
40448
40455
40511
40524
40546
40579
40580
40595
40606
40629
40669
40713
40735
40763
40791
40820
40837
40840
40848
40856
40889
40892
40932
40940
40968
40984
40993
41011
41048
41071
41089
41139
41159
41169
41180
41199
41213
41213
41234
41258
41274
41343
41347
41353
41362
41366
41377
41407
41416
41421
41428
41443
41468
41479
41513
41522
41546
41553
41579
41597
41638
41679
41700
41800
41807
41854
41856
41869
41875
41903
41938
41957
41972
41992
42020
42032
42032
42044
42061
42068
42111
42115
42118
42187
42188
42188
42191
42231
42232
42233
42246
42321
42356
42366
42388
42396
42452
42483
42490
42492
42499
42501
42511
42516
42527
42533
42538
42540
42567
42608
42619
42719
42744
42749
42755
42768
42786
42804
42816
42834
42844
42854
42894
42906
42930
42935
42959
42977
42980
42993
43020
43036
43037
43123
43141
43158
43238
43258
43283
43286
43290
43324
43334
43340
43377
43400
43405
43439
43473
43514
43530
43549
43602
43606
43622
43650
43679
43695
43708
43711
43713
43716
43723
43725
43747
43763
43778
43780
43784
43797
43834
43858
43867
43883
43899
43902
43931
43974
43993
44075
44135
44196
44217
44218
44225
44244
44330
44344
44409
44416
44445
44455
44465
44491
44540
44574
44609
44624
44624
44680
44746
44757
44789
44799
44829
44835
44860
44939
44978
44987
45012
45053
45107
45108
45111
45117
45143
45173
45191
45205
45209
45209
45285
45395
45422
45439
45445
45449
45460
45563
45604
45620
45621
45651
45651
45660
45667
45688
45736
45742
45754
45757
45806
45867
45887
45952
45955
45968
45977
45982
45995
46031
46045
46093
46113
46123
46151
46169
46199
46216
46225
46239
46263
46264
46275
46310
46313
46320
46356
46384
46387
46396
46417
46438
46443
46453
46453
46464
46467
46481
46519
46569
46572
46618
46645
46693
46699
46704
46706
46718
46768
46779
46828
46855
46857
46890
46924
46947
47044
47102
47104
47108
47116
47129
47140
47151
47160
47173
47185
47206
47220
47232
47270
47278
47307
47308
47313
47344
47351
47354
47366
47397
47399
47401
47425
47431
47434
47440
47440
47455
47505
47524
47529
47552
47566
47603
47640
47679
47720
47744
47757
47767
47768
47780
47783
47821
47828
47831
47892
47897
47898
47937
47980
47982
47996
48045
48060
48138
48155
48155
48180
48181
48188
48198
48202
48224
48224
48225
48251
48280
48291
48321
48321
48333
48333
48418
48429
48451
48511
48527
48529
48546
48554
48570
48570
48587
48602
48611
48654
48660
48669
48670
48692
48753
48762
48783
48839
48841
48877
48886
48887
48920
48935
49035
49070
49128
49131
49141
49151
49158
49166
49201
49230
49237
49244
49253
49277
49300
49303
49314
49346
49354
49360
49368
49403
49424
49439
49461
49463
49464
49469
49469
49479
49482
49483
49542
49572
49583
49600
49625
49661
49677
49693
49698
49712
49729
49736
49776
49820
49823
49834
49847
49857
49862
49865
49894
49936
49987
49999
50010
50058
50069
50138
50138
50143
50149
50149
50152
50157
50159
50179
50203
50215
50223
50250
50253
50261
50304
50323
50368
50381
50403
50419
50421
50435
50444
50469
50489
50519
50529
50573
50591
50592
50604
50605
50607
50617
50626
50635
50669
50683
50686
50697
50718
50724
50734
50748
50761
50778
50843
50873
50877
50902
50904
50968
51010
51010
51046
51050
51060
51065
51068
51074
51076
51078
51091
51141
51141
51146
51161
51164
51209
51217
51221
51224
51224
51251
51291
51292
51292
51307
51318
51355
51363
51366
51372
51373
51399
51405
51445
51457
51544
51555
51561
51589
51611
51654
51676
51684
51706
51731
51785
51785
51800
51808
51810
51829
51859
51883
51905
51909
51914
51918
51928
51944
51963
51992
52037
52043
52050
52072
52105
52113
52128
52162
52224
52248
52269
52269
52271
52301
52303
52312
52317
52356
52390
52406
52407
52416
52424
52432
52449
52458
52458
52472
52477
52478
52485
52507
52524
52525
52558
52563
52573
52625
52641
52648
52655
52669
52670
52681
52687
52720
52721
52767
52788
52799
52799
52852
52882
52882
52910
52913
52947
52975
52980
52996
52998
53017
53066
53069
53072
53072
53076
53077
53078
53103
53160
53218
53220
53236
53254
53258
53316
53323
53363
53364
53379
53387
53400
53412
53436
53458
53492
53548
53555
53634
53656
53673
53691
53699
53748
53805
53810
53828
53849
53880
53919
53936
53958
53960
53976
53979
53984
54011
54013
54020
54025
54038
54046
54060
54065
54069
54073
54080
54113
54168
54203
54212
54234
54240
54256
54260
54260
54281
54338
54364
54379
54401
54411
54426
54426
54443
54552
54556
54578
54607
54608
54608
54620
54649
54653
54653
54679
54679
54697
54765
54791
54806
54830
54855
54919
54997
55005
55041
55092
55096
55110
55115
55117
55184
55189
55222
55233
55309
55323
55331
55338
55350
55356
55357
55359
55425
55429
55440
55453
55458
55478
55481
55491
55530
55550
55570
55613
55619
55655
55669
55670
55711
55716
55809
55869
55872
55873
55874
55896
55897
55955
55972
55994
56005
56017
56094
56119
56139
56177
56180
56227
56236
56246
56274
56286
56305
56305
56322
56333
56367
56379
56393
56407
56420
56424
56438
56441
56455
56465
56476
56516
56517
56527
56550
56560
56648
56669
56698
56709
56739
56744
56776
56779
56820
56846
56855
56862
56907
56918
56944
56962
56975
56980
56989
57018
57064
57069
57084
57090
57099
57118
57144
57177
57218
57246
57270
57280
57285
57285
57289
57302
57320
57349
57376
57391
57394
57422
57437
57461
57472
57507
57514
57519
57573
57575
57622
57648
57685
57741
57755
57764
57771
57803
57804
57902
57921
57926
57938
57969
57976
57977
57985
58010
58037
58052
58079
58089
58099
58113
58163
58184
58207
58214
58281
58292
58323
58336
58353
58367
58369
58373
58390
58391
58410
58416
58429
58440
58446
58448
58450
58480
58484
58491
58530
58544
58545
58576
58585
58607
58618
58622
58642
58649
58661
58675
58683
58762
58789
58802
58878
58889
58891
58939
58979
58991
59064
59080
59096
59098
59119
59128
59142
59147
59162
59193
59200
59208
59265
59283
59286
59289
59307
59338
59373
59396
59424
59440
59447
59453
59489
59522
59578
59586
59598
59612
59646
59658
59658
59667
59687
59690
59785
59804
59816
59843
59846
59874
59921
59926
59959
59979
59989
60022
60025
60043
60050
60061
60104
60116
60129
60135
60154
60180
60181
60193
60199
60201
60206
60216
60237
60324
60338
60344
60355
60358
60370
60372
60419
60424
60455
60461
60467
60480
60503
60510
60511
60519
60555
60586
60599
60603
60644
60646
60673
60683
60692
60714
60715
60772
60780
60785
60811
60834
60859
60888
60901
60919
60921
60950
60957
60957
60960
61017
61051
61068
61069
61079
61082
61108
61110
61131
61151
61155
61164
61167
61168
61286
61291
61298
61319
61354
61354
61368
61379
61419
61419
61449
61488
61494
61502
61523
61588
61602
61657
61697
61707
61711
61721
61741
61748
61761
61784
61790
61802
61812
61860
61875
61901
61902
61908
61921
61957
61968
61968
62022
62023
62027
62047
62049
62067
62075
62080
62089
62089
62098
62191
62193
62201
62210
62210
62220
62253
62277
62296
62369
62385
62491
62500
62515
62516
62523
62588
62600
62627
62650
62700
62763
62798
62857
62865
62869
62893
62915
62942
62980
62983
62996
63020
63020
63024
63042
63052
63054
63064
63089
63097
63122
63136
63143
63166
63173
63179
63204
63239
63285
63286
63304
63308
63343
63362
63383
63391
63398
63404
63407
63442
63445
63448
63469
63566
63582
63591
63609
63684
63685
63692
63692
63697
63704
63708
63720
63731
63735
63776
63776
63785
63794
63816
63818
63828
63835
63853
63858
63867
63877
63899
63909
63979
63992
63993
64006
64010
64016
64039
64040
64088
64100
64102
64112
64118
64128
64155
64168
64174
64200
64203
64223
64231
64248
64278
64283
64305
64320
64337
64343
64393
64435
64438
64473
64480
64507
64513
64518
64526
64588
64595
64629
64640
64648
64655
64659
64678
64701
64726
64726
64740
64745
64778
64783
64795
64880
64887
64926
64931
64954
64990
64997
65021
65082
65091
65101
65104
65107
65177
65228
65240
65302
65339
65345
65356
65366
65389
65403
65443
65548
65576
65587
65588
65590
65609
65622
65703
65741
65748
65748
65762
65770
65779
65781
65789
65811
65846
65847
65850
65866
65880
65890
65925
65929
65985
65990
66018
66037
66092
66099
66108
66135
66137
66146
66193
66278
66297
66330
66333
66356
66373
66383
66412
66443
66478
66489
66557
66566
66572
66577
66597
66612
66620
66637
66665
66672
66701
66716
66721
66729
66746
66750
66763
66771
66805
66806
66824
66844
66862
66891
66908
67032
67034
67078
67094
67107
67111
67123
67140
67166
67186
67222
67230
67288
67308
67339
67383
67396
67403
67416
67425
67427
67442
67448
67522
67534
67542
67595
67597
67610
67614
67623
67657
67660
67668
67716
67726
67735
67738
67769
67843
67894
67912
67923
67931
67941
67958
67973
67981
67982
68020
68021
68022
68030
68038
68044
68045
68046
68066
68079
68104
68133
68135
68143
68148
68186
68193
68194
68212
68238
68246
68267
68288
68290
68304
68313
68326
68329
68336
68342
68351
68366
68392
68413
68421
68424
68426
68439
68442
68467
68677
68699
68701
68720
68731
68739
68741
68755
68757
68758
68769
68781
68794
68813
68834
68847
68865
68868
68882
68905
68941
68966
68975
68991
69062
69130
69143
69149
69168
69175
69190
69225
69234
69271
69315
69324
69335
69348
69349
69406
69416
69433
69438
69441
69469
69480
69499
69518
69525
69531
69533
69533
69548
69554
69575
69598
69617
69620
69620
69637
69656
69689
69696
69724
69733
69733
