2
125
218
508
550
651
658
676
682
714
1060
1187
1198
1341
1645
1814
1830
1877
1879
1931
2285
2298
2510
2532
2596
2598
2630
3086
3094
3196
3387
3395
3451
3455
3503
3639
3990
4079
4107
4149
4262
4509
4832
4864
5217
5333
5358
5511
5518
5688
6137
6295
6759
7082
7282
7355
7584
7740
7990
8273
8284
8360
8523
8771
8792
9270
9600
9638
9843
10378
10702
11272
11342
11397
11595
11839
11893
11933
12019
12402
12656
12723
12767
12855
13049
13295
13451
13464
13716
13920
14315
14625
14765
15030
15097
15246
15265
15307
15371
15467
15826
15860
15917
15933
16311
16738
17007
17073
17163
17706
17724
17958
18099
18229
18235
18326
18479
18494
18517
18690
18800
18878
18945
19003
19214
19224
19316
19466
19499
19541
19592
19711
20246
20823
20844
20864
20889
20982
21045
21175
21196
21225
21336
21497
21712
22034
22035
22116
22133
22397
22419
22529
22578
22684
22902
23017
23219
23810
23898
24311
24314
24356
24366
24435
24442
24452
24817
25063
25086
25086
25294
25315
25437
25529
25800
25847
25961
26130
26180
26325
27099
27538
28059
28119
28541
28694
28862
29004
29517
29520
29579
29584
29864
29967
30055
30181
30234
30360
30420
30636
30689
30790
30798
30905
31042
31082
31167
31197
31200
31272
31486
31553
31653
31866
31932
32016
32102
32269
32660
33019
33092
33181
33475
33489
33687
33818
34339
34528
34552
34553
34748
34762
34856
34903
35121
35504
35757
35793
36049
36284
36583
36687
36778
36912
36941
36990
37150
37326
37412
37736
37765
38656
38699
38744
38977
38977
39093
39377
39533
39684
39688
39748
39800
40735
40940
41062
41134
41188
41311
41481
41522
41840
41869
41903
41917
41976
42255
42323
42605
42673
43129
43168
43232
43284
43491
43503
43645
43749
43795
43851
43975
43986
44473
44604
44697
45098
45167
45651
45914
45979
46026
46218
46349
46374
46436
46467
46606
46675
46909
46920
46920
47162
47214
47303
47485
47493
47498
47583
47752
47879
47906
48045
48283
48371
48517
48599
48647
48721
48894
48931
49380
49520
49639
49671
49803
49865
50067
50213
50339
50480
50483
50531
50661
50676
50848
50903
51218
51448
51458
51558
51606
51791
51873
51919
52354
52691
52845
53324
53850
53947
54011
54405
54534
54546
54615
54745
54831
54867
54891
54892
54989
55112
55306
55325
55379
55493
55651
55677
55808
55903
55951
55967
56078
56290
56642
56654
57020
57112
57186
57398
57514
57547
57568
57636
57730
57742
57745
57760
58027
58403
58460
58488
58619
58673
58705
58799
58820
59094
59237
59395
59639
59738
59786
59889
60486
60549
60640
60962
61208
61213
61297
61362
61599
61609
61633
61668
61965
62153
62165
62285
62436
62492
62790
62958
62993
63011
63080
63208
63216
63218
63309
63479
63570
63940
64011
64106
64597
64664
64714
64754
64849
65172
65256
65655
65756
66042
66183
66208
66337
66529
66581
67101
67241
67283
67527
67538
67819
68017
68297
68650
68783
68822
68972
69078
69161
69266
69392
69536
