9
12
29
48
53
58
60
61
69
76
77
91
109
117
119
122
125
127
146
153
172
182
183
189
193
193
194
199
202
203
208
210
214
219
226
231
240
247
248
261
261
274
281
289
291
299
301
301
305
326
327
330
336
342
351
360
366
372
378
393
402
406
413
418
439
462
467
478
478
510
510
516
519
520
530
538
540
543
559
568
570
572
590
590
610
612
612
616
625
630
631
633
634
642
649
654
656
668
672
686
697
697
702
703
704
710
731
734
743
751
751
765
765
772
773
776
778
779
781
806
809
825
827
830
832
837
839
841
849
855
878
882
890
906
909
912
912
915
927
928
936
940
964
966
973
977
979
981
985
992
995
1002
1002
1008
1045
1052
1056
1063
1070
1077
1079
1081
1086
1087
1093
1100
1111
1115
1116
1117
1132
1155
1172
1173
1175
1182
1190
1191
1222
1223
1226
1231
1232
1246
1259
1277
1280
1302
1305
1309
1310
1328
1346
1371
1383
1385
1387
1393
1402
1408
1422
1423
1439
1443
1444
1469
1484
1487
1494
1505
1525
1528
1551
1563
1563
1580
1584
1588
1588
1591
1596
1599
1612
1612
1612
1625
1626
1631
1633
1638
1640
1645
1648
1652
1689
1697
1697
1701
1741
1744
1764
1788
1799
1815
1815
1830
1841
1843
1879
1887
1896
1907
1908
1916
1927
1930
1942
1944
1951
1952
1954
1957
1962
1971
1980
1983
1988
1988
1996
2007
2020
2023
2044
2052
2054
2055
2077
2081
2084
2089
2098
2100
2103
2108
2113
2114
2121
2122
2138
2144
2147
2167
2179
2193
2197
2199
2201
2206
2207
2220
2232
2252
2262
2265
2273
2284
2286
2287
2291
2292
2296
2307
2318
2327
2328
2331
2332
2339
2352
2357
2368
2375
2383
2385
2385
2390
2399
2406
2425
2425
2426
2431
2451
2454
2465
2470
2481
2489
2501
2506
2508
2520
2527
2535
2542
2544
2557
2576
2578
2581
2594
2598
2606
2606
2613
2617
2617
2624
2639
2651
2655
2658
2661
2679
2687
2698
2701
2712
2722
2745
2751
2753
2771
2778
2787
2797
2815
2818
2821
2822
2826
2838
2842
2845
2861
2862
2866
2867
2891
2891
2892
2894
2896
2918
2928
2928
2930
2931
2939
2949
2953
2962
2967
2969
2971
2980
2981
2995
3006
3007
3022
3023
3024
3045
3047
3054
3059
3062
3063
3073
3075
3078
3083
3090
3095
3123
3149
3157
3158
3162
3168
3168
3171
3171
3176
3181
3184
3196
3210
3215
3216
3233
3240
3249
3257
3258
3262
3300
3304
3309
3320
3323
3324
3332
3340
3347
3351
3352
3354
3359
3365
3376
3378
3379
3384
3385
3390
3396
3400
3402
3414
3427
3429
3436
3451
3452
3464
3487
3502
3508
3511
3544
3547
3549
3561
3566
3580
3595
3612
3612
3620
3621
3625
3632
3639
3645
3647
3649
3650
3652
3663
3667
3672
3673
3680
3698
3699
3705
3706
3727
3735
3735
3736
3762
3769
3776
3779
3803
3805
3811
3811
3815
3823
3829
3858
3884
3900
3901
3909
3922
3924
3931
3940
3954
3962
3966
3967
3977
3986
3997
3999
4013
4022
4024
4041
4047
4060
4065
4067
4072
4076
4090
4094
4097
4099
4100
4113
4128
4131
4139
4142
4143
4144
4145
4148
4153
4158
4159
4162
4174
4178
4186
4201
4205
4224
4240
4244
4246
4266
4274
4275
4276
4277
4279
4283
4289
4296
4299
4333
4333
4344
4354
4358
4361
4370
4373
4380
4384
4413
4413
4422
4430
4435
4454
4458
4458
4458
4463
4464
4472
4475
4493
4496
4503
4506
4513
4518
4520
4523
4523
4525
4527
4534
4542
4543
4547
4549
4550
4550
4575
4578
4584
4585
4590
4590
4601
4605
4606
4617
4617
4622
4631
4632
4637
4641
4650
4660
4660
4660
4662
4693
4695
4707
4723
4737
4738
4746
4759
4775
4778
4791
4806
4812
4820
4828
4839
4857
4861
4864
4866
4884
4890
4894
4895
4906
4912
4933
4938
4942
4959
4961
4963
4983
4991
4991
4999
5025
5029
5038
5039
5044
5046
5056
5078
5078
5087
5089
5099
5119
5119
5120
5127
5135
5139
5148
5158
5159
5162
5164
5168
5175
5176
5177
5192
5194
5201
5216
5223
5236
5239
5242
5261
5263
5281
5292
5292
5297
5301
5301
5309
5319
5320
5325
5331
5336
5350
5355
5363
5365
5366
5378
5384
5388
5392
5396
5398
5421
5431
5432
5432
5435
5437
5448
5449
5450
5455
5462
5473
5473
5476
5477
5491
5499
5515
5527
5530
5530
5543
5543
5544
5550
5553
5565
5584
5590
5600
5604
5604
5606
5608
5621
5627
5639
5641
5642
5656
5665
5669
5669
5680
5683
5685
5698
5700
5721
5721
5722
5724
5734
5743
5755
5761
5768
5790
5797
5800
5815
5823
5827
5831
5844
5866
5872
5874
5890
5901
5927
5932
5934
5940
5943
5959
5986
5992
5993
5997
5998
6011
6012
6022
6026
6039
6046
6057
6065
6077
6083
6085
6086
6096
6104
6106
6128
6140
6145
6148
6151
6168
6173
6176
6180
6193
6194
6196
6202
6214
6231
6236
6242
6250
6255
6256
6257
6257
6266
6266
6267
6270
6271
6272
6282
6283
6286
6291
6297
6304
6311
6327
6335
6335
6356
6363
6366
6384
6395
6404
6416
6448
6451
6464
6471
6479
6487
6489
6513
6513
6524
6545
6551
6557
6558
6564
6565
6566
6581
6592
6599
6600
6611
6613
6622
6629
6631
6643
6645
6648
6651
6652
6671
6686
6688
6703
6720
6726
6730
6749
6753
6765
6775
6775
6784
6790
6792
6798
6802
6803
6810
6811
6814
6819
6820
6821
6821
6828
6836
6840
6860
6864
6871
6881
6891
6899
6914
6925
6927
6931
6942
6951
6951
6971
6972
6974
6975
6977
6979
6984
6990
6991
7001
7014
7016
7020
7025
7031
7035
7058
7067
7074
7077
7077
7078
7086
7092
7100
7115
7120
7122
7131
7149
7157
7158
7158
7158
7164
7177
7189
7193
7199
7203
7203
7206
7228
7235
7236
7239
7244
7254
7256
7259
7268
7269
7269
7270
7270
7277
7280
7280
7291
7296
7302
7303
7306
7313
7314
7327
7341
7344
7352
7362
7370
7390
7393
7397
7406
7408
7417
7421
7435
7438
7454
7456
7457
7461
7499
7500
7503
7511
7520
7542
7554
7558
7560
7561
7586
7587
7594
7600
7639
7646
7648
7650
7655
7678
7679
7685
7689
7701
7705
7709
7713
7715
7716
7725
7728
7738
7753
7774
7775
7786
7800
7806
7826
7830
7835
7841
7865
7865
7886
7887
7891
7902
7903
7921
7941
7950
7952
7952
7957
7958
7962
7969
7977
7979
7986
8007
8009
8024
8045
8050
8064
8068
8075
8079
8081
8081
8112
8120
8130
8135
8139
8145
8150
8163
8164
8173
8175
8183
8183
8197
8201
8215
8227
8240
8254
8254
8268
8268
8286
8287
8293
8301
8306
8322
8328
8348
8348
8360
8370
8381
8381
8385
8385
8386
8397
8397
8398
8402
8405
8412
8431
8438
8448
8463
8476
8479
8488
8504
8529
8533
8553
8563
8563
8568
8574
8591
8601
8603
8631
8633
8646
8651
8662
8665
8668
8669
8693
8694
8695
8715
8716
8724
8728
8732
8741
8747
8770
8773
8776
8779
8783
8784
8784
8786
8795
8796
8798
8799
8810
8814
8828
8836
8840
8852
8859
8868
8903
8904
8938
8945
8947
8961
8996
9003
9006
9017
9023
9033
9033
9034
9038
9042
9046
9051
9119
9146
9150
9151
9151
9156
9166
9166
9171
9175
9190
9201
9221
9224
9225
9234
9236
9251
9255
9257
9298
9310
9312
9319
9345
9349
9365
9366
9374
9387
9389
9397
9404
9413
9415
9418
9428
9441
9443
9451
9496
9496
9497
9506
9524
9527
9531
9532
9539
9542
9543
9572
9582
9599
9607
9615
9627
9628
9633
9634
9644
9644
9645
9675
9675
9685
9703
9713
9714
9719
9734
9746
9763
9773
9785
9792
9794
9800
9811
9816
9825
9837
9840
9853
9854
9864
9868
9870
9880
9881
9881
9884
9885
9894
9908
9909
9920
9926
9941
9945
9957
9958
9973
9975
9989
10002
10007
10016
10022
10026
10029
10043
10046
10070
10075
10090
10099
10105
10124
10125
10128
10138
10149
10165
10168
10172
10180
10181
10189
10201
10201
10221
10224
10236
10238
10242
10244
10251
10251
10253
10255
10264
10278
10281
10281
10284
10293
10303
10316
10317
10331
10333
10364
10374
10382
10386
10387
10399
10403
10408
10410
10422
10425
10438
10445
10457
10466
10504
10508
10517
10542
10563
10566
10566
10569
10571
10576
10581
10587
10593
10615
10616
10635
10662
10664
10668
10669
10682
10689
10690
10694
10695
10699
10703
10703
10708
10717
10738
10764
10767
10775
10785
10790
10800
10809
10819
10826
10827
10830
10844
10850
10850
10853
10866
10873
10873
10897
10898
10911
10924
10931
10934
10937
10940
10943
10952
10969
10971
10978
10993
10993
10998
11019
11028
11030
11040
11044
11054
11055
11060
11068
11086
11086
11090
11094
11107
11113
11142
11150
11150
11170
11170
11173
11182
11184
11201
11206
11207
11214
11215
11218
11221
11224
11236
11237
11239
11249
11251
11253
11257
11261
11270
11286
11296
11298
11298
11302
11304
11306
11307
11311
11313
11313
11316
11323
11327
11339
11344
11368
11370
11377
11381
11382
11417
11430
11441
11446
11451
11460
11468
11470
11472
11477
11499
11503
11515
11527
11535
11538
11539
11543
11548
11551
11564
11566
11592
11592
11594
11597
11607
11630
11633
11642
11648
11651
11696
11703
11708
11719
11730
11732
11736
11749
11752
11756
11777
11787
11810
11813
11820
11823
11832
11859
11863
11891
11913
11927
11929
11935
11949
11971
11977
11979
11989
12007
12010
12019
12054
12061
12064
12067
12078
12080
12080
12083
12085
12087
12092
12092
12094
12095
12097
12108
12119
12119
12130
12133
12147
12149
12152
12154
12169
12171
12174
12183
12186
12198
12208
12221
12231
12233
12242
12244
12250
12254
12266
12274
12277
12281
12288
12289
12298
12312
12323
12324
12325
12325
12326
12328
12335
12344
12361
12362
12373
12399
12406
12416
12430
12439
12439
12444
12452
12453
12459
12474
12483
12484
12484
12494
12497
12500
12506
12525
12530
12542
12548
12549
12578
12583
12595
12625
12631
12635
12635
12638
12643
12646
12649
12653
12669
12672
12676
12676
12685
12690
12700
12708
12718
12720
12726
12727
12749
12754
12755
12767
12769
12778
12798
12806
12811
12819
12829
12858
12862
12870
12873
12874
12880
12887
12889
12894
12908
12921
12923
12930
12936
12937
12942
12944
12949
12953
12963
12975
12979
13014
13021
13030
13035
13036
13044
13046
13060
13063
13063
13076
13087
13090
13099
13120
13132
13137
13153
13163
13173
13181
13195
13201
13204
13207
13225
13227
13227
13228
13234
13236
13246
13251
13253
13256
13275
13281
13297
13300
13310
13317
13336
13339
13350
13353
13357
13363
13363
13387
13396
13421
13429
13437
13440
13444
13444
13456
13468
13471
13474
13483
13490
13505
13506
13523
13537
13552
13556
13568
13569
13574
13576
13576
13577
13593
13593
13595
13608
13617
13618
13624
13625
13634
13636
13679
13679
13680
13681
13684
13685
13685
13690
13698
13699
13709
13713
13732
13741
13744
13750
13757
13762
13771
13791
13796
13798
13800
13816
13822
13832
13872
13876
13879
13894
13895
13896
13901
13907
13932
13944
13957
13970
13971
13972
13976
13981
13983
13989
13991
13991
13995
13997
14007
14017
14034
14034
14045
14051
14051
14057
14064
14064
14067
14075
14077
14113
14120
14167
14169
14177
14200
14207
14212
14221
14224
14228
14243
14249
14255
14255
14269
14274
14282
14287
14287
14290
14291
14302
14304
14315
14315
14316
14325
14332
14332
14350
14353
14356
14360
14370
14378
14381
14386
14391
14397
14400
14407
14408
14414
14414
14422
14425
14441
14441
14470
14471
14474
14477
14483
14492
14496
14502
14518
14519
14519
14525
14543
14544
14549
14553
14557
14580
14580
14597
14598
14598
14604
14628
14631
14634
14641
14685
14696
14697
14698
14703
14708
14712
14717
14723
14763
14768
14774
14775
14788
14791
14794
14827
14829
14851
14865
14870
14872
14876
14882
14883
14891
14913
14916
14922
14935
14943
14948
14956
14959
14964
14966
14972
14975
14977
14979
14987
14991
14995
15000
15010
15013
15013
15014
15026
15042
15051
15055
15065
15073
15082
15082
15090
15102
15102
15114
15119
15143
15157
15167
15184
15191
15192
15193
15203
15207
15207
15231
15232
15233
15254
15273
15274
15349
15351
15367
15372
15372
15373
15375
15399
15401
15403
15408
15427
15431
15439
15446
15450
15452
15484
15485
15488
15500
15500
15501
15508
15516
15548
15560
15561
15562
15567
15593
15603
15604
15609
15615
15616
15616
15638
15653
15653
15654
15655
15660
15670
15673
15684
15685
15690
15696
15697
15705
15749
15757
15768
15778
15796
15797
15806
15809
15811
15812
15819
15831
15836
15847
15852
15859
15867
15870
15873
15874
15876
15879
15879
15882
15883
15885
15885
15919
15922
15930
15940
15948
15956
15959
15976
15979
15983
15999
16021
16024
16028
16037
16055
16057
16058
16058
16065
16072
16083
16091
16092
16093
16110
16114
16119
16122
16125
16126
16133
16136
16141
16143
16146
16153
16165
16165
16171
16174
16195
16203
16203
16214
16234
16239
16242
16251
16252
16252
16257
16265
16276
16290
16293
16301
16307
16308
16316
16319
16333
16336
16342
16347
16356
16371
16376
16378
16394
16395
16399
16402
16404
16419
16426
16428
16464
16468
16491
16491
16498
16499
16499
16502
16502
16508
16514
16526
16529
16530
16539
16539
16542
16553
16555
16576
16589
16605
16610
16615
16619
16657
16673
16682
16683
16704
16711
16713
16720
16746
16772
16781
16784
16786
16791
16800
16808
16811
16839
16840
16864
16864
16873
16878
16885
16901
16909
16912
16916
16917
16924
16938
16940
16968
16971
16978
16987
17005
17016
17027
17030
17044
17046
17051
17063
17066
17072
17074
17084
17092
17095
17099
17102
17105
17106
17109
17110
17111
17112
17119
17126
17136
17137
17139
17144
17145
17147
17163
17167
17185
17185
17200
17207
17211
17219
17219
17241
17249
17253
17253
17257
17261
17263
17287
17289
17298
17326
17335
17340
17345
17348
17348
17350
17364
17364
17365
17403
17404
17410
17424
17430
17442
17459
17460
17461
17463
17468
17469
17473
17474
17506
17521
17523
17530
17544
17547
17550
17554
17559
17567
17582
17584
17585
17608
17614
17619
17628
17629
17638
17644
17645
17649
17658
17661
17662
17669
17682
17683
17690
17696
17697
17707
17708
17723
17729
17731
17732
17759
17764
17767
17772
17774
17776
17785
17794
17803
17808
17816
17819
17822
17839
17841
17856
17864
17866
17885
17885
17895
17903
17906
17922
17937
17939
17947
17957
17963
17970
17976
17986
17989
17990
17990
17991
17994
18004
18008
18012
18013
18014
18022
18030
18032
18032
18043
18043
18047
18051
18062
18071
18077
18078
18080
18082
18093
18095
18097
18117
18128
18129
18131
18141
18141
18156
18189
18191
18192
18195
18202
18204
18205
18209
18218
18219
18223
18233
18237
18243
18248
18251
18254
18266
18266
18290
18291
18326
18330
18339
18345
18346
18360
18361
18362
18362
18364
18372
18376
18376
18384
18390
18395
18401
18408
18409
18412
18414
18423
18425
18433
18464
18467
18469
18473
18478
18484
18492
18496
18511
18515
18517
18528
18537
18543
18543
18544
18545
18553
18555
18557
18558
18561
18573
18604
18605
18610
18623
18627
18633
18641
18643
18645
18659
18670
18676
18700
18712
18725
18725
18741
18746
18748
18759
18759
18772
18773
18778
18784
18787
18791
18795
18803
18807
18813
18829
18835
18836
18839
18856
18859
18859
18863
18872
18873
18873
18880
18881
18890
18894
18896
18903
18926
18936
18940
18950
18951
18957
18959
18963
18965
18974
18988
18994
18995
19002
19013
19022
19023
19024
19028
19050
19051
19078
19079
19102
19115
19117
19118
19123
19125
19128
19131
19132
19136
19139
19154
19158
19164
19168
19180
19192
19195
19212
19223
19224
19226
19228
19232
19247
19247
19248
19250
19271
19279
19282
19304
19305
19311
19317
19325
19334
19347
19348
19349
19350
19355
19367
19367
19370
19371
19373
19384
19396
19399
19410
19411
19424
19439
19450
19450
19457
19460
19466
19489
19490
19497
19500
19501
19518
19528
19537
19539
19552
19560
19560
19561
19585
19607
19614
19617
19626
19631
19638
19638
19639
19645
19657
19657
19663
19670
19671
19671
19673
19675
19678
19688
19692
19702
19702
19710
19736
19743
19754
19756
19764
19766
19773
19778
19779
19790
19797
19799
19799
19803
19806
19813
19814
19821
19841
19848
19870
19874
19876
19876
19878
19884
19889
19896
19900
19937
19945
19946
19960
19966
19974
19975
19980
19999
20022
20027
20044
20047
20056
20058
20062
20066
20077
20088
20089
20090
20097
20103
20109
20112
20113
20119
20147
20148
20152
20156
20157
20162
20177
20179
20183
20199
20203
20205
20211
20212
20215
20218
20220
20225
20237
20248
20249
20251
20255
20264
20275
20288
20292
20304
20305
20327
20331
20339
20342
20353
20375
20378
20395
20419
20444
20446
20454
20470
20471
20487
20501
20503
20522
20522
20526
20528
20531
20533
20536
20545
20554
20554
20562
20571
20572
20575
20581
20587
20588
20597
20604
20606
20608
20609
20616
20617
20618
20638
20638
20641
20642
20643
20649
20656
20656
20658
20670
20691
20717
20738
20745
20746
20754
20767
20774
20775
20775
20794
20800
20811
20818
20867
20872
20884
20899
20912
20916
20916
20917
20939
20942
20943
20951
20962
20970
20977
20983
20991
21007
21011
21012
21014
21022
21023
21031
21032
21037
21041
21060
21065
21076
21077
21077
21078
21100
21107
21117
21117
21120
21124
21129
21148
21156
21160
21163
21181
21183
21189
21200
21207
21218
21222
21226
21229
21234
21252
21257
21276
21281
21282
21290
21293
21295
21301
21305
21310
21324
21327
21347
21359
21361
21376
21380
21383
21385
21386
21387
21410
21429
21441
21450
21451
21453
21458
21464
21466
21469
21480
21486
21504
21504
21514
21517
21524
21529
21533
21534
21535
21537
21553
21557
21557
21579
21588
21591
21595
21596
21614
21616
21619
21640
21644
21645
21648
21656
21662
21662
21667
21669
21673
21682
21684
21685
21723
21745
21746
21774
21775
21777
21781
21798
21822
21828
21836
21836
21837
21842
21842
21842
21862
21868
21873
21874
21875
21888
21909
21954
21992
22009
22016
22041
22043
22049
22054
22056
22078
22087
22092
22093
22101
22108
22116
22124
22126
22132
22134
22146
22147
22154
22171
22175
22203
22206
22214
22222
22227
22252
22266
22266
22269
22269
22274
22275
22276
22278
22279
22312
22313
22317
22340
22356
22364
22366
22381
22387
22388
22394
22399
22402
22403
22409
22422
22435
22435
22440
22441
22443
22461
22467
22473
22480
22483
22525
22541
22549
22573
22579
22582
22587
22596
22602
22604
22610
22639
22644
22644
22656
22673
22688
22700
22703
22728
22733
22734
22734
22744
22745
22747
22767
22771
22774
22774
22779
22797
22799
22800
22801
22817
22824
22833
22836
22836
22838
22838
22844
22850
22862
22872
22878
22881
22887
22899
22903
22904
22909
22910
22915
22920
22931
22939
22941
22942
22954
22957
22963
22971
22983
22986
22995
23002
23005
23009
23011
23014
23019
23029
23030
23047
23049
23051
23059
23068
23084
23100
23101
23107
23119
23119
23120
23124
23129
23147
23152
23173
23180
23185
23197
23197
23201
23205
23219
23237
23252
23254
23255
23257
23271
23276
23291
23292
23293
23304
23306
23334
23337
23340
23345
23363
23364
23366
23373
23403
23410
23413
23420
23430
23437
23437
23456
23467
23478
23488
23490
23495
23498
23500
23510
23514
23515
23519
23526
23527
23549
23551
23553
23561
23565
23581
23591
23617
23618
23642
23648
23649
23652
23653
23680
23681
23691
23755
23759
23763
23764
23766
23770
23774
23775
23808
23812
23817
23829
23829
23830
23830
23833
23836
23838
23848
23852
23854
23862
23868
23880
23882
23907
23908
23922
23924
23926
23928
23938
23938
23941
23944
23946
23953
23956
23958
23982
23985
23986
23990
23996
23997
23997
23999
24007
24023
24030
24036
24043
24053
24055
24060
24061
24068
24069
24075
24079
24092
24138
24139
24144
24164
24166
24200
24201
24216
24235
24239
24245
24246
24253
24261
24267
24270
24275
24281
24292
24295
24298
24300
24305
24312
24318
24318
24328
24338
24345
24346
24355
24369
24370
24378
24385
24386
24411
24413
24415
24418
24420
24420
24424
24428
24430
24434
24440
24450
24451
24456
24459
24464
24465
24468
24470
24497
24517
24520
24530
24535
24537
24542
24550
24554
24567
24578
24579
24593
24618
24636
24647
24648
24650
24663
24670
24674
24677
24693
24694
24707
24714
24716
24719
24724
24733
24741
24748
24748
24749
24751
24762
24769
24791
24791
24797
24805
24805
24807
24849
24862
24866
24870
24872
24873
24881
24887
24895
24897
24933
24935
24942
24943
24955
24961
24989
24990
25001
25004
25028
25042
25058
25081
25086
25093
25101
25104
25107
25120
25122
25131
25138
25144
25149
25190
25228
25228
25229
25233
25241
25242
25247
25252
25254
25257
25261
25271
25272
25277
25279
25281
25293
25300
25302
25305
25310
25310
25317
25318
25321
25332
25347
25354
25363
25374
25392
25415
25417
25417
25418
25420
25424
25427
25454
25465
25466
25466
25477
25484
25490
25497
25505
25505
25524
25526
25532
25533
25541
25543
25553
25556
25561
25566
25574
25585
25596
25599
25603
25637
25639
25640
25643
25665
25665
25681
25696
25702
25710
25724
25726
25726
25726
25738
25745
25747
25749
25751
25755
25759
25764
25782
25796
25813
25833
25835
25844
25854
25868
25886
25913
25915
25917
25921
25924
25932
25940
25940
25946
25946
25967
25975
25976
25982
25983
25987
25993
26013
26019
26031
26032
26034
26045
26048
26062
26076
26082
26090
26103
26103
26112
26115
26124
26132
26133
26139
26141
26145
26150
26158
26158
26158
26161
26171
26180
26190
26191
26197
26221
26228
26233
26234
26260
26263
26272
26280
26286
26305
26305
26308
26317
26329
26329
26331
26331
26337
26338
26346
26377
26387
26407
26410
26410
26413
26414
26421
26427
26428
26446
26447
26454
26461
26474
26476
26476
26479
26481
26526
26527
26528
26538
26549
26552
26557
26569
26574
26576
26618
26621
26630
26634
26635
26635
26636
26642
26655
26663
26665
26665
26706
26707
26717
26717
26729
26746
26759
26771
26773
26782
26800
26808
26808
26812
26830
26837
26842
26844
26850
26856
26857
26860
26865
26871
26876
26884
26891
26891
26901
26906
26912
26931
26938
26946
26957
26958
26960
26983
26996
27005
27008
27010
27012
27015
27038
27039
27042
27054
27064
27069
27077
27104
27107
27123
27123
27126
27129
27136
27148
27150
27153
27164
27171
27172
27180
27181
27183
27198
27199
27201
27202
27206
27208
27210
27210
27212
27217
27220
27224
27250
27270
27276
27283
27320
27321
27335
27336
27346
27349
27358
27360
27375
27379
27379
27380
27385
27385
27386
27386
27386
27393
27396
27400
27421
27433
27438
27441
27463
27489
27492
27498
27501
27502
27512
27521
27527
27529
27530
27531
27532
27537
27539
27548
27555
27567
27572
27574
27577
27580
27582
27583
27594
27598
27603
27616
27627
27628
27628
27636
27653
27666
27667
27684
27689
27690
27704
27715
27715
27719
27720
27739
27745
27748
27751
27751
27752
27757
27757
27760
27768
27798
27801
27810
27810
27814
27819
27822
27828
27832
27835
27849
27861
27863
27874
27876
27886
27902
27930
27931
27944
27946
27946
27949
27962
27964
27978
27981
27982
27994
27996
28002
28003
28006
28015
28017
28025
28031
28033
28061
28061
28075
28092
28095
28096
28099
28116
28117
28123
28145
28157
28161
28173
28188
28207
28209
28214
28218
28232
28247
28251
28252
28255
28289
28305
28306
28306
28308
28324
28330
28332
28360
28363
28374
28375
28382
28385
28387
28394
28400
28411
28413
28415
28435
28440
28441
28441
28448
28456
28462
28462
28464
28471
28478
28478
28481
28481
28481
28497
28501
28517
28517
28548
28550
28567
28567
28568
28580
28587
28588
28598
28600
28620
28628
28633
28647
28652
28655
28666
28678
28680
28692
28706
28716
28718
28727
28737
28744
28755
28763
28782
28784
28788
28792
28796
28805
28816
28851
28851
28856
28858
28868
28884
28897
28927
28930
28930
28940
28941
28963
28965
28969
28976
28984
28992
28994
28999
29004
29005
29011
29012
29040
29041
29046
29058
29058
29067
29071
29072
29073
29078
29081
29086
29091
29095
29096
29116
29123
29127
29129
29130
29133
29151
29166
29174
29186
29194
29210
29210
29228
29229
29234
29234
29244
29248
29256
29274
29281
29282
29285
29290
29299
29304
29306
29310
29323
29327
29334
29343
29348
29367
29381
29381
29387
29399
29405
29409
29430
29436
29451
29473
29508
29508
29509
29510
29521
29522
29524
29527
29538
29539
29550
29554
29559
29570
29570
29570
29603
29606
29609
29611
29621
29622
29626
29629
29633
29651
29652
29654
29656
29677
29683
29688
29698
29698
29706
29710
29713
29714
29720
29748
29754
29759
29776
29779
29783
29784
29787
29795
29803
29805
29816
29834
29843
29845
29846
29863
29880
29901
29905
29911
29913
29915
29918
29927
29932
29947
29955
29958
29958
29963
29975
29977
29977
29983
29990
29997
29998
30007
30018
30028
30035
30036
30057
30068
30072
30085
30103
30113
30119
30128
30133
30148
30153
30154
30156
30169
30176
30176
30197
30220
30248
30259
30272
30281
30291
30312
30315
30325
30329
30330
30335
30339
30343
30350
30372
30382
30393
30399
30401
30412
30413
30432
30435
30435
30439
30440
30458
30458
30461
30467
30471
30477
30482
30493
30495
30497
30499
30499
30500
30501
30515
30536
30544
30545
30546
30550
30556
30575
30582
30587
30592
30594
30601
30601
30601
30604
30605
30608
30610
30618
30623
30634
30640
30658
30659
30674
30681
30703
30706
30719
30722
30737
30741
30744
30745
30752
30765
30766
30777
30779
30791
30793
30795
30803
30809
30812
30825
30833
30840
30845
30875
30880
30889
30890
30895
30899
30907
30908
30910
30915
30928
30936
30948
30960
30979
30982
30987
30990
30991
30994
30996
31002
31008
31009
31013
31021
31048
31057
31058
31062
31067
31090
31091
31093
31100
31109
31116
31130
31135
31135
31139
31140
31143
31150
31159
31173
31175
31176
31179
31201
31216
31221
31224
31225
31248
31258
31274
31276
31287
31293
31294
31305
31306
31307
31319
31322
31322
31328
31339
31340
31348
31355
31363
31370
31389
31390
31403
31407
31407
31408
31419
31433
31437
31442
31459
31459
31479
31481
31483
31488
31489
31522
31530
31539
31540
31542
31543
31547
31549
31550
31550
31555
31558
31562
31579
31614
31617
31630
31646
31662
31669
31670
31676
31683
31685
31701
31713
31719
31738
31748
31749
31749
31754
31757
31762
31769
31777
31778
31778
31792
31794
31798
31802
31803
31812
31819
31819
31835
31847
31851
31852
31856
31859
31887
31895
31903
31918
31919
31938
31948
31951
31990
31999
32003
32007
32008
32026
32026
32038
32045
32046
32047
32048
32049
32062
32076
32081
32083
32083
32085
32091
32096
32096
32097
32098
32103
32110
32111
32112
32148
32151
32155
32159
32163
32166
32168
32171
32174
32179
32179
32180
32193
32204
32208
32209
32213
32216
32216
32217
32230
32232
32250
32254
32258
32264
32265
32272
32277
32284
32301
32302
32305
32313
32329
32335
32342
32362
32366
32368
32376
32379
32385
32387
32393
32407
32407
32410
32417
32418
32422
32430
32434
32438
32442
32443
32448
32460
32461
32461
32482
32485
32497
32506
32508
32509
32523
32530
32538
32544
32546
32551
32551
32559
32564
32587
32597
32619
32619
32625
32644
32647
32673
32678
32681
32681
32690
32695
32699
32705
32706
32713
32715
32716
32733
32734
32735
32736
32752
32753
32754
32756
32777
32787
32787
32789
32808
32837
32843
32847
32859
32863
32868
32875
32886
32895
32905
32914
32928
32930
32931
32948
32952
32970
32974
32985
32992
33006
33011
33027
33048
33051
33063
33073
33075
33107
33132
33137
33137
33138
33139
33149
33151
33151
33155
33157
33163
33170
33175
33182
33200
33204
33204
33212
33225
33233
33233
33248
33250
33253
33255
33259
33268
33297
33300
33300
33312
33328
33328
33334
33343
33346
33347
33361
33366
33380
33381
33398
33417
33418
33419
33423
33423
33440
33447
33457
33462
33473
33477
33480
33490
33496
33501
33501
33515
33520
33533
33533
33544
33549
33559
33562
33582
33587
33592
33597
33623
33628
33634
33634
33649
33652
33669
33674
33676
33683
33691
33694
33709
33709
33711
33718
33732
33733
33738
33738
33738
33758
33760
33764
33766
33775
33780
33780
33783
33790
33794
33804
33807
33817
33824
33831
33833
33841
33843
33853
33862
33866
33877
33883
33889
33890
33890
33895
33899
33899
33900
33902
33902
33905
33919
33923
33928
33934
33934
33941
33944
33949
33958
33960
33961
33964
33969
33985
33993
33996
34005
34030
34030
34043
34055
34057
34057
34058
34067
34075
34081
34082
34088
34088
34101
34105
34129
34137
34139
34140
34141
34144
34147
34154
34158
34159
34162
34164
34221
34224
34231
34232
34248
34248
34283
34292
34343
34350
34354
34358
34362
34382
34384
34388
34393
34408
34411
34429
34438
34442
34444
34458
34474
34478
34495
34525
34543
34553
34563
34563
34573
34583
34593
34596
34619
34639
34653
34660
34669
34669
34678
34686
34687
34698
34702
34707
34708
34716
34720
34723
34734
34744
34747
34749
34751
34757
34763
34768
34787
34794
34797
34807
34813
34813
34818
34828
34830
34836
34854
34855
34858
34864
34869
34870
34877
34884
34890
34892
34902
34903
34908
34936
34942
34943
34950
34986
34988
34988
35005
35009
35015
35019
35022
35052
35057
35062
35079
35080
35100
35105
35127
35127
35129
35144
35144
35174
35183
35183
35191
35195
35199
35205
35210
35210
35217
35218
35222
35227
35233
35235
35242
35264
35264
35268
35291
35293
35307
35307
35319
35321
35339
35340
35345
35354
35362
35365
35377
35379
35426
35433
35437
35442
35464
35485
35493
35513
35520
35521
35525
35529
35532
35541
35544
35548
35576
35583
35597
35598
35599
35602
35605
35607
35608
35614
35620
35632
35632
35636
35640
35644
35669
35677
35686
35705
35711
35713
35716
35719
35725
35742
35752
35775
35775
35776
35777
35790
35791
35804
35811
35813
35822
35830
35831
35838
35839
35840
35860
35878
35882
35892
35898
35906
35921
35934
35942
35948
35963
35964
35966
35973
35981
35983
35983
35987
36011
36013
36014
36018
36029
36032
36037
36052
36054
36062
36071
36073
36081
36081
36105
36117
36130
36132
36135
36136
36139
36142
36155
36166
36167
36173
36179
36188
36190
36200
36214
36226
36227
36234
36248
36263
36269
36289
36297
36314
36318
36322
36326
36332
36333
36353
36368
36383
36390
36391
36395
36430
36440
36444
36449
36455
36462
36475
36495
36502
36508
36513
36518
36528
36531
36548
36561
36562
36566
36573
36590
36592
36595
36596
36598
36609
36617
36618
36620
36622
36638
36661
36707
36713
36715
36723
36728
36748
36750
36752
36753
36760
36768
36781
36787
36802
36806
36815
36831
36834
36838
36852
36889
36898
36901
36918
36919
36929
36932
36937
36943
36948
36951
36953
36959
36967
36982
36983
36993
36996
36996
36999
37004
37013
37016
37023
37023
37025
37027
37029
37056
37064
37065
37066
37069
37080
37085
37091
37110
37112
37128
37132
37135
37137
37137
37145
37154
37156
37160
37165
37174
37175
37175
37190
37193
37201
37204
37215
37220
37228
37232
37233
37250
37261
37278
37283
37284
37297
37300
37333
37333
37338
37355
37355
37362
37367
37367
37373
37376
37382
37388
37391
37395
37402
37408
37422
37430
37443
37456
37467
37471
37474
37475
37493
37497
37505
37507
37526
37527
37573
37574
37603
37606
37628
37633
37640
37640
37653
37655
37660
37661
37666
37670
37673
37679
37686
37693
37707
37711
37716
37723
37733
37739
37763
37763
37764
37766
37767
37780
37796
37800
37806
37810
37811
37816
37817
37821
37828
37831
37842
37845
37847
37853
37864
37868
37901
37903
37911
37917
37925
37925
37927
37928
37935
37937
37937
37940
37950
37954
37955
37957
37977
37977
37984
37991
37999
38005
38014
38019
38023
38030
38033
38033
38038
38043
38066
38070
38078
38082
38086
38089
38097
38103
38113
38119
38135
38147
38155
38161
38163
38165
38165
38174
38176
38181
38186
38190
38198
38201
38201
38202
38219
38221
38228
38239
38243
38249
38250
38262
38270
38271
38283
38294
38296
38296
38296
38302
38306
38311
38323
38336
38343
38346
38356
38384
38386
38392
38407
38426
38433
38441
38451
38465
38490
38523
38525
38528
38551
38557
38573
38574
38577
38582
38589
38592
38593
38596
38600
38608
38608
38613
38613
38624
38625
38638
38648
38655
38663
38668
38669
38671
38672
38680
38688
38688
38691
38692
38692
38693
38705
38707
38715
38724
38728
38734
38738
38738
38742
38743
38744
38745
38747
38750
38758
38764
38765
38765
38775
38782
38827
38830
38831
38854
38857
38859
38867
38871
38878
38880
38881
38890
38895
38897
38922
38925
38948
38956
38979
38985
38995
39002
39014
39021
39026
39061
39064
39065
39074
39080
39093
39094
39107
39107
39131
39133
39142
39174
39175
39187
39191
39193
39196
39200
39209
39210
39226
39232
39233
39234
39246
39250
39252
39255
39258
39258
39264
39265
39289
39302
39302
39308
39316
39336
39340
39344
39359
39360
39361
39363
39366
39376
39379
39390
39410
39419
39441
39442
39451
39474
39483
39487
39491
39494
39523
39543
39549
39579
39604
39611
39638
39640
39644
39660
39699
39700
39717
39724
39727
39732
39739
39748
39748
39753
39776
39776
39777
39786
39798
39802
39805
39811
39820
39834
39845
39852
39876
39883
39907
39908
39924
39933
39951
39951
39970
39970
39971
39973
39977
39978
39986
39994
40018
40025
40026
40029
40029
40042
40056
40060
40066
40067
40072
40076
40082
40084
40093
40100
40120
40135
40138
40177
40216
40223
40227
40235
40246
40256
40270
40270
40272
40285
40288
40290
40292
40304
40320
40324
40327
40331
40334
40377
40402
40426
40430
40430
40432
40432
40441
40441
40451
40456
40461
40464
40481
40482
40490
40517
40519
40521
40525
40527
40534
40544
40554
40562
40569
40574
40579
40583
40591
40596
40598
40600
40611
40631
40633
40640
40642
40664
40666
40701
40725
40741
40743
40753
40760
40768
40769
40772
40782
40788
40802
40814
40816
40822
40827
40829
40839
40840
40854
40868
40895
40906
40922
40932
40935
40937
40944
40944
40951
40962
40967
40982
40992
41013
41026
41034
41038
41047
41049
41057
41064
41070
41082
41091
41100
41102
41142
41146
41154
41156
41161
41174
41176
41190
41214
41218
41230
41238
41250
41251
41256
41260
41275
41276
41278
41281
41285
41292
41299
41310
41312
41319
41321
41332
41369
41370
41379
41382
41382
41385
41410
41416
41417
41422
41434
41449
41470
41475
41480
41486
41490
41495
41502
41503
41508
41509
41512
41516
41516
41526
41532
41532
41555
41564
41565
41565
41574
41575
41581
41584
41595
41607
41623
41632
41635
41640
41642
41643
41644
41645
41652
41658
41666
41666
41666
41671
41684
41707
41723
41736
41744
41744
41777
41781
41792
41794
41810
41813
41815
41816
41821
41824
41832
41867
41868
41875
41875
41876
41876
41882
41889
41895
41899
41902
41906
41906
41908
41911
41912
41913
41914
41919
41920
41925
41930
41936
41942
41949
41950
41960
41961
41970
41974
41982
42001
42009
42016
42018
42019
42027
42037
42038
42040
42041
42043
42065
42080
42081
42092
42093
42100
42101
42109
42109
42120
42120
42128
42138
42138
42147
42148
42148
42150
42151
42167
42177
42185
42193
42199
42201
42209
42211
42212
42216
42225
42231
42234
42238
42255
42264
42300
42300
42304
42316
42322
42327
42328
42342
42343
42349
42378
42385
42393
42416
42422
42429
42431
42446
42455
42464
42480
42492
42493
42493
42499
42517
42528
42530
42531
42539
42552
42561
42586
42600
42614
42620
42654
42660
42673
42676
42684
42684
42685
42690
42691
42693
42702
42709
42712
42713
42723
42738
42741
42744
42746
42749
42749
42763
42764
42779
42780
42783
42788
42797
42804
42820
42822
42828
42830
42835
42843
42856
42884
42888
42891
42900
42900
42907
42913
42918
42924
42938
42947
42953
42958
42973
42979
42981
42983
42998
43001
43017
43024
43028
43029
43031
43037
43078
43081
43097
43100
43105
43140
43141
43160
43163
43172
43181
43183
43191
43196
43201
43202
43214
43214
43217
43217
43221
43225
43225
43234
43245
43246
43258
43269
43269
43271
43273
43284
43284
43286
43298
43302
43308
43309
43309
43311
43316
43318
43319
43324
43329
43335
43357
43362
43362
43364
43367
43374
43376
43378
43384
43395
43396
43398
43401
43414
43417
43422
43438
43448
43450
43453
43461
43461
43480
43486
43486
43487
43504
43510
43510
43521
43526
43526
43531
43536
43547
43548
43572
43575
43588
43594
43597
43601
43609
43621
43623
43623
43627
43627
43630
43632
43633
43657
43659
43674
43681
43681
43685
43708
43731
43741
43749
43771
43771
43782
43794
43817
43823
43852
43854
43860
43862
43866
43874
43874
43884
43906
43911
43914
43914
43917
43929
43929
43934
43956
43957
43984
44009
44012
44017
44024
44033
44035
44047
44052
44059
44060
44060
44081
44082
44093
44099
44109
44118
44125
44128
44135
44149
44149
44158
44177
44184
44194
44196
44199
44199
44214
44225
44238
44257
44258
44259
44267
44274
44287
44288
44297
44305
44311
44321
44325
44328
44345
44347
44356
44370
44379
44426
44432
44446
44454
44475
44486
44493
44494
44497
44499
44507
44510
44524
44531
44534
44535
44549
44552
44554
44555
44555
44557
44566
44570
44571
44574
44581
44588
44598
44600
44622
44640
44648
44666
44676
44678
44682
44693
44696
44700
44716
44727
44728
44728
44731
44731
44741
44758
44765
44765
44769
44772
44774
44781
44786
44789
44795
44808
44825
44825
44843
44843
44849
44854
44856
44863
44866
44875
44878
44879
44887
44891
44907
44909
44911
44916
44917
44923
44923
44932
44933
44947
44952
44962
44962
44964
44966
44968
44973
44975
44985
45002
45004
45025
45035
45053
45059
45087
45103
45118
45124
45124
45124
45133
45136
45153
45155
45159
45160
45161
45195
45216
45219
45221
45232
45238
45251
45251
45253
45256
45261
45283
45288
45305
45312
45323
45328
45330
45341
45347
45347
45350
45360
45373
45387
45407
45412
45439
45440
45441
45447
45448
45451
45503
45508
45510
45527
45530
45534
45535
45548
45560
45562
45566
45601
45604
45608
45609
45614
45619
45621
45633
45656
45679
45691
45702
45714
45725
45741
45742
45744
45747
45753
45763
45777
45780
45783
45790
45800
45804
45820
45840
45846
45850
45850
45853
45881
45889
45893
45922
45927
45929
45935
45942
45943
45944
45949
45961
45966
45972
46015
46027
46027
46031
46039
46047
46059
46066
46078
46085
46096
46101
46102
46109
46115
46121
46132
46134
46157
46160
46164
46175
46177
46178
46179
46180
46180
46206
46212
46212
46238
46245
46256
46256
46263
46276
46283
46291
46296
46305
46321
46330
46335
46337
46346
46362
46368
46383
46417
46418
46424
46424
46432
46444
46455
46464
46473
46491
46492
46499
46508
46509
46522
46523
46541
46543
46556
46560
46570
46580
46582
46609
46613
46615
46620
46643
46644
46648
46651
46653
46654
46677
46679
46686
46693
46694
46697
46700
46705
46705
46712
46727
46729
46733
46736
46740
46747
46763
46771
46778
46788
46792
46809
46813
46840
46858
46869
46873
46878
46878
46879
46884
46890
46890
46892
46909
46927
46930
46933
46937
46943
46949
46958
46958
46977
46977
46989
46991
46998
47001
47007
47011
47023
47028
47033
47038
47045
47056
47061
47083
47087
47102
47104
47119
47133
47136
47138
47143
47145
47153
47155
47165
47170
47171
47188
47217
47226
47231
47244
47246
47250
47251
47254
47264
47269
47284
47296
47301
47314
47316
47316
47318
47318
47332
47335
47339
47340
47344
47347
47365
47372
47385
47393
47393
47397
47400
47401
47402
47404
47406
47414
47416
47436
47439
47448
47464
47471
47476
47486
47487
47517
47524
47530
47531
47536
47540
47542
47553
47557
47560
47572
47574
47574
47590
47591
47595
47597
47598
47600
47603
47606
47606
47612
47613
47613
47623
47635
47638
47645
47652
47662
47667
47681
47683
47683
47686
47690
47691
47697
47702
47709
47712
47727
47732
47732
47733
47750
47757
47757
47759
47786
47802
47819
47822
47839
47861
47862
47866
47871
47873
47879
47888
47899
47900
47901
47904
47905
47906
47906
47910
47913
47920
47942
47943
47956
47975
47976
47977
47979
47989
48006
48009
48010
48017
48020
48024
48025
48027
48029
48031
48032
48041
48042
48044
48045
48072
48080
48091
48095
48107
48110
48117
48118
48119
48129
48132
48161
48176
48177
48179
48182
48186
48195
48195
48196
48199
48208
48221
48221
48227
48228
48229
48231
48234
48241
48249
48249
48254
48262
48265
48267
48278
48284
48291
48297
48300
48312
48316
48327
48374
48377
48381
48394
48394
48396
48400
48400
48419
48420
48423
48444
48468
48470
48493
48495
48500
48503
48515
48516
48517
48535
48538
48546
48548
48551
48558
48564
48567
48568
48571
48579
48580
48584
48591
48593
48615
48628
48629
48633
48651
48665
48679
48686
48702
48703
48720
48720
48729
48734
48752
48755
48766
48771
48776
48777
48782
48784
48799
48811
48822
48822
48824
48827
48831
48840
48840
48853
48896
48900
48919
48923
48923
48928
48954
48960
48961
48963
48967
48973
48976
48980
48981
48987
49000
49019
49036
49044
49054
49067
49074
49086
49090
49092
49093
49105
49109
49111
49126
49132
49147
49154
49164
49168
49187
49192
49196
49208
49210
49225
49229
49230
49236
49242
49249
49251
49253
49254
49261
49284
49284
49290
49293
49293
49294
49301
49306
49318
49325
49326
49332
49337
49343
49355
49393
49400
49402
49424
49451
49482
49487
49492
49522
49531
49542
49559
49566
49567
49569
49595
49609
49623
49642
49660
49667
49680
49691
49696
49697
49708
49714
49716
49734
49739
49744
49744
49757
49765
49767
49794
49807
49808
49808
49815
49821
49839
49840
49856
49859
49863
49872
49874
49875
49878
49881
49882
49887
49900
49905
49915
49929
49929
49931
49941
49950
49963
49966
49968
49971
49982
49984
49989
50008
50022
50025
50027
50042
50047
50065
50066
50068
50071
50086
50097
50099
50108
50114
50117
50125
50156
50161
50163
50164
50170
50174
50181
50182
50183
50184
50189
50195
50198
50201
50202
50224
50245
50250
50252
50275
50301
50310
50325
50340
50369
50369
50373
50382
50385
50389
50396
50398
50406
50407
50414
50419
50419
50422
50423
50426
50427
50429
50438
50446
50453
50466
50502
50525
50526
50531
50537
50537
50542
50558
50560
50561
50568
50568
50573
50603
50617
50617
50629
50631
50649
50649
50651
50660
50670
50673
50679
50681
50685
50688
50697
50703
50704
50705
50710
50724
50744
50747
50750
50759
50763
50764
50766
50787
50804
50809
50812
50825
50828
50846
50853
50870
50880
50884
50891
50907
50913
50917
50920
50926
50966
50983
50998
50999
51006
51010
51025
51032
51044
51046
51064
51066
51070
51070
51077
51084
51087
51087
51108
51109
51119
51136
51138
51153
51159
51190
51193
51196
51197
51198
51203
51204
51207
51215
51223
51223
51225
51237
51242
51242
51247
51252
51267
51271
51291
51304
51312
51313
51324
51330
51332
51335
51337
51354
51365
51365
51381
51388
51389
51395
51403
51413
51425
51431
51438
51442
51445
51446
51447
51453
51454
51490
51491
51501
51501
51514
51534
51542
51561
51573
51576
51577
51579
51582
51599
51607
51645
51646
51655
51672
51672
51673
51682
51689
51706
51712
51724
51726
51728
51730
51740
51744
51745
51746
51754
51782
51783
51789
51794
51806
51834
51848
51850
51859
51869
51879
51879
51880
51885
51894
51908
51909
51921
51937
51940
51942
51945
51948
51949
51953
51955
51959
51965
51972
51975
51980
51985
51992
52005
52008
52016
52018
52022
52028
52043
52049
52056
52056
52082
52087
52105
52113
52114
52124
52135
52141
52143
52148
52154
52162
52168
52202
52215
52215
52232
52236
52252
52254
52261
52270
52272
52302
52310
52319
52321
52325
52331
52353
52366
52371
52394
52395
52415
52431
52443
52448
52454
52459
52463
52470
52471
52483
52485
52489
52497
52505
52515
52522
52534
52554
52572
52595
52619
52632
52641
52680
52681
52685
52704
52709
52716
52717
52717
52722
52729
52756
52762
52764
52766
52775
52779
52782
52786
52798
52807
52816
52830
52833
52844
52869
52877
52884
52894
52919
52922
52927
52934
52936
52947
52991
53032
53057
53081
53082
53093
53096
53099
53101
53108
53119
53121
53122
53129
53138
53141
53144
53155
53160
53172
53185
53185
53187
53195
53200
53203
53207
53221
53222
53226
53226
53235
53245
53263
53266
53275
53276
53281
53284
53288
53291
53300
53304
53322
53327
53334
53337
53338
53339
53341
53344
53348
53359
53381
53395
53402
53405
53407
53410
53415
53421
53431
53431
53432
53441
53455
53505
53516
53533
53539
53545
53548
53556
53569
53575
53593
53606
53617
53629
53637
53642
53649
53658
53660
53660
53662
53672
53678
53679
53694
53695
53696
53701
53705
53715
53729
53733
53761
53763
53773
53797
53805
53816
53820
53830
53833
53836
53852
53857
53860
53864
53864
53875
53882
53885
53889
53900
53907
53913
53935
53970
53976
53980
54001
54001
54003
54018
54020
54046
54054
54077
54085
54119
54119
54121
54134
54136
54138
54150
54162
54172
54175
54178
54180
54184
54197
54213
54217
54222
54230
54245
54245
54249
54259
54264
54267
54269
54282
54284
54293
54302
54317
54320
54332
54336
54339
54359
54376
54387
54400
54407
54415
54416
54418
54428
54434
54441
54468
54473
54476
54478
54497
54498
54499
54509
54512
54512
54517
54525
54528
54546
54549
54566
54567
54572
54578
54579
54581
54595
54615
54622
54624
54627
54640
54650
54666
54696
54702
54709
54709
54718
54725
54741
54761
54766
54780
54784
54796
54802
54812
54820
54830
54831
54833
54834
54834
54834
54837
54840
54867
54878
54882
54886
54916
54922
54935
54938
54939
54952
54952
54956
54957
54970
54995
54996
55018
55028
55030
55048
55048
55053
55057
55057
55061
55080
55089
55090
55093
55101
55104
55105
55108
55128
55141
55145
55149
55158
55163
55164
55172
55176
55192
55200
55203
55212
55216
55221
55223
55226
55244
55246
55248
55264
55265
55266
55289
55301
55308
55319
55324
55331
55366
55367
55369
55376
55382
55383
55390
55392
55398
55404
55407
55418
55424
55433
55439
55449
55450
55452
55459
55462
55464
55471
55477
55479
55490
55492
55505
55507
55511
55513
55520
55545
55569
55582
55594
55602
55607
55612
55619
55626
55629
55630
55641
55643
55643
55650
55662
55667
55668
55679
55687
55688
55694
55698
55732
55740
55741
55747
55751
55751
55770
55780
55784
55788
55789
55795
55800
55802
55803
55815
55820
55832
55833
55835
55862
55864
55868
55883
55888
55890
55892
55898
55898
55922
55923
55924
55924
55940
55965
55966
55976
55978
55978
55980
55997
56003
56005
56007
56009
56014
56015
56025
56027
56030
56037
56042
56054
56061
56070
56075
56102
56105
56111
56116
56117
56119
56120
56151
56159
56178
56178
56188
56197
56203
56211
56212
56219
56221
56226
56239
56252
56262
56269
56272
56276
56281
56290
56295
56296
56304
56338
56340
56342
56344
56345
56354
56376
56397
56407
56409
56411
56435
56435
56437
56438
56444
56447
56449
56452
56479
56491
56497
56506
56506
56509
56522
56523
56530
56530
56533
56546
56547
56553
56564
56565
56571
56595
56596
56615
56630
56648
56659
56659
56661
56663
56664
56666
56678
56686
56694
56698
56705
56709
56712
56756
56770
56778
56780
56782
56785
56787
56795
56799
56800
56801
56820
56821
56822
56835
56842
56851
56855
56857
56861
56861
56870
56871
56883
56884
56910
56912
56923
56926
56940
56944
56948
56952
56957
56989
56990
56991
57000
57009
57018
57019
57032
57069
57072
57074
57105
57106
57119
57122
57134
57139
57154
57155
57164
57165
57166
57177
57189
57189
57190
57192
57196
57205
57211
57219
57223
57223
57226
57229
57229
57230
57231
57238
57248
57252
57265
57265
57267
57268
57275
57277
57282
57328
57328
57341
57344
57350
57357
57358
57370
57373
57377
57392
57395
57396
57398
57411
57438
57442
57453
57455
57471
57474
57485
57486
57487
57496
57505
57511
57513
57520
57543
57550
57551
57558
57567
57568
57568
57588
57590
57591
57605
57608
57611
57614
57618
57621
57621
57661
57661
57662
57672
57688
57692
57704
57705
57721
57746
57749
57765
57778
57781
57783
57784
57812
57817
57830
57838
57863
57874
57880
57882
57897
57901
57910
57913
57915
57923
57930
57935
57953
57954
57960
57969
57972
57981
57987
57990
57992
57997
57998
58015
58020
58022
58026
58036
58042
58043
58046
58050
58051
58055
58059
58060
58076
58087
58092
58104
58109
58116
58127
58135
58145
58165
58172
58187
58188
58189
58196
58201
58208
58214
58222
58227
58229
58237
58242
58258
58258
58267
58268
58276
58278
58284
58294
58300
58308
58311
58327
58352
58360
58371
58372
58374
58375
58387
58387
58388
58391
58417
58417
58423
58424
58429
58431
58438
58445
58445
58445
58450
58455
58455
58461
58469
58473
58478
58486
58488
58493
58496
58498
58500
58507
58529
58539
58547
58564
58571
58575
58576
58582
58585
58605
58606
58614
58617
58631
58635
58646
58648
58649
58660
58673
58676
58692
58693
58733
58737
58737
58744
58745
58753
58761
58772
58778
58778
58795
58798
58806
58808
58814
58820
58838
58850
58852
58863
58867
58871
58878
58878
58889
58905
58910
58919
58920
58921
58925
58936
58943
58955
58959
58959
58961
58962
58978
58986
58990
59005
59024
59024
59025
59027
59036
59040
59048
59048
59049
59067
59067
59086
59092
59100
59104
59109
59131
59135
59138
59145
59164
59167
59168
59177
59185
59191
59208
59215
59215
59227
59245
59246
59247
59267
59269
59274
59285
59289
59290
59292
59296
59302
59304
59313
59319
59327
59333
59336
59348
59355
59368
59386
59387
59396
59399
59400
59413
59424
59427
59441
59448
59454
59459
59464
59469
59470
59474
59476
59479
59480
59501
59501
59508
59511
59512
59523
59524
59541
59547
59574
59575
59582
59604
59625
59629
59641
59643
59650
59671
59674
59679
59685
59700
59702
59704
59710
59721
59730
59745
59751
59753
59780
59793
59794
59797
59806
59815
59833
59852
59856
59859
59863
59866
59866
59880
59889
59894
59896
59905
59920
59929
59929
59930
59936
59942
59944
59949
59953
59967
59971
59972
60005
60017
60032
60040
60061
60072
60075
60075
60085
60087
60118
60138
60142
60148
60149
60176
60179
60188
60192
60197
60200
60208
60214
60228
60230
60237
60251
60252
60256
60262
60276
60278
60280
60309
60319
60338
60353
60371
60381
60383
60388
60391
60410
60416
60431
60438
60478
60483
60509
60511
60512
60527
60533
60540
60550
60553
60563
60564
60567
60574
60579
60586
60586
60590
60611
60618
60619
60621
60641
60642
60646
60661
60663
60665
60682
60695
60699
60704
60721
60723
60734
60743
60743
60744
60755
60759
60769
60778
60782
60783
60788
60796
60799
60817
60820
60821
60826
60827
60841
60859
60862
60866
60874
60875
60885
60890
60891
60892
60894
60903
60903
60905
60907
60922
60931
60944
60966
60973
60981
61005
61005
61014
61017
61036
61038
61044
61056
61056
61073
61091
61098
61100
61104
61112
61113
61117
61121
61136
61138
61140
61156
61159
61160
61172
61172
61175
61178
61180
61181
61188
61196
61198
61216
61221
61221
61223
61223
61229
61242
61248
61249
61261
61262
61263
61264
61273
61281
61285
61308
61310
61329
61348
61374
61377
61396
61412
61414
61422
61425
61430
61434
61439
61441
61454
61459
61460
61475
61491
61495
61496
61500
61520
61535
61536
61541
61546
61551
61565
61578
61580
61580
61585
61585
61590
61592
61602
61623
61624
61625
61640
61645
61645
61652
61658
61658
61672
61686
61693
61700
61708
61719
61725
61736
61742
61751
61752
61756
61770
61782
61782
61813
61818
61825
61826
61855
61860
61881
61893
61902
61918
61920
61922
61929
61931
61933
61937
61946
61955
61962
61971
61978
61990
62004
62008
62017
62031
62044
62045
62052
62053
62062
62071
62078
62082
62084
62090
62092
62093
62107
62114
62127
62152
62162
62192
62193
62196
62208
62212
62213
62223
62226
62247
62252
62252
62257
62266
62270
62270
62271
62274
62276
62284
62286
62306
62313
62315
62321
62332
62338
62338
62340
62363
62370
62381
62387
62390
62395
62397
62406
62418
62419
62419
62423
62424
62429
62450
62463
62472
62484
62492
62496
62507
62518
62522
62524
62537
62539
62571
62586
62594
62596
62598
62604
62630
62636
62638
62647
62650
62654
62656
62662
62666
62673
62696
62697
62700
62707
62712
62726
62730
62744
62757
62766
62779
62785
62801
62807
62817
62818
62845
62862
62863
62882
62891
62895
62900
62909
62911
62914
62921
62935
62938
62952
62962
62969
62971
62974
62976
62992
63010
63012
63012
63019
63037
63047
63100
63109
63111
63112
63113
63113
63116
63118
63131
63137
63149
63157
63167
63192
63195
63211
63219
63224
63235
63258
63262
63262
63264
63266
63268
63278
63287
63295
63296
63305
63316
63319
63322
63324
63327
63333
63338
63342
63358
63372
63382
63387
63387
63391
63397
63415
63425
63439
63442
63448
63454
63458
63459
63465
63468
63473
63476
63480
63485
63486
63488
63489
63495
63497
63513
63514
63516
63529
63541
63547
63547
63548
63563
63565
63581
63592
63608
63610
63616
63621
63623
63630
63638
63661
63676
63684
63701
63709
63715
63723
63728
63731
63736
63750
63761
63772
63777
63781
63788
63805
63820
63863
63864
63866
63871
63880
63881
63889
63899
63904
63905
63907
63919
63933
63938
63950
63952
63953
63954
63957
63959
63962
63980
63983
63994
64003
64006
64007
64012
64015
64024
64026
64036
64042
64050
64067
64068
64075
64077
64078
64102
64104
64108
64126
64140
64148
64162
64178
64186
64206
64210
64216
64235
64242
64247
64256
64258
64261
64264
64267
64269
64277
64279
64280
64287
64296
64298
64324
64324
64343
64345
64350
64350
64355
64362
64382
64384
64390
64394
64396
64403
64405
64408
64413
64415
64441
64443
64447
64449
64460
64464
64470
64476
64477
64484
64502
64514
64517
64520
64531
64536
64539
64540
64543
64548
64554
64557
64560
64566
64571
64589
64598
64612
64615
64615
64631
64640
64643
64657
64661
64673
64692
64703
64709
64722
64725
64726
64735
64741
64755
64764
64768
64777
64783
64793
64806
64854
64854
64857
64861
64865
64870
64874
64892
64912
64913
64923
64924
64924
64926
64929
64936
64946
64959
65025
65026
65046
65049
65061
65067
65074
65078
65091
65131
65134
65162
65162
65173
65192
65194
65198
65201
65205
65221
65225
65236
65237
65241
65254
65258
65262
65273
65279
65281
65294
65299
65305
65314
65322
65353
65361
65362
65364
65367
65386
65392
65397
65399
65402
65423
65425
65428
65431
65444
65453
65454
65464
65464
65466
65483
65484
65491
65499
65500
65508
65508
65522
65532
65537
65541
65544
65544
65563
65581
65581
65594
65601
65607
65607
65612
65615
65615
65622
65640
65652
65657
65677
65677
65680
65686
65686
65693
65695
65697
65700
65703
65731
65735
65739
65743
65755
65758
65760
65766
65790
65796
65802
65807
65809
65848
65855
65856
65857
65860
65866
65871
65887
65891
65895
65898
65909
65927
65934
65934
65941
65942
65946
65952
65953
65957
65959
65963
65978
65980
65995
65997
66007
66011
66028
66028
66029
66036
66042
66065
66068
66071
66079
66087
66107
66114
66117
66118
66131
66136
66138
66145
66159
66165
66167
66168
66173
66180
66188
66200
66202
66209
66215
66220
66257
66267
66273
66292
66302
66312
66314
66315
66315
66327
66327
66328
66336
66338
66341
66347
66363
66364
66371
66375
66376
66380
66381
66392
66392
66393
66395
66412
66417
66423
66431
66436
66438
66439
66445
66450
66467
66491
66495
66497
66498
66498
66508
66511
66519
66542
66552
66552
66554
66559
66578
66584
66589
66610
66613
66620
66621
66634
66636
66674
66676
66691
66707
66719
66727
66730
66738
66745
66747
66769
66776
66779
66788
66789
66798
66815
66822
66834
66838
66841
66868
66870
66873
66883
66912
66913
66940
66943
66948
66965
66968
66979
66981
66994
66998
67000
67026
67031
67036
67038
67055
67055
67059
67066
67067
67075
67078
67080
67080
67088
67091
67093
67139
67147
67169
67180
67181
67203
67204
67207
67213
67221
67224
67228
67231
67239
67255
67256
67261
67271
67293
67296
67296
67299
67300
67303
67305
67311
67334
67344
67345
67352
67355
67357
67374
67384
67401
67403
67414
67414
67415
67418
67423
67425
67464
67496
67501
67506
67520
67521
67530
67534
67537
67545
67552
67565
67568
67580
67580
67590
67604
67611
67611
67615
67624
67633
67645
67648
67651
67659
67659
67672
67674
67695
67697
67703
67705
67716
67740
67741
67743
67747
67761
67767
67774
67790
67794
67814
67817
67819
67819
67832
67848
67864
67881
67896
67903
67903
67907
67911
67922
67923
67923
67935
67948
67969
68023
68035
68048
68060
68060
68064
68070
68070
68080
68089
68096
68100
68115
68131
68161
68164
68167
68169
68179
68191
68192
68210
68218
68235
68239
68243
68247
68247
68248
68253
68256
68259
68262
68265
68290
68293
68302
68307
68308
68327
68339
68370
68380
68381
68396
68398
68421
68423
68425
68427
68430
68432
68432
68450
68458
68469
68469
68474
68486
68489
68499
68521
68522
68535
68538
68563
68577
68578
68588
68588
68595
68598
68601
68608
68610
68624
68632
68638
68641
68660
68670
68673
68680
68689
68696
68696
68699
68709
68713
68744
68755
68757
68762
68762
68765
68767
68772
68783
68784
68790
68791
68795
68799
68807
68815
68815
68816
68818
68823
68831
68857
68859
68860
68866
68883
68910
68914
68926
68927
68929
68933
68937
68939
68940
68941
68943
68945
68964
68968
68988
68992
69007
69024
69024
69025
69027
69036
69040
69054
69059
69063
69069
69084
69088
69091
69096
69097
69113
69126
69134
69135
69148
69152
69153
69160
69163
69178
69182
69185
69199
69209
69218
69277
69286
69292
69299
69304
69317
69326
69334
69340
69351
69351
69354
69366
69379
69380
69389
69393
69396
69399
69400
69401
69402
69404
69409
69411
69412
69417
69427
69429
69439
69447
69449
69451
69452
69452
69456
69467
69479
69493
69513
69520
69525
69526
69527
69537
69538
69539
69540
69543
69544
69554
69569
69584
69592
69593
69595
69605
69618
69623
69633
69637
69639
69653
69653
69661
69670
69676
69709
69710
69718
69727
69729
69735
