44
45
48
62
67
79
85
87
94
146
158
159
160
162
167
174
186
187
198
200
212
221
229
241
241
245
249
250
252
261
263
270
271
276
294
312
322
322
325
326
330
350
362
370
370
377
379
381
387
394
397
419
423
431
435
442
447
459
475
479
480
490
522
534
545
553
555
562
566
566
580
585
588
591
609
632
633
634
640
641
646
651
654
655
663
664
671
676
682
682
686
693
698
734
746
747
750
755
757
782
788
791
794
798
801
825
854
873
875
889
902
905
913
914
915
922
937
940
945
962
964
969
975
991
991
1029
1040
1052
1064
1070
1075
1078
1083
1085
1095
1096
1110
1129
1133
1133
1144
1165
1209
1229
1235
1236
1240
1254
1258
1287
1287
1294
1302
1319
1344
1344
1349
1357
1368
1370
1385
1394
1416
1420
1423
1426
1427
1430
1430
1432
1432
1437
1456
1468
1483
1487
1493
1496
1497
1510
1519
1551
1597
1601
1615
1615
1628
1637
1643
1656
1667
1682
1686
1688
1690
1692
1693
1695
1704
1711
1718
1747
1782
1832
1833
1838
1839
1839
1841
1862
1888
1919
1925
1931
1938
1958
1962
1969
1979
1984
2005
2024
2036
2038
2041
2059
2061
2066
2066
2069
2071
2092
2103
2122
2128
2140
2150
2151
2165
2194
2198
2204
2209
2237
2274
2276
2288
2289
2291
2291
2301
2318
2336
2342
2348
2367
2374
2383
2389
2394
2409
2411
2423
2439
2445
2448
2450
2457
2485
2490
2494
2495
2502
2505
2507
2510
2513
2513
2538
2539
2551
2557
2563
2575
2578
2583
2593
2599
2599
2602
2608
2611
2612
2625
2625
2630
2631
2639
2653
2667
2668
2669
2672
2683
2689
2710
2716
2717
2724
2726
2730
2750
2763
2772
2778
2809
2844
2866
2875
2882
2891
2916
2932
2933
2940
2943
2956
2971
2975
2985
2992
3005
3015
3028
3047
3051
3066
3069
3077
3100
3101
3103
3121
3131
3132
3134
3144
3153
3166
3172
3184
3190
3190
3192
3196
3198
3204
3215
3220
3233
3235
3242
3250
3286
3300
3335
3339
3340
3344
3344
3356
3358
3359
3378
3398
3425
3426
3429
3431
3452
3453
3458
3458
3459
3484
3485
3486
3509
3511
3523
3525
3529
3571
3576
3583
3587
3595
3605
3630
3640
3648
3651
3658
3661
3663
3689
3689
3692
3697
3699
3707
3716
3721
3724
3724
3733
3740
3743
3752
3772
3782
3782
3788
3790
3835
3844
3848
3853
3875
3892
3909
3923
3928
3957
3959
3965
3976
3983
4000
4003
4023
4045
4053
4056
4061
4070
4092
4097
4119
4121
4121
4131
4136
4141
4143
4153
4153
4197
4209
4214
4218
4228
4263
4267
4281
4284
4291
4293
4298
4302
4311
4324
4328
4329
4332
4349
4351
4356
4356
4357
4375
4387
4395
4398
4418
4428
4440
4441
4446
4454
4495
4496
4497
4504
4512
4517
4527
4547
4559
4562
4569
4570
4573
4573
4576
4590
4593
4598
4615
4619
4621
4622
4622
4623
4629
4651
4655
4661
4682
4683
4687
4692
4698
4702
4707
4728
4730
4751
4757
4766
4770
4781
4788
4789
4794
4795
4798
4799
4807
4809
4816
4842
4849
4858
4861
4875
4880
4882
4886
4894
4894
4899
4900
4906
4920
4952
4959
4961
4967
4972
4978
4989
4991
4992
4995
5006
5006
5009
5018
5020
5023
5026
5026
5028
5046
5046
5048
5050
5056
5064
5067
5075
5078
5079
5082
5082
5087
5090
5100
5101
5113
5132
5137
5144
5145
5145
5149
5152
5186
5202
5212
5213
5214
5264
5279
5308
5310
5316
5318
5319
5322
5332
5350
5351
5362
5365
5369
5375
5379
5397
5417
5428
5442
5447
5460
5492
5498
5499
5504
5506
5507
5507
5515
5520
5523
5526
5543
5545
5546
5547
5550
5555
5557
5564
5581
5584
5586
5586
5611
5619
5626
5627
5628
5633
5634
5638
5645
5675
5697
5713
5721
5737
5744
5747
5783
5791
5793
5803
5807
5813
5818
5819
5819
5822
5834
5854
5854
5856
5869
5874
5897
5906
5917
5922
5922
5929
5939
5950
5953
5963
5975
5987
5991
5992
6004
6017
6026
6037
6037
6052
6055
6061
6075
6089
6104
6108
6109
6113
6134
6142
6146
6147
6151
6167
6173
6178
6181
6187
6191
6215
6217
6224
6232
6249
6266
6274
6274
6282
6289
6318
6325
6332
6333
6356
6376
6388
6405
6427
6431
6438
6441
6448
6459
6460
6464
6465
6468
6473
6477
6479
6480
6485
6490
6496
6505
6506
6513
6521
6533
6539
6545
6548
6551
6557
6557
6566
6571
6592
6596
6605
6613
6614
6626
6632
6645
6650
6650
6655
6664
6677
6678
6678
6701
6711
6720
6748
6748
6768
6782
6794
6801
6809
6839
6839
6845
6856
6862
6862
6870
6872
6874
6882
6885
6890
6890
6900
6900
6916
6918
6923
6945
6946
6948
6964
6975
6977
6995
6998
7008
7030
7043
7045
7045
7048
7057
7061
7064
7065
7066
7071
7072
7083
7090
7102
7105
7114
7121
7161
7162
7170
7174
7179
7206
7211
7226
7245
7268
7276
7287
7291
7296
7297
7302
7340
7362
7367
7372
7379
7379
7383
7389
7424
7431
7443
7444
7456
7459
7460
7462
7464
7469
7478
7479
7480
7483
7489
7505
7508
7524
7525
7534
7540
7546
7552
7562
7565
7567
7572
7580
7581
7586
7587
7606
7626
7640
7644
7657
7667
7673
7689
7711
7712
7722
7728
7735
7736
7749
7754
7757
7760
7767
7775
7786
7786
7800
7807
7816
7819
7827
7835
7836
7857
7857
7866
7881
7883
7891
7891
7892
7899
7901
7910
7923
7929
7937
7939
7940
7947
7948
7951
7953
7965
7967
7968
7972
7974
7975
7989
7995
8011
8021
8054
8058
8066
8066
8080
8099
8100
8107
8109
8112
8115
8116
8116
8131
8133
8134
8139
8145
8152
8171
8171
8183
8191
8198
8218
8226
8238
8239
8241
8252
8262
8270
8293
8315
8321
8343
8349
8353
8353
8369
8386
8390
8402
8405
8412
8422
8437
8443
8454
8462
8463
8469
8487
8488
8502
8523
8528
8533
8545
8554
8563
8567
8571
8576
8579
8585
8587
8598
8602
8607
8622
8626
8630
8676
8676
8684
8692
8699
8719
8726
8742
8754
8760
8768
8778
8786
8789
8791
8809
8811
8837
8854
8862
8868
8876
8887
8890
8898
8902
8905
8923
8930
8930
8948
8950
8953
8976
8988
9000
9001
9008
9014
9038
9038
9040
9048
9049
9051
9062
9067
9068
9086
9090
9095
9106
9106
9114
9119
9123
9127
9140
9145
9153
9176
9186
9190
9194
9199
9208
9211
9211
9216
9217
9227
9236
9251
9263
9269
9281
9283
9286
9287
9289
9300
9312
9329
9334
9350
9379
9380
9381
9408
9423
9428
9431
9440
9446
9448
9471
9474
9479
9486
9486
9488
9489
9490
9508
9531
9531
9544
9559
9566
9569
9571
9573
9578
9582
9583
9590
9593
9596
9599
9602
9603
9606
9628
9635
9646
9679
9686
9702
9703
9704
9710
9711
9712
9721
9724
9743
9754
9785
9798
9799
9800
9808
9825
9839
9842
9845
9858
9871
9877
9887
9896
9900
9901
9913
9915
9919
9926
9927
9956
9962
9967
9967
9969
9970
9976
9980
9985
9985
9994
10008
10012
10027
10039
10050
10051
10063
10070
10079
10083
10084
10105
10115
10120
10121
10132
10145
10151
10154
10166
10170
10178
10180
10180
10224
10226
10228
10229
10240
10242
10252
10265
10276
10296
10314
10314
10314
10316
10329
10333
10337
10342
10352
10361
10363
10381
10395
10398
10405
10428
10437
10445
10446
10448
10450
10457
10460
10471
10487
10499
10516
10518
10522
10523
10526
10547
10551
10556
10559
10583
10592
10598
10600
10609
10613
10616
10663
10674
10679
10682
10684
10690
10701
10705
10734
10747
10753
10759
10761
10769
10771
10782
10783
10815
10821
10826
10831
10832
10835
10846
10859
10865
10867
10873
10879
10883
10890
10890
10893
10916
10918
10927
10938
10939
10943
10944
10946
10950
10971
10975
10983
11000
11001
11008
11009
11016
11019
11021
11023
11023
11034
11038
11055
11059
11059
11087
11095
11114
11115
11116
11121
11129
11146
11147
11154
11158
11171
11186
11187
11192
11195
11202
11227
11228
11231
11236
11237
11243
11253
11256
11278
11279
11285
11291
11294
11310
11317
11330
11331
11342
11345
11349
11352
11353
11373
11375
11379
11383
11395
11418
11457
11457
11468
11481
11488
11488
11490
11525
11588
11601
11617
11622
11626
11637
11655
11670
11678
11680
11680
11681
11695
11703
11705
11711
11721
11734
11735
11736
11741
11750
11766
11770
11777
11792
11811
11824
11825
11861
11866
11875
11882
11884
11890
11896
11902
11903
11907
11913
11918
11926
11929
11934
11947
11955
11957
11964
11978
11986
11987
11991
12000
12008
12009
12012
12013
12016
12018
12019
12020
12022
12027
12030
12036
12036
12037
12057
12057
12065
12078
12084
12098
12104
12105
12111
12136
12146
12148
12165
12176
12193
12203
12214
12231
12243
12243
12250
12257
12260
12262
12268
12283
12284
12289
12290
12310
12311
12322
12337
12340
12341
12358
12365
12368
12374
12423
12428
12446
12448
12474
12479
12479
12484
12490
12498
12507
12515
12533
12554
12554
12558
12571
12577
12584
12589
12592
12593
12594
12601
12608
12614
12618
12635
12655
12662
12669
12677
12692
12698
12707
12709
12718
12726
12730
12734
12762
12765
12766
12773
12775
12780
12787
12838
12847
12854
12863
12866
12867
12870
12877
12883
12888
12890
12897
12897
12902
12909
12909
12918
12925
12926
12935
12944
12948
12952
12955
12963
13000
13003
13028
13052
13054
13058
13060
13074
13079
13100
13110
13114
13114
13137
13142
13145
13146
13165
13169
13171
13173
13195
13199
13217
13231
13231
13244
13250
13252
13255
13268
13282
13283
13283
13287
13290
13314
13353
13361
13380
13391
13391
13402
13409
13421
13459
13468
13469
13477
13481
13488
13494
13501
13519
13520
13543
13550
13554
13555
13564
13569
13575
13576
13578
13599
13607
13620
13623
13635
13645
13647
13675
13679
13684
13685
13694
13701
13730
13738
13748
13750
13754
13773
13774
13780
13784
13813
13826
13826
13829
13850
13872
13898
13933
13937
13952
13963
13978
13981
13992
13992
13997
14000
14020
14021
14021
14022
14023
14024
14028
14039
14040
14040
14047
14082
14089
14097
14098
14110
14140
14151
14156
14159
14162
14197
14197
14205
14225
14236
14238
14240
14242
14247
14248
14255
14268
14271
14293
14297
14303
14320
14329
14344
14348
14349
14356
14359
14368
14373
14391
14397
14403
14403
14405
14406
14416
14424
14457
14482
14498
14505
14507
14522
14541
14544
14549
14584
14590
14591
14592
14604
14608
14614
14619
14623
14624
14649
14655
14669
14672
14679
14697
14703
14705
14715
14727
14728
14749
14750
14774
14778
14782
14801
14802
14804
14815
14827
14829
14833
14834
14846
14850
14869
14870
14871
14871
14873
14875
14876
14881
14892
14895
14899
14900
14906
14913
14914
14923
14923
14926
14948
14953
14957
14960
14976
15005
15009
15020
15021
15040
15044
15047
15050
15062
15074
15075
15084
15086
15102
15109
15111
15120
15135
15137
15165
15167
15178
15203
15208
15228
15235
15242
15256
15266
15266
15267
15285
15294
15302
15305
15320
15340
15355
15382
15382
15386
15400
15402
15413
15425
15432
15432
15439
15441
15441
15448
15450
15452
15452
15462
15477
15484
15485
15486
15489
15490
15513
15518
15522
15523
15534
15539
15545
15579
15584
15591
15593
15628
15638
15642
15646
15677
15690
15697
15701
15723
15723
15737
15748
15751
15754
15754
15761
15765
15771
15774
15775
15781
15781
15784
15791
15802
15830
15837
15839
15852
15853
15853
15874
15895
15899
15900
15905
15910
15921
15923
15955
15958
15960
15974
15978
15990
15996
16001
16011
16013
16056
16079
16084
16086
16088
16090
16096
16100
16137
16141
16142
16145
16154
16160
16165
16169
16185
16189
16192
16201
16207
16208
16208
16221
16225
16226
16236
16245
16254
16263
16280
16284
16293
16295
16296
16297
16302
16310
16311
16313
16315
16317
16321
16323
16340
16342
16346
16351
16352
16358
16364
16399
16453
16468
16477
16478
16488
16489
16515
16525
16541
16542
16547
16560
16567
16569
16583
16590
16609
16609
16616
16616
16620
16627
16634
16646
16647
16651
16664
16667
16689
16695
16722
16724
16725
16742
16745
16763
16764
16799
16805
16847
16854
16860
16863
16882
16886
16887
16894
16903
16906
16906
16914
16916
16926
16927
16946
16958
16976
16979
16985
16991
17014
17026
17031
17037
17042
17050
17056
17066
17073
17078
17083
17085
17089
17093
17141
17145
17157
17157
17162
17174
17178
17190
17245
17246
17254
17259
17266
17307
17317
17319
17325
17328
17334
17340
17343
17344
17350
17358
17360
17363
17366
17369
17372
17376
17381
17383
17385
17387
17391
17397
17402
17411
17416
17417
17417
17422
17459
17459
17467
17472
17486
17492
17504
17508
17508
17528
17535
17539
17541
17544
17562
17566
17582
17586
17613
17621
17623
17624
17625
17651
17662
17667
17688
17696
17711
17713
17719
17726
17727
17729
17730
17734
17742
17747
17747
17757
17772
17776
17780
17831
17849
17858
17861
17877
17882
17899
17904
17907
17909
17911
17913
17921
17933
17940
17946
17976
17980
18038
18058
18058
18064
18068
18081
18096
18108
18108
18109
18117
18122
18128
18140
18149
18153
18165
18177
18179
18197
18201
18202
18206
18212
18213
18220
18222
18222
18237
18244
18252
18254
18256
18281
18283
18288
18289
18301
18301
18308
18309
18311
18327
18327
18328
18334
18343
18358
18372
18387
18412
18419
18433
18440
18443
18445
18450
18453
18459
18462
18465
18467
18471
18471
18472
18480
18481
18494
18495
18504
18505
18522
18545
18559
18559
18578
18579
18586
18623
18635
18636
18640
18654
18655
18658
18669
18682
18689
18699
18703
18709
18719
18732
18738
18755
18760
18766
18769
18777
18796
18808
18817
18820
18863
18869
18870
18890
18904
18913
18916
18928
18936
18944
18946
18970
18975
18978
18991
18994
18995
19001
19004
19009
19032
19041
19042
19044
19076
19081
19092
19093
19093
19099
19100
19111
19124
19135
19150
19155
19160
19160
19176
19180
19208
19212
19214
19215
19217
19223
19229
19243
19245
19263
19263
19271
19275
19277
19299
19319
19329
19335
19349
19371
19372
19383
19411
19423
19426
19433
19443
19450
19454
19461
19466
19471
19481
19483
19488
19490
19503
19508
19515
19523
19526
19528
19533
19536
19539
19558
19562
19574
19611
19616
19616
19630
19631
19633
19641
19655
19664
19671
19678
19684
19686
19697
19729
19752
19759
19762
19763
19797
19801
19805
19805
19818
19837
19849
19852
19856
19872
19899
19912
19917
19919
19922
19935
19938
19941
19942
19945
19953
19955
19968
19971
19975
19980
19993
20001
20013
20018
20027
20047
20059
20070
20072
20082
20082
20084
20098
20107
20113
20120
20123
20125
20128
20138
20139
20153
20154
20171
20175
20183
20189
20203
20205
20205
20209
20210
20232
20246
20246
20275
20284
20286
20291
20297
20301
20306
20307
20320
20321
20326
20331
20331
20346
20349
20350
20353
20353
20358
20360
20361
20364
20368
20372
20382
20387
20388
20391
20398
20399
20408
20412
20415
20427
20482
20495
20499
20500
20511
20514
20523
20534
20541
20548
20558
20570
20593
20599
20611
20616
20622
20624
20631
20639
20663
20663
20688
20690
20693
20721
20737
20738
20742
20749
20754
20754
20778
20781
20784
20800
20804
20804
20821
20822
20836
20847
20861
20867
20878
20895
20903
20916
20929
20931
20934
20935
20946
20947
20966
20966
20991
20992
21000
21003
21004
21005
21013
21014
21019
21027
21027
21029
21029
21030
21043
21064
21087
21087
21106
21110
21116
21122
21134
21142
21145
21152
21153
21164
21192
21235
21268
21270
21275
21288
21291
21293
21307
21312
21316
21322
21336
21349
21354
21360
21360
21364
21371
21372
21374
21377
21393
21423
21428
21440
21443
21448
21458
21470
21472
21475
21499
21509
21522
21530
21549
21552
21558
21563
21564
21568
21572
21576
21609
21624
21627
21630
21630
21640
21642
21656
21662
21663
21672
21692
21695
21717
21729
21736
21737
21742
21743
21744
21745
21767
21772
21777
21780
21781
21786
21789
21798
21801
21803
21813
21814
21825
21833
21845
21864
21873
21883
21912
21925
21931
21937
21938
21951
21965
21966
21984
21997
22015
22015
22020
22025
22026
22045
22052
22068
22071
22074
22097
22106
22107
22113
22114
22125
22134
22162
22164
22166
22171
22172
22173
22216
22217
22233
22256
22264
22265
22265
22269
22270
22275
22284
22299
22299
22321
22354
22369
22401
22407
22424
22442
22445
22452
22452
22454
22478
22481
22489
22490
22493
22517
22530
22552
22557
22562
22566
22570
22598
22606
22608
22614
22619
22626
22633
22650
22655
22695
22702
22706
22734
22747
22752
22756
22780
22791
22795
22796
22819
22826
22828
22836
22852
22865
22881
22892
22893
22899
22901
22903
22905
22932
22952
22953
22972
22973
22974
22980
22990
22997
23007
23029
23050
23074
23079
23092
23100
23100
23103
23111
23123
23125
23134
23134
23139
23163
23164
23170
23177
23183
23195
23207
23231
23260
23272
23275
23294
23298
23322
23334
23347
23349
23358
23370
23376
23387
23388
23418
23432
23440
23449
23464
23492
23498
23498
23517
23517
23537
23549
23573
23583
23589
23607
23613
23624
23626
23629
23631
23639
23653
23655
23663
23671
23691
23699
23706
23710
23719
23722
23724
23737
23738
23743
23751
23763
23780
23790
23794
23803
23805
23809
23811
23839
23839
23842
23844
23855
23860
23871
23872
23874
23880
23882
23882
23889
23898
23899
23922
23927
23945
23970
23971
23987
23994
23996
23998
24005
24014
24015
24024
24037
24069
24069
24073
24103
24113
24114
24127
24130
24132
24135
24147
24154
24161
24172
24174
24190
24204
24209
24230
24240
24251
24253
24257
24261
24262
24265
24272
24276
24287
24291
24300
24329
24336
24339
24372
24373
24387
24389
24392
24392
24422
24455
24461
24464
24499
24503
24509
24511
24545
24563
24580
24588
24590
24619
24627
24644
24660
24668
24682
24683
24699
24701
24703
24705
24749
24765
24784
24792
24799
24800
24801
24808
24810
24814
24817
24818
24823
24824
24833
24847
24849
24866
24882
24894
24900
24916
24923
24925
24930
24955
24979
24987
24991
24995
25000
25003
25009
25028
25031
25060
25063
25064
25083
25083
25091
25094
25095
25117
25122
25135
25157
25159
25168
25175
25177
25185
25212
25212
25229
25230
25248
25253
25255
25267
25268
25282
25288
25289
25291
25305
25307
25311
25314
25322
25327
25335
25353
25365
25389
25407
25446
25447
25452
25453
25460
25463
25467
25484
25495
25500
25502
25520
25532
25537
25538
25543
25555
25561
25566
25577
25578
25581
25584
25596
25603
25636
25638
25647
25651
25680
25701
25702
25738
25747
25758
25775
25775
25784
25789
25793
25804
25826
25841
25842
25849
25871
25889
25891
25899
25910
25917
25944
25971
25978
25981
26002
26004
26010
26015
26016
26025
26030
26057
26079
26086
26089
26093
26107
26108
26118
26123
26139
26140
26141
26141
26143
26146
26151
26153
26166
26174
26182
26189
26198
26199
26204
26206
26214
26227
26228
26230
26235
26245
26271
26299
26309
26321
26339
26342
26346
26356
26360
26360
26367
26378
26379
26384
26403
26403
26404
26425
26428
26433
26434
26437
26438
26442
26444
26450
26454
26458
26476
26490
26492
26494
26503
26507
26509
26515
26517
26518
26528
26540
26550
26550
26561
26573
26606
26609
26611
26631
26632
26645
26648
26648
26651
26654
26659
26663
26672
26675
26705
26712
26713
26718
26718
26720
26724
26724
26735
26736
26739
26741
26745
26747
26764
26779
26784
26791
26813
26817
26829
26833
26864
26882
26887
26916
26918
26922
26923
26932
26942
26949
26953
26958
26962
26998
27007
27009
27010
27034
27057
27062
27066
27080
27080
27100
27103
27123
27126
27144
27145
27149
27160
27161
27172
27188
27194
27199
27205
27234
27237
27244
27250
27254
27259
27261
27266
27275
27277
27283
27287
27308
27313
27339
27356
27362
27367
27379
27384
27387
27391
27400
27405
27408
27416
27416
27421
27426
27440
27444
27449
27454
27502
27502
27548
27549
27550
27551
27551
27552
27561
27567
27574
27574
27574
27575
27577
27596
27599
27600
27603
27603
27604
27610
27631
27634
27636
27637
27641
27644
27647
27649
27690
27704
27709
27709
27710
27711
27713
27717
27734
27736
27741
27746
27752
27760
27783
27786
27788
27794
27796
27807
27811
27817
27830
27833
27838
27844
27852
27858
27868
27869
27872
27893
27894
27905
27906
27910
27916
27917
27918
27920
27932
27945
27952
27957
27972
27994
27997
27998
27999
28002
28002
28006
28011
28025
28036
28063
28067
28072
28108
28108
28111
28130
28137
28141
28146
28154
28155
28167
28177
28187
28198
28206
28210
28211
28211
28221
28235
28235
28238
28254
28256
28262
28263
28271
28287
28294
28306
28314
28316
28316
28324
28325
28345
28356
28368
28381
28381
28404
28406
28410
28441
28445
28448
28450
28451
28472
28473
28475
28480
28482
28493
28498
28503
28506
28508
28511
28523
28537
28557
28560
28560
28565
28577
28602
28604
28608
28614
28618
28638
28642
28643
28651
28678
28685
28700
28719
28721
28731
28738
28762
28774
28780
28782
28843
28845
28848
28848
28864
28868
28877
28878
28878
28898
28899
28900
28901
28903
28912
28913
28922
28928
28945
28960
28966
28968
28975
28986
28995
28998
29012
29014
29017
29024
29030
29045
29051
29056
29083
29087
29090
29097
29101
29113
29115
29116
29129
29133
29142
29142
29144
29146
29150
29164
29184
29187
29224
29261
29267
29268
29283
29286
29291
29295
29297
29306
29314
29325
29338
29343
29343
29363
29366
29369
29376
29380
29409
29422
29424
29433
29451
29455
29467
29494
29495
29497
29500
29502
29504
29522
29542
29561
29565
29566
29572
29580
29587
29598
29610
29631
29639
29647
29647
29649
29654
29657
29658
29675
29676
29677
29678
29682
29682
29683
29687
29690
29698
29699
29721
29733
29738
29742
29749
29750
29750
29760
29760
29762
29767
29767
29770
29778
29778
29790
29802
29812
29817
29839
29842
29858
29872
29888
29889
29901
29914
29931
29935
29947
29962
29970
29976
29989
30002
30032
30035
30038
30076
30088
30096
30096
30112
30118
30129
30131
30140
30143
30156
30162
30163
30165
30165
30184
30185
30194
30205
30206
30215
30249
30265
30274
30276
30282
30284
30287
30315
30336
30337
30358
30366
30372
30374
30376
30401
30402
30411
30433
30450
30463
30477
30490
30500
30502
30511
30523
30527
30548
30566
30568
30583
30608
30619
30619
30642
30650
30656
30675
30678
30687
30693
30694
30711
30723
30725
30738
30748
30757
30761
30785
30799
30809
30823
30829
30831
30843
30848
30871
30878
30902
30907
30907
30913
30938
30948
30950
30951
30969
30970
30973
30974
30975
30981
30982
31006
31009
31012
31016
31040
31051
31061
31063
31079
31084
31090
31092
31095
31098
31099
31102
31125
31135
31166
31174
31180
31180
31194
31194
31223
31229
31230
31238
31248
31248
31294
31303
31305
31327
31340
31345
31357
31373
31375
31378
31387
31390
31436
31437
31446
31448
31504
31552
31557
31563
31567
31568
31569
31584
31599
31601
31607
31614
31615
31629
31640
31646
31650
31653
31654
31665
31668
31703
31713
31714
31717
31720
31721
31727
31734
31739
31741
31749
31761
31762
31766
31771
31785
31806
31811
31812
31814
31814
31817
31820
31822
31823
31826
31831
31859
31878
31888
31891
31905
31912
31913
31919
31924
31924
31926
31935
31935
31939
31974
32005
32007
32009
32014
32021
32027
32045
32051
32059
32062
32097
32119
32134
32134
32140
32141
32176
32182
32190
32208
32209
32211
32222
32222
32224
32242
32258
32274
32304
32306
32308
32315
32335
32363
32368
32370
32383
32384
32387
32387
32398
32436
32440
32442
32450
32455
32458
32481
32485
32487
32487
32490
32490
32497
32506
32512
32519
32520
32522
32525
32559
32569
32575
32587
32591
32596
32606
32611
32627
32641
32641
32665
32671
32673
32684
32698
32707
32711
32732
32734
32736
32739
32749
32750
32757
32771
32781
32803
32804
32813
32819
32829
32833
32840
32848
32852
32857
32864
32867
32902
32904
32911
32925
32926
32928
32929
32930
32938
32941
32950
32959
32963
32986
32992
33013
33023
33063
33074
33083
33085
33097
33102
33113
33118
33127
33163
33169
33177
33184
33192
33221
33241
33242
33269
33276
33277
33287
33288
33291
33296
33315
33329
33332
33335
33349
33350
33351
33385
33391
33409
33415
33433
33437
33437
33446
33447
33453
33463
33489
33496
33520
33539
33540
33544
33547
33548
33551
33557
33562
33573
33612
33618
33626
33631
33637
33648
33660
33694
33702
33720
33733
33756
33764
33767
33769
33778
33779
33786
33790
33796
33801
33822
33825
33825
33826
33826
33830
33836
33867
33868
33868
33869
33872
33874
33890
33890
33896
33896
33900
33942
33957
33962
33985
33988
34006
34009
34052
34060
34066
34071
34075
34084
34091
34105
34114
34116
34117
34127
34128
34129
34134
34136
34151
34163
34181
34183
34185
34204
34212
34225
34226
34230
34234
34235
34281
34282
34283
34286
34288
34289
34301
34315
34333
34334
34335
34336
34339
34344
34364
34370
34387
34401
34401
34402
34434
34438
34448
34457
34460
34472
34476
34477
34480
34486
34507
34510
34528
34530
34539
34549
34555
34556
34559
34573
34579
34581
34583
34595
34609
34617
34626
34626
34627
34629
34640
34641
34652
34659
34661
34663
34671
34701
34711
34715
34720
34740
34747
34752
34765
34783
34790
34806
34809
34809
34811
34815
34842
34849
34852
34881
34888
34938
34946
34962
34964
34984
34999
35001
35007
35014
35015
35046
35049
35050
35065
35073
35082
35088
35091
35092
35098
35108
35110
35110
35118
35119
35129
35133
35140
35160
35166
35168
35170
35172
35180
35201
35207
35212
35235
35242
35244
35250
35259
35262
35276
35277
35281
35289
35292
35303
35311
35312
35314
35332
35350
35366
35370
35371
35374
35397
35411
35415
35447
35460
35462
35465
35468
35482
35483
35484
35495
35499
35508
35518
35541
35547
35549
35560
35562
35563
35568
35573
35575
35579
35587
35600
35617
35620
35635
35639
35668
35672
35695
35698
35710
35713
35715
35743
35756
35767
35793
35793
35796
35798
35798
35806
35830
35841
35846
35876
35886
35888
35897
35929
35937
35944
35948
35949
35950
35969
35975
35977
35986
35992
36029
36041
36070
36082
36085
36086
36101
36112
36145
36147
36156
36166
36186
36207
36208
36218
36230
36236
36241
36248
36255
36260
36262
36267
36290
36291
36304
36320
36322
36326
36339
36339
36347
36353
36358
36359
36365
36378
36379
36387
36388
36399
36399
36412
36413
36455
36464
36472
36503
36508
36514
36532
36544
36553
36553
36565
36573
36579
36579
36581
36582
36620
36635
36636
36647
36650
36665
36665
36668
36668
36695
36723
36752
36758
36759
36825
36835
36837
36843
36855
36856
36860
36886
36889
36905
36909
36910
36913
36919
36932
36944
36976
36988
36997
37004
37026
37050
37053
37062
37068
37074
37089
37093
37096
37110
37129
37132
37133
37145
37148
37158
37164
37171
37178
37187
37198
37205
37214
37220
37222
37233
37269
37275
37279
37282
37299
37320
37320
37321
37327
37329
37333
37337
37346
37347
37351
37368
37371
37378
37385
37386
37390
37393
37396
37397
37397
37413
37428
37429
37440
37446
37458
37480
37484
37494
37514
37516
37520
37530
37531
37547
37562
37604
37614
37615
37633
37641
37645
37655
37668
37668
37670
37671
37674
37700
37704
37707
37724
37734
37734
37748
37753
37760
37764
37770
37776
37785
37789
37797
37798
37820
37827
37827
37847
37853
37861
37884
37888
37911
37911
37913
37919
37933
37936
37936
37942
37953
37956
37969
37976
37990
38004
38014
38032
38046
38066
38066
38086
38092
38121
38125
38142
38156
38162
38173
38176
38184
38202
38206
38209
38218
38224
38231
38244
38247
38253
38253
38254
38256
38260
38265
38267
38290
38296
38301
38304
38315
38319
38334
38336
38348
38352
38353
38373
38380
38392
38397
38411
38412
38424
38433
38435
38443
38444
38454
38467
38476
38488
38497
38515
38518
38530
38547
38561
38615
38632
38638
38654
38658
38678
38680
38687
38689
38702
38705
38717
38724
38735
38738
38753
38753
38756
38766
38766
38772
38786
38795
38806
38812
38814
38837
38843
38846
38847
38857
38861
38885
38909
38934
38939
38949
38953
38976
38981
38993
38995
39003
39004
39009
39012
39027
39027
39036
39045
39056
39060
39073
39087
39101
39102
39113
39124
39132
39135
39142
39152
39155
39156
39157
39163
39180
39197
39201
39234
39239
39241
39244
39253
39284
39299
39299
39302
39310
39311
39325
39341
39345
39351
39366
39372
39375
39389
39425
39427
39435
39445
39449
39450
39452
39456
39462
39465
39468
39472
39473
39495
39501
39503
39526
39537
39541
39552
39563
39578
39606
39607
39626
39636
39639
39650
39657
39662
39668
39668
39678
39681
39681
39681
39692
39699
39700
39705
39708
39725
39726
39731
39738
39745
39745
39765
39774
39777
39793
39796
39812
39818
39834
39837
39851
39854
39857
39865
39878
39893
39896
39901
39906
39971
39973
40007
40016
40023
40025
40037
40039
40041
40050
40054
40073
40077
40089
40097
40106
40108
40130
40155
40156
40158
40159
40169
40173
40173
40174
40190
40190
40215
40233
40237
40238
40243
40244
40244
40247
40247
40257
40260
40267
40272
40273
40288
40297
40301
40303
40319
40323
40323
40324
40328
40356
40359
40366
40366
40368
40379
40386
40387
40392
40398
40399
40400
40404
40404
40442
40446
40452
40459
40461
40462
40524
40527
40535
40541
40553
40561
40571
40572
40574
40599
40603
40605
40606
40612
40615
40622
40625
40626
40628
40643
40653
40656
40660
40664
40666
40666
40680
40688
40696
40728
40737
40745
40751
40767
40783
40796
40807
40811
40814
40817
40831
40834
40852
40877
40877
40877
40881
40886
40939
40956
40977
40989
41000
41004
41007
41008
41011
41021
41043
41053
41077
41085
41092
41095
41099
41100
41106
41106
41115
41116
41138
41160
41178
41187
41204
41208
41221
41222
41222
41223
41227
41231
41236
41269
41274
41274
41280
41286
41291
41304
41311
41311
41314
41315
41324
41325
41352
41363
41378
41392
41393
41393
41421
41428
41429
41433
41437
41441
41461
41472
41480
41481
41492
41492
41495
41497
41498
41518
41520
41524
41526
41527
41531
41532
41534
41558
41567
41589
41596
41619
41619
41626
41630
41631
41647
41650
41651
41667
41670
41671
41673
41702
41724
41728
41733
41739
41741
41750
41754
41761
41765
41770
41777
41779
41791
41813
41820
41829
41861
41869
41873
41902
41914
41917
41917
41920
41931
41942
41944
41947
41957
41968
41970
41974
41982
41983
41989
41999
42005
42007
42007
42011
42022
42030
42044
42048
42088
42100
42119
42130
42155
42185
42196
42200
42202
42203
42228
42230
42233
42238
42242
42253
42254
42255
42258
42273
42280
42287
42296
42302
42324
42338
42339
42348
42374
42385
42390
42395
42413
42414
42424
42426
42434
42435
42454
42459
42460
42471
42473
42474
42480
42495
42509
42544
42552
42580
42597
42608
42624
42628
42637
42651
42659
42664
42668
42672
42687
42696
42702
42711
42722
42746
42751
42754
42755
42768
42780
42780
42785
42812
42820
42892
42912
42923
42928
42933
42933
42938
42948
42961
42961
42963
42966
42974
42978
42986
42999
43000
43011
43011
43012
43015
43016
43017
43028
43033
43051
43058
43061
43084
43087
43095
43111
43127
43141
43173
43182
43187
43191
43193
43195
43205
43219
43230
43234
43239
43242
43244
43252
43253
43260
43263
43263
43267
43280
43298
43307
43314
43316
43324
43330
43333
43345
43364
43373
43380
43402
43404
43421
43445
43451
43456
43478
43484
43497
43508
43509
43523
43544
43545
43555
43558
43568
43570
43572
43585
43587
43589
43593
43594
43612
43624
43627
43637
43640
43649
43651
43654
43665
43673
43689
43704
43707
43728
43736
43744
43747
43774
43780
43790
43792
43795
43797
43813
43817
43827
43833
43865
43873
43874
43876
43887
43887
43889
43901
43913
43933
43946
43948
43973
43987
43992
43996
44000
44009
44013
44014
44015
44017
44049
44049
44053
44053
44065
44069
44072
44075
44077
44082
44085
44096
44096
44099
44104
44115
44127
44130
44136
44145
44152
44153
44154
44167
44181
44185
44199
44199
44201
44216
44230
44239
44239
44241
44254
44255
44266
44273
44278
44291
44306
44310
44316
44317
44322
44332
44335
44338
44341
44347
44351
44372
44376
44381
44398
44407
44435
44438
44441
44455
44458
44458
44459
44464
44465
44483
44485
44504
44510
44528
44548
44554
44559
44562
44585
44596
44602
44614
44624
44643
44660
44660
44670
44678
44685
44690
44695
44696
44703
44704
44706
44722
44726
44752
44756
44764
44773
44781
44782
44784
44785
44787
44789
44819
44837
44845
44847
44862
44868
44878
44879
44884
44892
44910
44911
44923
44947
44955
44966
44976
44977
44984
44991
45003
45021
45036
45037
45041
45053
45070
45071
45101
45103
45105
45111
45111
45119
45135
45142
45142
45151
45159
45162
45183
45187
45201
45205
45225
45245
45265
45269
45273
45287
45288
45306
45308
45311
45312
45315
45322
45325
45346
45378
45398
45405
45413
45443
45446
45448
45467
45469
45482
45484
45484
45514
45520
45524
45526
45526
45527
45533
45533
45566
45574
45576
45587
45612
45626
45635
45636
45643
45659
45660
45683
45687
45700
45728
45739
45745
45801
45804
45806
45808
45817
45826
45837
45839
45850
45878
45878
45878
45881
45906
45930
45950
45958
45963
45965
45968
45973
45980
45987
46003
46020
46036
46043
46058
46060
46091
46093
46100
46102
46107
46118
46123
46128
46135
46139
46146
46147
46149
46151
46159
46180
46189
46208
46212
46216
46240
46242
46250
46256
46266
46270
46276
46277
46288
46295
46300
46308
46308
46318
46326
46333
46337
46348
46352
46360
46369
46378
46379
46387
46395
46402
46404
46407
46415
46418
46424
46426
46430
46439
46451
46451
46452
46458
46459
46460
46468
46468
46474
46486
46493
46514
46540
46541
46543
46544
46552
46558
46564
46569
46572
46582
46582
46606
46615
46631
46633
46639
46644
46664
46673
46675
46677
46686
46689
46690
46739
46740
46755
46763
46766
46769
46780
46782
46787
46791
46792
46796
46801
46805
46813
46816
46817
46819
46825
46842
46862
46864
46872
46878
46880
46883
46919
46919
46925
46932
46933
46935
46939
46948
46948
46963
46965
46966
46966
46967
46969
46971
46987
46993
46998
47019
47027
47032
47052
47068
47073
47124
47126
47137
47137
47149
47150
47157
47160
47199
47212
47232
47236
47257
47263
47280
47282
47283
47289
47289
47291
47294
47306
47312
47321
47322
47323
47324
47326
47329
47332
47348
47360
47367
47371
47373
47389
47392
47394
47405
47444
47446
47447
47463
47474
47479
47483
47484
47499
47508
47526
47539
47547
47553
47553
47561
47565
47567
47572
47573
47580
47591
47592
47592
47600
47602
47603
47610
47640
47647
47647
47660
47671
47681
47685
47686
47687
47696
47700
47701
47706
47706
47712
47720
47720
47725
47730
47733
47737
47745
47755
47755
47762
47765
47765
47768
47769
47781
47802
47807
47810
47810
47816
47832
47833
47835
47840
47842
47854
47866
47877
47915
47945
47949
47952
47955
47968
47968
47973
47996
47999
48001
48005
48014
48020
48026
48036
48039
48044
48062
48086
48086
48096
48097
48104
48104
48124
48128
48128
48136
48141
48151
48152
48159
48160
48160
48162
48169
48176
48176
48178
48181
48186
48196
48212
48230
48233
48278
48278
48309
48312
48338
48340
48342
48342
48345
48353
48357
48363
48368
48390
48398
48401
48425
48428
48428
48438
48450
48456
48469
48470
48482
48492
48493
48493
48501
48502
48515
48520
48531
48544
48559
48562
48593
48594
48600
48601
48603
48607
48610
48611
48641
48644
48646
48654
48661
48674
48695
48699
48707
48707
48710
48714
48726
48734
48750
48759
48760
48764
48785
48788
48789
48790
48811
48833
48840
48853
48861
48862
48864
48871
48872
48888
48890
48896
48908
48912
48926
48946
48955
48966
48968
48972
48978
48979
48999
49001
49008
49017
49020
49026
49042
49061
49073
49073
49074
49088
49096
49106
49107
49109
49112
49114
49130
49131
49140
49142
49149
49195
49213
49218
49225
49231
49239
49256
49268
49287
49321
49321
49342
49344
49348
49356
49372
49383
49397
49407
49408
49418
49419
49424
49424
49425
49454
49462
49471
49480
49495
49497
49503
49515
49518
49520
49523
49559
49562
49565
49572
49574
49578
49584
49585
49588
49590
49601
49605
49608
49630
49632
49641
49645
49654
49659
49669
49690
49693
49695
49702
49714
49720
49733
49740
49741
49768
49768
49782
49785
49790
49794
49807
49808
49819
49827
49830
49832
49834
49839
49851
49854
49863
49879
49888
49900
49906
49919
49926
49931
49942
49968
49972
49975
49975
49983
49989
50020
50027
50045
50067
50072
50078
50093
50098
50102
50110
50119
50131
50135
50140
50165
50169
50169
50180
50204
50206
50219
50230
50233
50234
50240
50242
50253
50270
50280
50282
50286
50287
50289
50297
50304
50305
50314
50318
50320
50340
50357
50357
50374
50380
50384
50388
50392
50408
50430
50434
50438
50446
50499
50501
50509
50526
50529
50539
50542
50549
50553
50560
50594
50598
50627
50628
50631
50638
50647
50648
50659
50666
50696
50707
50718
50732
50753
50759
50760
50771
50802
50829
50849
50850
50859
50872
50875
50876
50877
50901
50907
50924
50925
50932
50937
50968
50989
50990
50995
51007
51027
51027
51030
51037
51037
51038
51055
51059
51061
51066
51071
51071
51079
51080
51090
51090
51097
51112
51121
51124
51137
51137
51138
51140
51149
51154
51159
51176
51182
51185
51186
51190
51191
51194
51205
51206
51210
51211
51232
51239
51267
51270
51272
51276
51278
51281
51296
51301
51314
51316
51318
51324
51324
51326
51329
51338
51341
51348
51349
51354
51355
51360
51365
51403
51403
51416
51418
51445
51453
51456
51461
51465
51467
51475
51498
51503
51533
51542
51549
51584
51592
51600
51607
51619
51621
51628
51642
51645
51655
51658
51661
51665
51668
51681
51686
51692
51700
51703
51711
51721
51731
51734
51747
51758
51759
51768
51784
51795
51797
51800
51812
51821
51823
51836
51843
51843
51849
51850
51850
51892
51897
51909
51909
51920
51920
51928
51933
51945
51955
51961
51990
51995
52001
52013
52042
52049
52050
52065
52074
52074
52085
52098
52111
52115
52134
52140
52141
52158
52162
52172
52174
52181
52184
52188
52190
52195
52197
52198
52203
52216
52218
52220
52225
52232
52246
52251
52258
52270
52271
52293
52306
52315
52316
52317
52325
52334
52338
52343
52357
52361
52362
52371
52376
52376
52411
52440
52442
52442
52455
52469
52488
52491
52492
52499
52509
52516
52517
52520
52526
52526
52528
52546
52559
52559
52602
52603
52611
52623
52642
52656
52658
52662
52667
52672
52685
52695
52696
52704
52730
52732
52758
52759
52765
52772
52772
52780
52797
52799
52803
52814
52819
52829
52835
52852
52866
52884
52905
52911
52911
52924
52929
52936
52957
52959
52969
52975
52975
52991
53010
53037
53046
53055
53068
53069
53081
53101
53107
53113
53116
53122
53136
53136
53137
53147
53152
53153
53154
53168
53174
53204
53224
53230
53236
53237
53238
53253
53268
53297
53303
53330
53336
53341
53351
53359
53362
53367
53368
53376
53394
53402
53402
53404
53405
53429
53435
53465
53471
53480
53481
53498
53498
53503
53517
53522
53527
53531
53558
53580
53582
53589
53592
53598
53601
53608
53628
53632
53638
53641
53668
53672
53685
53692
53705
53717
53732
53759
53764
53768
53770
53781
53784
53787
53794
53807
53823
53824
53835
53842
53843
53848
53859
53863
53892
53899
53903
53912
53921
53945
53964
53966
53976
53979
53980
53986
54003
54008
54008
54012
54019
54021
54036
54047
54073
54096
54121
54129
54129
54134
54135
54145
54146
54146
54151
54160
54160
54165
54170
54174
54175
54176
54179
54180
54181
54196
54197
54209
54221
54221
54224
54231
54241
54246
54266
54279
54285
54285
54292
54305
54311
54331
54333
54335
54337
54341
54347
54362
54373
54374
54404
54418
54423
54441
54445
54456
54460
54481
54489
54490
54491
54503
54511
54520
54521
54528
54540
54541
54544
54544
54560
54561
54571
54572
54573
54584
54589
54589
54604
54604
54606
54612
54626
54634
54634
54637
54668
54685
54707
54708
54715
54715
54730
54749
54750
54768
54772
54772
54786
54800
54819
54834
54836
54853
54857
54861
54882
54895
54896
54905
54925
54951
54959
54967
54969
54979
54980
55001
55012
55018
55020
55025
55030
55040
55047
55052
55055
55056
55120
55122
55134
55143
55148
55151
55181
55191
55201
55222
55255
55270
55274
55289
55303
55306
55330
55333
55347
55350
55353
55355
55362
55368
55371
55396
55402
55403
55405
55408
55416
55446
55467
55468
55486
55502
55504
55509
55514
55531
55532
55537
55547
55550
55576
55582
55591
55617
55627
55650
55652
55653
55674
55683
55715
55722
55728
55735
55741
55742
55743
55758
55768
55772
55777
55787
55789
55791
55792
55808
55823
55831
55834
55841
55842
55842
55876
55879
55881
55882
55894
55895
55907
55911
55915
55923
55937
55943
55960
55960
55986
55987
55996
55999
56001
56009
56016
56037
56052
56067
56075
56077
56078
56102
56103
56108
56109
56116
56119
56121
56122
56123
56133
56145
56151
56174
56229
56232
56237
56239
56241
56246
56262
56263
56269
56287
56289
56291
56293
56297
56300
56300
56303
56304
56304
56313
56313
56317
56321
56332
56333
56333
56335
56364
56366
56387
56390
56393
56399
56403
56412
56429
56440
56453
56472
56486
56489
56493
56497
56509
56535
56548
56550
56570
56585
56608
56613
56625
56633
56633
56642
56646
56677
56684
56685
56692
56707
56709
56709
56722
56724
56731
56731
56742
56749
56765
56765
56768
56775
56786
56788
56804
56810
56823
56824
56841
56844
56846
56849
56851
56862
56874
56878
56901
56902
56903
56906
56922
56929
56937
56940
56944
56947
56957
56994
56997
57009
57018
57021
57028
57035
57036
57036
57047
57070
57077
57106
57118
57127
57152
57162
57168
57172
57179
57186
57202
57205
57208
57210
57230
57236
57239
57250
57252
57264
57266
57276
57286
57287
57287
57309
57315
57315
57343
57344
57346
57374
57380
57385
57401
57409
57433
57441
57442
57449
57452
57466
57466
57472
57475
57477
57485
57509
57512
57514
57526
57527
57529
57530
57532
57555
57571
57579
57580
57582
57582
57585
57585
57590
57612
57619
57637
57637
57665
57667
57685
57687
57692
57695
57699
57718
57722
57722
57734
57755
57755
57764
57774
57787
57788
57790
57793
57797
57808
57815
57821
57828
57837
57843
57852
57872
57895
57897
57909
57928
57938
57939
57939
57943
57946
57947
57955
57955
57972
57979
57988
57990
58007
58030
58031
58075
58077
58092
58094
58111
58134
58134
58151
58157
58164
58169
58175
58181
58187
58193
58200
58204
58205
58214
58216
58225
58231
58237
58238
58247
58253
58255
58277
58278
58290
58305
58318
58320
58324
58327
58336
58339
58343
58344
58345
58361
58380
58390
58396
58400
58418
58419
58420
58426
58427
58428
58478
58482
58486
58494
58498
58499
58514
58518
58523
58542
58561
58569
58573
58578
58582
58586
58589
58591
58611
58612
58647
58651
58660
58660
58661
58668
58671
58683
58689
58697
58722
58723
58723
58728
58734
58740
58751
58755
58773
58776
58827
58829
58830
58836
58837
58860
58879
58879
58883
58885
58888
58897
58901
58902
58918
58920
58922
58922
58936
58943
58944
58947
58953
58958
58980
58985
58986
59028
59029
59043
59065
59081
59084
59099
59125
59131
59132
59146
59171
59171
59184
59186
59192
59200
59202
59223
59250
59253
59257
59264
59271
59272
59277
59278
59282
59285
59286
59288
59303
59304
59305
59310
59320
59325
59346
59347
59362
59378
59379
59383
59405
59406
59406
59409
59416
59420
59420
59463
59470
59470
59475
59485
59493
59504
59520
59541
59545
59552
59581
59592
59593
59596
59601
59607
59608
59622
59626
59640
59654
59660
59678
59701
59709
59716
59727
59730
59757
59774
59779
59798
59800
59801
59820
59833
59839
59848
59849
59851
59867
59870
59873
59885
59888
59889
59901
59910
59922
59933
59990
59990
60016
60020
60026
60027
60050
60061
60063
60071
60086
60088
60093
60095
60116
60124
60126
60131
60134
60134
60139
60165
60165
60168
60176
60184
60202
60214
60223
60227
60231
60245
60245
60251
60252
60255
60259
60260
60271
60272
60278
60284
60321
60331
60338
60341
60343
60360
60360
60375
60376
60377
60385
60387
60408
60409
60424
60427
60431
60435
60441
60448
60466
60472
60498
60502
60515
60520
60522
60530
60540
60561
60563
60580
60600
60602
60603
60604
60615
60623
60631
60635
60647
60665
60666
60667
60682
60696
60699
60706
60709
60721
60726
60750
60757
60794
60810
60838
60843
60854
60854
60867
60888
60889
60908
60909
60909
60921
60929
60936
60944
60963
60964
60967
60969
60970
60971
60976
60986
60995
60997
61001
61001
61006
61018
61021
61027
61036
61043
61047
61048
61056
61057
61069
61070
61085
61089
61093
61097
61117
61145
61146
61171
61173
61177
61179
61180
61187
61191
61237
61240
61240
61274
61283
61303
61311
61333
61351
61354
61357
61357
61410
61413
61423
61429
61429
61437
61438
61451
61463
61465
61486
61498
61515
61524
61527
61528
61532
61534
61546
61551
61558
61560
61570
61573
61575
61590
61592
61615
61615
61627
61654
61665
61673
61675
61678
61686
61689
61692
61696
61701
61719
61740
61748
61748
61762
61764
61780
61786
61789
61796
61807
61813
61814
61821
61840
61843
61844
61845
61845
61849
61855
61859
61886
61890
61895
61895
61900
61902
61921
61926
61936
61955
61990
61995
61997
62007
62023
62025
62029
62038
62063
62066
62067
62072
62085
62105
62118
62118
62126
62126
62130
62152
62160
62165
62185
62206
62207
62207
62210
62213
62228
62237
62241
62243
62257
62272
62278
62284
62290
62293
62296
62307
62308
62332
62336
62343
62352
62366
62377
62378
62389
62390
62394
62415
62418
62427
62430
62430
62435
62447
62462
62465
62489
62502
62508
62510
62515
62516
62552
62556
62565
62580
62586
62599
62599
62604
62615
62628
62631
62641
62654
62667
62673
62680
62703
62703
62720
62729
62731
62736
62737
62745
62751
62757
62771
62780
62789
62794
62797
62810
62814
62818
62820
62829
62829
62837
62841
62843
62865
62865
62866
62896
62900
62905
62914
62915
62916
62930
62945
62973
62987
62993
63035
63039
63044
63051
63054
63059
63072
63074
63079
63088
63089
63090
63092
63100
63107
63114
63122
63123
63132
63138
63141
63142
63151
63173
63183
63184
63186
63202
63209
63240
63248
63266
63269
63274
63289
63291
63307
63312
63327
63340
63340
63344
63367
63373
63390
63392
63399
63423
63434
63451
63457
63459
63462
63463
63467
63468
63483
63484
63492
63508
63516
63540
63548
63551
63551
63603
63606
63606
63616
63617
63621
63629
63634
63634
63644
63646
63661
63678
63704
63705
63713
63713
63713
63715
63717
63730
63739
63744
63761
63765
63789
63789
63795
63799
63804
63827
63827
63838
63848
63873
63880
63894
63897
63899
63912
63924
63947
63962
63973
63975
63982
63992
64011
64022
64027
64028
64034
64035
64050
64051
64057
64061
64062
64063
64079
64085
64091
64102
64106
64112
64115
64119
64125
64143
64144
64146
64148
64205
64207
64208
64209
64217
64220
64223
64234
64234
64243
64244
64248
64290
64302
64303
64304
64320
64330
64337
64340
64344
64346
64354
64362
64369
64375
64377
64379
64383
64391
64403
64429
64439
64461
64473
64475
64475
64480
64484
64488
64488
64488
64519
64524
64530
64540
64547
64547
64555
64571
64577
64595
64600
64602
64616
64628
64637
64656
64660
64663
64666
64667
64675
64682
64689
64697
64727
64755
64756
64763
64772
64773
64783
64795
64814
64825
64827
64830
64833
64839
64839
64840
64844
64849
64868
64876
64877
64878
64893
64903
64904
64914
64931
64950
64951
64970
64972
64991
65001
65008
65012
65012
65022
65022
65031
65032
65039
65041
65043
65047
65070
65070
65070
65078
65092
65109
65113
65118
65130
65158
65158
65173
65176
65187
65190
65196
65198
65204
65211
65212
65213
65241
65245
65248
65263
65275
65281
65290
65296
65301
65306
65315
65317
65317
65319
65335
65338
65350
65354
65360
65369
65371
65377
65377
65386
65408
65412
65418
65420
65426
65435
65436
65446
65452
65453
65455
65455
65478
65483
65493
65495
65497
65510
65524
65524
65525
65555
65560
65588
65625
65626
65636
65640
65653
65656
65679
65680
65686
65699
65713
65719
65726
65734
65735
65736
65744
65755
65758
65770
65789
65793
65794
65811
65811
65832
65850
65854
65864
65874
65880
65882
65900
65907
65919
65926
65936
65946
65951
65977
65996
65997
66002
66004
66010
66010
66014
66023
66040
66053
66054
66060
66072
66073
66073
66074
66081
66086
66096
66101
66101
66102
66108
66114
66118
66130
66142
66146
66151
66179
66180
66181
66186
66200
66209
66237
66248
66266
66271
66282
66287
66287
66296
66314
66340
66354
66355
66373
66376
66378
66380
66384
66385
66396
66410
66420
66435
66447
66449
66451
66472
66475
66486
66491
66491
66492
66512
66513
66515
66517
66518
66519
66522
66527
66540
66555
66567
66604
66619
66622
66628
66647
66649
66661
66663
66673
66674
66684
66686
66689
66700
66703
66703
66718
66721
66722
66728
66729
66733
66745
66747
66749
66761
66784
66796
66798
66803
66809
66812
66818
66836
66841
66875
66890
66906
66918
66919
66926
66931
66954
66983
66990
66992
67006
67014
67037
67039
67051
67061
67064
67074
67096
67099
67105
67107
67111
67112
67135
67136
67137
67178
67190
67195
67242
67248
67256
67269
67274
67275
67280
67297
67301
67304
67305
67309
67309
67310
67312
67329
67331
67331
67335
67352
67369
67377
67396
67397
67399
67400
67407
67409
67416
67420
67432
67432
67434
67453
67456
67460
67468
67470
67472
67473
67489
67497
67503
67505
67515
67525
67530
67533
67543
67557
67557
67564
67569
67579
67591
67602
67603
67615
67631
67632
67652
67660
67667
67681
67684
67690
67692
67699
67712
67729
67734
67761
67761
67764
67770
67805
67825
67828
67831
67861
67887
67889
67897
67906
67916
67917
67924
67935
67938
67946
67950
67950
67951
67957
67963
67973
67975
67976
67977
67981
67988
68003
68011
68015
68030
68039
68043
68068
68069
68076
68078
68080
68083
68088
68089
68121
68124
68134
68136
68144
68159
68159
68167
68178
68187
68193
68195
68196
68204
68205
68216
68229
68230
68260
68269
68282
68292
68319
68333
68335
68340
68347
68356
68359
68364
68370
68386
68387
68387
68397
68400
68404
68412
68423
68425
68436
68442
68453
68487
68495
68510
68519
68524
68533
68545
68551
68557
68562
68563
68577
68582
68584
68605
68644
68656
68658
68661
68666
68667
68672
68672
68673
68679
68680
68683
68685
68689
68704
68704
68705
68706
68728
68744
68746
68752
68757
68759
68776
68787
68792
68794
68802
68804
68807
68808
68816
68819
68821
68849
68853
68854
68858
68887
68889
68889
68895
68916
68928
68938
68939
68939
68946
68949
68957
68971
68975
68979
68994
68996
69001
69015
69021
69028
69040
69045
69046
69049
69078
69079
69086
69096
69100
69108
69114
69120
69122
69139
69146
69156
69168
69187
69199
69203
69209
69213
69216
69229
69235
69238
69251
69270
69274
69276
69278
69299
69318
69339
69344
69353
69358
69365
69367
69371
69374
69378
69385
69386
69386
69387
69392
69392
69393
69394
69397
69397
69415
69451
69452
69461
69478
69479
69483
69484
69489
69506
69519
69529
69531
69542
69566
69583
69584
69586
69592
69592
69599
69608
69624
69628
69660
69677
69680
69711
