11
25
44
44
50
56
161
201
223
231
241
245
263
276
312
343
352
373
398
423
425
426
484
498
502
512
529
556
557
621
697
707
804
816
821
877
887
887
892
937
961
963
988
1030
1040
1041
1073
1085
1118
1148
1156
1203
1250
1333
1352
1391
1396
1422
1423
1432
1452
1457
1465
1466
1478
1481
1489
1492
1504
1547
1572
1595
1628
1696
1711
1745
1745
1760
1765
1800
1803
1814
1878
1890
1901
1925
1926
1929
1951
1958
1982
2028
2046
2072
2077
2122
2130
2132
2135
2138
2154
2218
2281
2293
2296
2298
2320
2321
2328
2386
2415
2436
2439
2457
2459
2481
2492
2494
2505
2506
2516
2525
2527
2538
2559
2567
2636
2642
2646
2650
2665
2672
2693
2695
2700
2702
2706
2732
2741
2746
2777
2824
2874
2884
2895
2929
2949
2950
2953
2980
3035
3046
3048
3055
3064
3069
3101
3103
3107
3112
3138
3141
3150
3155
3183
3187
3209
3222
3270
3278
3280
3310
3317
3331
3338
3350
3352
3357
3359
3377
3407
3414
3421
3423
3424
3454
3461
3479
3491
3495
3527
3531
3537
3550
3581
3588
3621
3634
3660
3673
3673
3687
3706
3717
3732
3732
3739
3741
3743
3747
3754
3766
3827
3828
3829
3831
3856
3882
3888
3897
3903
3908
3917
3949
3958
3968
3975
3976
3981
4000
4008
4028
4036
4040
4080
4097
4104
4106
4177
4179
4189
4200
4209
4233
4261
4263
4294
4308
4357
4361
4384
4412
4421
4423
4428
4441
4485
4495
4499
4505
4511
4525
4539
4564
4594
4601
4614
4649
4650
4659
4718
4724
4756
4791
4800
4841
4844
4899
4907
4927
4940
4967
5004
5057
5067
5077
5083
5112
5134
5136
5137
5156
5172
5201
5219
5222
5224
5247
5273
5289
5325
5345
5348
5428
5475
5495
5495
5505
5539
5543
5585
5588
5611
5640
5656
5663
5674
5676
5678
5694
5703
5722
5726
5752
5779
5780
5820
5844
5909
5922
5949
5980
6026
6067
6067
6073
6084
6124
6141
6180
6183
6194
6216
6277
6301
6307
6308
6332
6344
6397
6423
6430
6437
6461
6463
6465
6476
6494
6518
6564
6577
6613
6613
6618
6663
6681
6683
6684
6688
6691
6696
6713
6719
6720
6763
6775
6777
6847
6855
6965
7077
7081
7101
7113
7162
7164
7214
7217
7221
7233
7243
7248
7251
7270
7290
7294
7305
7319
7321
7324
7325
7336
7377
7412
7430
7447
7450
7457
7506
7513
7518
7540
7556
7573
7575
7603
7638
7658
7722
7727
7737
7741
7752
7763
7776
7800
7816
7835
7852
7858
7888
7892
7895
7917
7925
7953
7967
8034
8050
8052
8076
8091
8117
8118
8132
8132
8135
8158
8187
8191
8226
8228
8264
8276
8299
8380
8391
8401
8406
8422
8422
8432
8466
8475
8506
8507
8513
8518
8542
8560
8565
8603
8615
8617
8643
8649
8650
8667
8676
8687
8755
8756
8806
8862
8899
8915
8955
8983
9010
9017
9026
9030
9031
9047
9075
9078
9112
9118
9149
9156
9168
9230
9242
9270
9275
9295
9308
9315
9326
9394
9443
9454
9461
9482
9490
9495
9528
9531
9564
9568
9572
9574
9580
9583
9606
9646
9649
9650
9652
9661
9672
9679
9699
9707
9749
9763
9805
9829
9843
9856
9863
9866
9986
10018
10043
10053
10072
10113
10122
10188
10189
10225
10227
10242
10266
10276
10315
10344
10346
10378
10400
10403
10492
10504
10518
10525
10542
10546
10600
10607
10616
10622
10627
10688
10700
10740
10741
10746
10766
10791
10845
10860
10867
10884
10889
10905
10912
10916
10917
10982
10993
10996
11037
11071
11092
11112
11129
11130
11132
11174
11182
11258
11272
11281
11313
11315
11326
11330
11349
11389
11390
11400
11440
11462
11484
11489
11523
11525
11540
11570
11571
11583
11589
11606
11639
11644
11652
11662
11666
11668
11681
11692
11699
11711
11721
11739
11773
11787
11817
11866
11885
11893
11957
11967
12049
12055
12058
12087
12156
12176
12196
12205
12224
12272
12317
12321
12333
12343
12359
12359
12361
12369
12394
12450
12481
12496
12514
12519
12547
12580
12640
12663
12672
12679
12700
12763
12773
12801
12806
12825
12837
12842
12854
12866
12867
12883
12912
12965
12979
12997
13007
13012
13051
13060
13092
13122
13122
13151
13161
13163
13177
13204
13210
13216
13219
13234
13274
13304
13348
13434
13446
13482
13496
13498
13602
13699
13738
13754
13762
13803
13804
13804
13820
13861
13874
13899
13900
13912
13928
13978
14027
14031
14032
14038
14040
14061
14069
14088
14101
14101
14113
14149
14169
14188
14220
14232
14292
14321
14335
14347
14394
14400
14405
14413
14425
14504
14581
14582
14589
14639
14677
14692
14696
14748
14770
14795
14808
14826
14872
14887
14910
14959
14960
14964
14974
14987
14995
15003
15012
15032
15038
15063
15094
15146
15163
15163
15164
15178
15197
15206
15232
15295
15296
15325
15360
15364
15375
15376
15390
15406
15450
15465
15467
15494
15508
15511
15523
15532
15538
15539
15559
15576
15596
15606
15616
15651
15653
15678
15690
15734
15736
15744
15793
15799
15917
15933
15951
15959
15964
16025
16053
16080
16097
16123
16134
16137
16168
16169
16188
16225
16232
16235
16256
16259
16259
16306
16351
16359
16361
16374
16408
16460
16462
16474
16491
16520
16532
16539
16545
16554
16593
16634
16650
16655
16686
16697
16708
16710
16763
16820
16825
16831
16849
16886
16888
16890
16891
16893
16956
16986
17021
17056
17059
17065
17080
17086
17088
17095
17136
17137
17138
17153
17212
17243
17245
17299
17306
17336
17363
17366
17390
17393
17409
17412
17457
17482
17505
17515
17536
17549
17562
17573
17611
17650
17651
17756
17759
17767
17772
17782
17790
17852
17859
17868
17959
17961
17979
17984
18001
18015
18028
18033
18065
18107
18125
18129
18150
18183
18183
18186
18238
18239
18247
18288
18313
18321
18327
18342
18346
18369
18418
18426
18437
18452
18453
18495
18520
18521
18529
18546
18569
18572
18583
18635
18637
18657
18668
18682
18707
18730
18732
18786
18798
18814
18826
18838
18842
18860
18861
18882
18895
18927
18968
18990
19014
19031
19032
19057
19060
19085
19091
19105
19114
19137
19157
19159
19181
19183
19195
19203
19231
19232
19314
19315
19339
19382
19388
19439
19441
19456
19459
19481
19492
19493
19520
19534
19540
19552
19566
19570
19627
19652
19655
19701
19712
19713
19721
19728
19750
19763
19771
19781
19825
19826
19869
19881
19930
19938
19940
19941
19949
19955
19956
19963
19982
19990
20005
20032
20039
20055
20099
20136
20140
20197
20202
20204
20215
20277
20279
20291
20315
20316
20323
20328
20331
20350
20350
20372
20413
20414
20421
20426
20429
20438
20509
20515
20519
20546
20554
20561
20570
20572
20621
20666
20673
20676
20686
20691
20695
20709
20721
20726
20795
20830
20865
20872
20879
20890
20901
20923
20981
21020
21031
21045
21072
21093
21129
21135
21136
21176
21210
21229
21252
21252
21253
21261
21268
21297
21308
21332
21344
21358
21362
21367
21368
21382
21389
21441
21455
21463
21488
21513
21527
21527
21532
21545
21552
21567
21614
21615
21617
21631
21633
21649
21668
21671
21683
21696
21713
21764
21778
21790
21798
21846
21847
21879
21883
21895
21905
21910
21947
21951
21974
21977
21978
21980
22024
22033
22036
22061
22070
22083
22103
22108
22136
22147
22189
22190
22232
22233
22265
22271
22281
22298
22332
22346
22365
22365
22383
22408
22418
22427
22442
22553
22558
22561
22578
22581
22608
22630
22660
22664
22673
22690
22710
22718
22757
22763
22772
22787
22800
22801
22856
22872
22880
22897
22919
22948
22962
22989
23011
23032
23090
23102
23135
23142
23146
23164
23172
23174
23182
23197
23203
23210
23220
23254
23269
23294
23339
23340
23392
23394
23468
23511
23518
23522
23530
23566
23571
23603
23610
23629
23655
23663
23685
23691
23697
23704
23724
23740
23746
23771
23774
23791
23900
23901
23932
23937
23971
23981
23984
24023
24025
24038
24055
24057
24101
24111
24127
24145
24233
24235
24245
24259
24291
24294
24302
24324
24335
24337
24343
24362
24374
24379
24380
24405
24408
24418
24431
24451
24493
24519
24534
24578
24610
24624
24628
24673
24688
24697
24706
24720
24751
24790
24793
24796
24800
24832
24838
24853
24890
24907
24918
24931
24941
24971
24974
24981
24998
25012
25040
25050
25076
25081
25091
25107
25119
25138
25150
25182
25200
25210
25212
25232
25272
25278
25332
25369
25374
25378
25378
25383
25388
25389
25405
25434
25439
25467
25469
25479
25534
25555
25558
25564
25568
25587
25594
25679
25710
25712
25727
25755
25765
25779
25815
25827
25840
25863
25892
25935
25946
25967
25970
25980
26007
26031
26049
26064
26066
26088
26122
26126
26128
26166
26167
26176
26217
26240
26257
26260
26265
26294
26303
26305
26308
26313
26313
26354
26358
26374
26376
26445
26479
26495
26516
26528
26528
26532
26540
26588
26600
26659
26669
26671
26683
26695
26708
26740
26780
26783
26789
26802
26829
26848
26878
26913
26915
26956
26978
26988
27003
27006
27012
27013
27016
27030
27058
27071
27117
27125
27150
27157
27160
27169
27183
27188
27198
27235
27247
27254
27265
27265
27274
27304
27319
27326
27382
27425
27471
27506
27529
27530
27533
27562
27567
27609
27618
27645
27670
27745
27804
27817
27855
27860
27868
27888
27897
27925
27933
27985
27986
28003
28016
28019
28019
28070
28072
28195
28215
28223
28224
28237
28260
28281
28296
28302
28311
28321
28322
28333
28343
28352
28361
28362
28383
28417
28456
28469
28538
28539
28564
28587
28598
28636
28643
28669
28676
28696
28807
28817
28865
28876
28938
28954
28976
28980
28990
29015
29035
29039
29051
29097
29098
29121
29145
29159
29165
29186
29192
29226
29228
29254
29265
29273
29408
29419
29429
29438
29443
29449
29466
29490
29508
29558
29576
29631
29635
29642
29748
29788
29814
29815
29835
29837
29900
29902
29909
29922
29928
29963
29969
29971
29992
29992
30005
30009
30028
30048
30054
30064
30099
30127
30134
30180
30201
30211
30227
30241
30241
30256
30262
30270
30315
30316
30333
30347
30371
30407
30449
30462
30472
30475
30478
30509
30530
30551
30592
30623
30634
30649
30657
30659
30664
30671
30734
30741
30770
30772
30773
30774
30784
30785
30785
30792
30845
30853
30892
30913
30918
30923
30936
30962
30987
31005
31019
31030
31042
31078
31091
31104
31127
31139
31146
31152
31176
31217
31231
31249
31262
31280
31301
31317
31328
31330
31335
31384
31385
31440
31473
31493
31494
31509
31522
31531
31541
31552
31563
31573
31595
31605
31624
31642
31652
31664
31678
31759
31777
31784
31784
31806
31832
31849
31878
31919
31920
31927
32029
32035
32053
32068
32069
32096
32100
32120
32120
32165
32183
32208
32217
32236
32241
32261
32280
32283
32332
32355
32386
32435
32435
32480
32520
32522
32559
32574
32602
32643
32714
32736
32747
32765
32775
32793
32804
32806
32807
32816
32869
32894
32896
32911
32934
32961
32969
33001
33002
33010
33114
33121
33165
33184
33207
33213
33252
33280
33408
33408
33442
33451
33467
33475
33499
33521
33578
33639
33645
33650
33663
33684
33693
33725
33746
33761
33762
33774
33776
33778
33783
33814
33816
33855
33889
33902
33903
33923
33928
33950
33965
34005
34083
34084
34107
34115
34130
34131
34140
34147
34152
34156
34204
34210
34213
34226
34279
34294
34304
34315
34362
34368
34368
34382
34393
34396
34452
34508
34512
34544
34580
34587
34633
34646
34651
34667
34694
34712
34730
34747
34764
34772
34787
34807
34849
34864
34908
34909
34914
34935
34946
34958
34969
35029
35030
35037
35056
35079
35089
35104
35124
35140
35143
35145
35147
35163
35165
35260
35260
35273
35278
35347
35349
35349
35371
35391
35400
35439
35439
35457
35476
35491
35491
35494
35501
35501
35543
35563
35568
35572
35574
35641
35663
35683
35684
35687
35688
35729
35731
35741
35759
35781
35796
35801
35893
35895
35919
35927
35932
35933
35946
35989
35991
36018
36043
36056
36121
36129
36151
36153
36200
36213
36243
36248
36253
36310
36350
36388
36399
36416
36472
36473
36493
36500
36532
36555
36557
36572
36574
36578
36624
36642
36644
36703
36722
36743
36784
36792
36793
36798
36799
36881
36908
36909
36945
36946
36959
36960
36979
36981
37014
37014
37015
37019
37062
37097
37129
37158
37171
37193
37197
37231
37271
37332
37353
37356
37366
37382
37390
37392
37409
37460
37483
37493
37493
37499
37551
37570
37582
37583
37609
37614
37651
37652
37661
37732
37745
37760
37810
37870
37882
37891
37900
37910
37914
37917
37948
37953
37995
38011
38021
38035
38049
38090
38124
38143
38158
38160
38168
38179
38212
38216
38227
38246
38259
38264
38267
38287
38299
38317
38354
38370
38437
38460
38468
38472
38478
38494
38507
38514
38520
38524
38532
38603
38605
38619
38645
38651
38652
38670
38674
38683
38685
38688
38736
38756
38795
38822
38843
38866
38874
38883
38884
38914
38929
38947
38977
38980
38984
38997
39016
39066
39067
39068
39080
39087
39119
39127
39128
39130
39139
39151
39171
39178
39212
39236
39244
39255
39258
39301
39308
39309
39341
39344
39379
39388
39411
39557
39613
39617
39623
39629
39632
39634
39647
39653
39658
39665
39667
39741
39854
39883
39888
39907
39973
39993
40010
40021
40058
40064
40105
40115
40116
40122
40136
40155
40155
40169
40179
40186
40196
40221
40253
40260
40266
40267
40294
40308
40325
40346
40353
40383
40486
40491
40544
40545
40556
40569
40576
40599
40606
40613
40627
40694
40715
40720
40723
40724
40727
40736
40748
40775
40798
40803
40812
40822
40885
40906
40931
40938
40950
40997
41013
41065
41087
41104
41111
41125
41145
41168
41177
41179
41203
41208
41213
41229
41237
41261
41274
41277
41287
41311
41323
41323
41331
41361
41367
41381
41425
41425
41437
41477
41484
41499
41515
41550
41602
41634
41635
41636
41672
41736
41739
41753
41788
41804
41829
41857
41864
41866
41872
41915
41938
41942
41998
41999
42038
42046
42056
42085
42087
42101
42111
42118
42120
42161
42163
42178
42215
42222
42232
42261
42261
42278
42288
42335
42353
42381
42389
42394
42402
42420
42441
42450
42477
42497
42506
42520
42530
42534
42589
42601
42628
42647
42648
42649
42652
42686
42687
42692
42698
42719
42745
42767
42788
42789
42802
42806
42829
42837
42852
42857
42860
42874
42919
42928
42947
42989
43052
43070
43088
43091
43097
43113
43135
43176
43183
43188
43200
43234
43238
43239
43260
43271
43276
43329
43336
43362
43419
43445
43446
43456
43464
43501
43535
43565
43571
43591
43594
43618
43639
43651
43669
43681
43700
43714
43738
43755
43766
43797
43816
43818
43848
43855
43862
43867
43882
43893
43920
43939
43944
43992
44000
44012
44025
44028
44035
44037
44049
44052
44055
44077
44093
44099
44117
44222
44243
44252
44260
44286
44287
44300
44326
44327
44337
44338
44342
44417
44426
44435
44445
44496
44517
44539
44539
44585
44589
44590
44591
44599
44630
44643
44653
44689
44731
44736
44759
44768
44774
44784
44792
44808
44847
44855
44871
44899
44902
44907
45056
45071
45080
45082
45105
45130
45161
45186
45224
45229
45234
45263
45288
45292
45292
45306
45339
45368
45399
45400
45407
45412
45422
45436
45442
45456
45490
45509
45518
45553
45590
45597
45655
45670
45708
45739
45774
45819
45893
45901
45950
45986
46001
46022
46026
46038
46080
46114
46129
46146
46152
46154
46165
46167
46181
46186
46200
46234
46241
46266
46277
46283
46287
46315
46340
46360
46375
46393
46424
46441
46464
46477
46480
46498
46514
46541
46542
46547
46549
46560
46561
46580
46644
46652
46689
46726
46771
46802
46806
46845
46850
46857
46898
46907
46917
46921
46954
46965
46967
46972
46979
46992
46993
47011
47027
47030
47036
47051
47072
47082
47151
47166
47170
47229
47243
47248
47347
47366
47378
47385
47391
47418
47454
47454
47461
47479
47497
47524
47546
47558
47579
47585
47610
47612
47635
47641
47672
47691
47713
47714
47727
47729
47751
47758
47760
47763
47783
47784
47835
47889
47896
48015
48031
48036
48041
48047
48092
48100
48111
48126
48148
48162
48190
48211
48233
48261
48306
48309
48321
48361
48379
48415
48435
48441
48444
48445
48486
48497
48520
48533
48561
48615
48628
48641
48642
48656
48689
48716
48749
48785
48792
48806
48851
48870
48889
48894
48909
48914
48917
48927
48928
48966
48986
48994
49102
49124
49137
49151
49153
49170
49178
49191
49216
49271
49324
49328
49345
49425
49429
49442
49464
49477
49483
49502
49529
49579
49583
49601
49605
49612
49621
49641
49697
49701
49708
49722
49727
49764
49768
49796
49825
49835
49848
49850
49855
49912
49920
49936
49941
49953
49963
49975
49986
49997
50024
50036
50043
50085
50099
50114
50122
50168
50182
50188
50215
50216
50217
50218
50245
50256
50257
50268
50278
50279
50288
50298
50310
50326
50340
50377
50383
50405
50424
50446
50468
50472
50483
50489
50490
50576
50609
50645
50656
50668
50697
50708
50793
50802
50806
50836
50843
50862
50897
50940
50954
50995
50999
51024
51041
51045
51070
51184
51261
51285
51296
51298
51302
51339
51340
51349
51380
51403
51415
51453
51485
51498
51507
51512
51520
51553
51554
51574
51582
51588
51601
51610
51687
51728
51745
51746
51765
51773
51812
51838
51838
51845
51858
51867
51889
51894
51941
51943
51959
51967
52030
52108
52112
52119
52145
52146
52174
52221
52222
52237
52327
52354
52362
52386
52400
52422
52465
52471
52482
52484
52500
52525
52531
52542
52547
52554
52581
52603
52620
52620
52635
52650
52657
52679
52705
52746
52774
52780
52799
52808
52819
52835
52845
52849
52857
52859
52882
52886
52929
52933
52934
52963
52977
53008
53018
53036
53047
53057
53077
53099
53104
53152
53156
53171
53198
53198
53200
53245
53256
53274
53287
53292
53332
53423
53424
53461
53487
53489
53503
53512
53522
53563
53573
53580
53594
53598
53601
53607
53618
53620
53626
53661
53661
53664
53665
53677
53707
53729
53753
53755
53879
53890
53898
53902
53993
54002
54006
54007
54019
54041
54053
54077
54077
54087
54096
54119
54124
54128
54148
54149
54158
54159
54211
54217
54221
54237
54266
54307
54354
54359
54378
54398
54412
54435
54445
54487
54532
54543
54564
54572
54582
54626
54643
54670
54670
54699
54703
54714
54724
54810
54814
54844
54847
54897
54900
54919
54926
54934
54980
54990
54997
55015
55050
55062
55065
55079
55082
55170
55173
55191
55202
55216
55217
55226
55289
55290
55319
55366
55375
55391
55395
55398
55415
55437
55480
55483
55491
55497
55505
55520
55532
55561
55572
55593
55604
55607
55642
55642
55679
55706
55740
55744
55759
55766
55774
55796
55801
55819
55827
55854
55856
55876
55885
55920
55952
55963
55968
55990
56004
56046
56063
56084
56089
56094
56109
56111
56119
56129
56131
56132
56163
56170
56215
56217
56251
56258
56297
56338
56381
56383
56401
56414
56414
56418
56440
56451
56456
56466
56472
56485
56500
56513
56538
56554
56579
56586
56606
56609
56640
56645
56679
56723
56723
56747
56768
56805
56841
56844
56857
56888
56897
56900
56922
56941
56959
56981
57018
57050
57052
57062
57069
57073
57078
57107
57112
57124
57161
57167
57177
57211
57227
57230
57246
57285
57288
57295
57298
57356
57365
57383
57393
57425
57457
57469
57470
57499
57530
57534
57554
57556
57579
57632
57636
57649
57655
57674
57685
57694
57739
57785
57816
57833
57834
57836
57861
57928
57946
58023
58044
58061
58062
58063
58112
58138
58163
58169
58180
58234
58260
58265
58303
58335
58348
58373
58400
58409
58446
58451
58466
58467
58505
58511
58533
58549
58556
58564
58577
58580
58601
58602
58603
58667
58677
58702
58713
58714
58716
58740
58767
58780
58791
58794
58805
58840
58855
58874
58886
58911
58948
58971
58987
58999
59002
59031
59051
59098
59100
59126
59155
59165
59167
59181
59191
59194
59216
59227
59237
59248
59261
59263
59272
59274
59285
59296
59332
59341
59344
59344
59350
59362
59377
59394
59422
59428
59446
59465
59486
59499
59506
59525
59527
59534
59545
59551
59564
59577
59579
59588
59590
59601
59626
59631
59637
59650
59691
59718
59728
59733
59744
59754
59795
59797
59813
59816
59862
59880
59895
59919
59930
59943
59949
59975
60005
60073
60080
60103
60117
60138
60211
60233
60247
60249
60254
60287
60332
60352
60362
60381
60387
60396
60405
60420
60428
60433
60437
60451
60470
60482
60490
60503
60504
60509
60544
60576
60631
60643
60650
60664
60676
60688
60720
60771
60812
60832
60841
60843
60844
60844
60849
60893
60909
60935
60967
61023
61065
61087
61105
61110
61111
61143
61150
61193
61205
61237
61241
61317
61324
61336
61337
61338
61347
61349
61392
61404
61408
61421
61424
61429
61442
61446
61463
61466
61490
61501
61504
61506
61516
61565
61572
61600
61630
61631
61675
61679
61686
61830
61853
61856
61867
61869
61879
61899
61913
61922
61925
61930
61963
61966
61988
62015
62022
62026
62060
62083
62083
62118
62154
62168
62179
62250
62262
62318
62331
62362
62367
62368
62378
62405
62444
62446
62472
62477
62481
62502
62526
62527
62538
62563
62572
62588
62627
62643
62685
62687
62754
62773
62779
62790
62850
62858
62894
62904
62916
62925
62926
62961
62964
62987
62998
63003
63008
63026
63038
63070
63073
63077
63102
63118
63147
63163
63192
63199
63229
63255
63266
63279
63308
63311
63328
63338
63365
63378
63448
63448
63505
63526
63532
63558
63595
63609
63615
63619
63676
63727
63745
63752
63752
63760
63774
63789
63791
63796
63800
63806
63868
63883
63892
63905
63918
63936
63940
63977
63997
64004
64017
64034
64044
64055
64084
64096
64109
64150
64161
64213
64222
64238
64284
64314
64320
64337
64348
64348
64358
64405
64412
64420
64441
64494
64510
64514
64520
64520
64530
64532
64553
64571
64608
64620
64634
64650
64679
64745
64757
64789
64792
64793
64794
64815
64862
64864
64936
64947
64958
64959
65011
65070
65073
65077
65093
65103
65119
65122
65158
65159
65181
65197
65201
65236
65245
65342
65347
65351
65402
65418
65427
65439
65451
65451
65464
65476
65500
65501
65507
65566
65567
65570
65613
65673
65677
65712
65801
65804
65849
65860
65867
65887
65889
65911
65919
65959
65981
66019
66031
66057
66064
66075
66106
66134
66203
66205
66218
66226
66230
66301
66319
66346
66354
66368
66378
66417
66457
66465
66478
66497
66501
66510
66513
66565
66570
66616
66693
66707
66713
66734
66736
66799
66857
66859
66866
66886
66892
66902
66977
66977
67008
67011
67012
67034
67039
67050
67060
67071
67114
67143
67222
67222
67242
67271
67317
67342
67402
67413
67436
67439
67444
67447
67516
67550
67564
67594
67614
67618
67620
67630
67630
67635
67645
67655
67656
67663
67666
67683
67695
67738
67771
67814
67819
67824
67866
67891
67903
67916
67922
67923
67952
67973
67975
67978
67979
68013
68014
68069
68102
68105
68158
68159
68169
68195
68242
68266
68286
68288
68307
68313
68315
68329
68346
68348
68371
68402
68422
68476
68501
68538
68541
68554
68573
68579
68579
68584
68588
68589
68654
68688
68694
68701
68764
68786
68790
68858
68862
68877
68884
68937
68955
68962
68967
69027
69044
69045
69052
69058
69070
69071
69075
69095
69134
69166
69187
69194
69196
69216
69226
69268
69297
69355
69399
69409
69420
69432
69441
69482
69493
69532
69543
69558
69579
69599
69629
69651
69654
69655
69673
69698
69724
69737
69738
69739
