25
143
165
374
418
610
613
678
685
725
740
741
758
778
800
1002
1105
1341
1365
1369
1370
1491
1542
1567
1617
1627
1665
1671
1688
1693
1706
1820
1891
1925
2067
2127
2143
2193
2281
2326
2328
2465
2466
2467
2587
2677
2694
2711
2986
3142
3244
3353
3359
3658
3715
3896
4031
4093
4134
4272
4471
4505
4513
4550
4593
4889
4912
5002
5275
5330
5383
5437
5525
5551
5553
5593
5935
5981
5994
6066
6142
6338
6460
6503
6657
6658
6679
6778
6945
6963
7007
7059
7101
7252
7307
7309
7413
7418
7470
7496
7678
7749
7805
7922
7952
8052
8072
8626
8644
8719
8862
8869
8876
8913
8972
9014
9026
9031
9267
9313
9324
9378
9421
9465
9563
9603
9614
9685
9717
9787
9944
9965
10042
10075
10133
10167
10187
10222
10324
10377
10410
10595
10610
10614
10625
10752
10759
10819
10854
10902
10952
10959
10969
11033
11056
11070
11110
11222
11245
11285
11293
11400
11453
11735
11749
11757
11775
12064
12084
12149
12183
12214
12343
12357
12433
12504
12505
12515
12598
12613
12636
12645
12668
12798
12815
12831
12832
12844
12945
12963
13014
13030
13110
13159
13250
13289
13306
13377
13514
13545
13561
13724
13733
13862
13893
13988
14068
14081
14082
14083
14090
14095
14235
14315
14368
14473
14495
14624
14628
14743
14803
14814
14867
14901
14949
15143
15184
15392
15414
15578
15584
15620
15709
15729
15820
15855
15900
15938
15986
16199
16210
16308
16319
16320
16411
16417
16419
16462
16616
16703
16743
16843
16888
16974
16990
17038
17039
17164
17226
17291
17350
17455
17483
17549
17616
17634
17659
17832
17835
18164
18368
18710
18743
18966
18980
18983
19000
19054
19074
19092
19093
19106
19120
19176
19180
19818
19850
19907
19955
20092
20114
20138
20189
20428
20455
20497
20562
20562
20612
20682
20802
20915
20932
21050
21063
21105
21257
21340
21401
21478
21488
21604
21604
21712
21722
21778
21830
21883
22139
22196
22277
22303
22365
22398
22415
22499
22519
22527
22544
22558
22577
22583
22641
22700
22740
22853
22861
22928
22933
23019
23054
23082
23135
23165
23223
23270
23274
23326
23334
23351
23364
23375
23382
23415
23435
23445
23713
23812
23972
23996
24069
24166
24243
24295
24296
24302
24375
24402
24500
24530
24558
24564
24632
24893
24937
25028
25117
25136
25147
25204
25291
25451
25454
25475
25493
25540
25550
25607
25610
25642
25672
25735
25762
25788
25791
26022
26050
26074
26119
26158
26286
26325
26468
26530
26552
26666
26684
26744
26750
26835
26843
26887
26942
26993
27164
27237
27301
27514
27528
27596
27624
27643
27670
27738
27749
27801
27829
27925
27969
27988
28041
28044
28089
28239
28286
28298
28363
28415
28456
28465
28513
28605
28647
28694
28782
28800
28833
28946
28950
29063
29068
29327
29348
29627
29786
29844
29880
29930
29974
29982
30053
30059
30120
30244
30264
30269
30275
30280
30301
30341
30462
30539
30550
30570
30593
30872
30914
30956
30963
30966
30994
31178
31217
31242
31278
31521
31531
31867
31897
31993
32078
32081
32281
32282
32295
32326
32336
32450
32506
32520
32635
32729
32769
32809
32815
32817
32841
32852
32891
32960
33018
33033
33184
33231
33287
33371
33371
33421
33466
33529
33570
33612
33799
33848
33936
33939
34048
34075
34142
34188
34206
34268
34339
34371
34373
34411
34474
34512
34566
34653
34797
34802
34816
34824
34878
34994
35087
35147
35157
35461
35474
35475
35496
35524
35525
35569
35574
35599
35615
35677
35801
35862
35979
35983
36016
36111
36272
36316
36339
36499
36579
36584
36653
36745
36778
36904
36907
37006
37089
37130
37180
37191
37254
37260
37361
37552
37665
37692
37980
38029
38072
38116
38117
38305
38315
38352
38394
38436
38731
38738
38816
38957
39095
39105
39162
39225
39302
39319
39341
39386
39458
39545
39546
39614
39687
39694
39712
39853
39958
39981
39983
40003
40004
40022
40059
40260
40342
40416
40615
40624
40739
40847
40860
40883
40930
40968
41032
41135
41142
41150
41160
41571
41583
41701
41789
42034
42131
42168
42186
42233
42335
42376
42377
42384
42469
42489
42508
42509
42628
42696
42724
42823
42860
42872
42976
43155
43156
43198
43220
43260
43308
43458
43516
43535
43573
43612
43718
43792
43850
43966
44029
44144
44235
44241
44241
44352
44383
44399
44429
44617
44730
44735
44763
44853
45052
45166
45167
45285
45308
45601
45658
45673
45692
45716
46014
46223
46312
46410
46439
46439
46522
46643
46647
46695
46714
46725
46886
46888
47142
47246
47293
47335
47389
47461
47592
47721
47757
47814
47920
47930
47964
47976
47979
48101
48127
48207
48211
48380
48501
48504
48626
48684
48701
48712
48731
48738
48799
48855
48906
48944
49045
49175
49176
49216
49227
49234
49256
49324
49348
49402
49520
49619
49650
49654
49672
49817
49854
50009
50025
50139
50227
50373
50396
50396
50555
50566
50702
50756
50826
50826
50832
50867
50916
50970
51084
51116
51257
51294
51380
51562
51577
51627
51750
51754
51809
51813
52000
52073
52199
52201
52219
52260
52291
52312
52339
52342
52359
52439
52506
52523
52538
52658
52736
52867
53081
53082
53217
53238
53255
53344
53386
53404
53426
53555
53787
53792
53809
53857
53861
53942
54014
54084
54132
54159
54255
54311
54561
54565
54644
54742
54770
55028
55129
55152
55155
55157
55259
55269
55325
55527
55641
55751
55885
55937
55945
56095
56101
56205
56235
56266
56307
56352
56361
56434
56595
56753
56782
56791
56844
56979
57144
57226
57420
57457
57544
57604
57640
57803
57844
57951
57994
58038
58192
58215
58375
58403
58505
58750
58843
58964
58988
59046
59105
59121
59212
59214
59300
59318
59366
59472
59531
59646
59680
59731
59891
59903
59910
59965
60001
60061
60106
60141
60253
60333
60459
60520
60587
60633
60639
60658
60697
60767
60801
60926
60935
61045
61077
61096
61128
61136
61195
61203
61325
61371
61429
61463
61526
61675
61724
61747
61782
61882
61968
62106
62166
62247
62313
62349
62428
62434
62442
62472
62724
62869
62928
62972
63108
63224
63247
63259
63327
63462
63540
63604
63612
63663
63669
63707
63736
63852
63918
63986
64006
64043
64071
64236
64285
64582
64719
64747
64795
64802
64922
64927
64992
65003
65044
65165
65193
65482
65554
65585
65601
65602
65651
65743
65759
65952
65986
66068
66132
66381
66458
66474
66538
66560
66574
66585
66591
66714
66938
66985
67016
67033
67127
67252
67253
67361
67398
67441
67464
67768
67816
67828
67951
68083
68176
68231
68398
68438
68626
68680
68891
68928
68949
69279
69306
69312
69315
69374
69419
69513
69586
69745
