5
8
13
45
66
109
148
162
224
237
254
314
316
327
369
380
426
437
467
467
481
486
637
641
653
675
688
700
723
754
760
766
777
790
829
904
909
911
950
1042
1058
1083
1099
1127
1169
1175
1250
1260
1266
1281
1284
1284
1328
1343
1347
1369
1421
1421
1430
1454
1518
1532
1536
1542
1574
1586
1599
1600
1600
1600
1601
1624
1643
1649
1662
1667
1701
1713
1766
1808
1820
1856
1863
1881
1900
1924
1930
1948
1975
1982
2002
2009
2015
2035
2065
2067
2108
2142
2150
2186
2228
2236
2282
2373
2394
2422
2456
2468
2487
2489
2531
2576
2585
2635
2636
2665
2675
2705
2753
2766
2774
2807
2848
2879
2899
2921
2927
2930
2935
2938
2952
2960
2984
2987
3001
3069
3078
3170
3172
3181
3210
3218
3247
3251
3252
3259
3292
3303
3325
3353
3385
3402
3440
3450
3487
3490
3501
3510
3519
3580
3581
3607
3622
3642
3643
3683
3707
3715
3718
3748
3773
3815
3849
3920
3921
3949
4033
4063
4073
4090
4110
4133
4190
4202
4222
4223
4224
4254
4295
4321
4327
4330
4337
4347
4410
4440
4471
4476
4485
4510
4530
4534
4578
4609
4637
4643
4643
4666
4682
4690
4698
4748
4755
4778
4778
4785
4885
4913
4937
4953
4961
5003
5003
5034
5049
5050
5063
5070
5095
5114
5143
5148
5154
5212
5239
5272
5279
5283
5317
5332
5372
5377
5378
5380
5383
5385
5429
5448
5449
5496
5513
5603
5665
5695
5712
5755
5759
5761
5807
5815
5820
5824
5830
5844
5860
5868
5952
5960
5983
6000
6003
6022
6030
6044
6050
6104
6107
6108
6128
6128
6230
6260
6299
6305
6311
6314
6327
6352
6373
6374
6376
6403
6420
6427
6462
6479
6481
6483
6507
6557
6569
6577
6588
6589
6594
6597
6607
6613
6618
6628
6629
6640
6660
6702
6709
6716
6735
6763
6778
6784
6796
6828
6842
6850
6891
6978
6981
7033
7076
7081
7105
7155
7163
7193
7205
7257
7308
7315
7315
7321
7332
7348
7357
7376
7422
7470
7487
7510
7532
7536
7554
7568
7649
7717
7761
7793
7823
7829
7843
7844
7863
7863
7869
7908
7921
7928
7943
7943
7955
7987
7992
8001
8012
8046
8102
8109
8116
8142
8146
8153
8170
8172
8199
8201
8202
8241
8245
8280
8312
8320
8324
8328
8336
8405
8420
8451
8454
8504
8539
8576
8622
8634
8638
8646
8656
8671
8745
8755
8763
8774
8796
8809
8819
8851
8864
8890
8891
8945
8961
8979
8981
9004
9021
9032
9061
9074
9110
9119
9121
9123
9141
9154
9160
9166
9189
9198
9205
9221
9263
9263
9270
9312
9336
9374
9388
9422
9447
9457
9462
9463
9473
9474
9513
9528
9543
9574
9574
9605
9627
9640
9646
9652
9673
9675
9675
9682
9705
9771
9781
9782
9839
9900
9910
9919
9940
9956
9962
9966
9990
9995
9999
10009
10027
10028
10053
10056
10059
10066
10081
10133
10198
10207
10240
10244
10255
10262
10298
10307
10318
10323
10327
10352
10359
10377
10379
10393
10408
10423
10431
10465
10498
10505
10548
10550
10568
10573
10582
10585
10590
10618
10621
10662
10676
10752
10771
10775
10824
10831
10835
10872
10931
10934
10935
10965
10982
10997
10997
11010
11011
11018
11067
11078
11086
11088
11102
11124
11127
11152
11153
11185
11223
11234
11240
11246
11248
11269
11271
11283
11292
11300
11307
11326
11344
11361
11417
11433
11472
11508
11545
11562
11576
11577
11583
11598
11602
11635
11667
11669
11719
11731
11772
11785
11822
11822
11842
11867
11877
11900
11901
11953
11956
11973
11982
12013
12046
12060
12066
12082
12088
12098
12111
12113
12135
12198
12201
12215
12227
12233
12262
12272
12272
12290
12310
12325
12326
12363
12389
12391
12391
12399
12411
12431
12443
12454
12460
12482
12525
12548
12553
12568
12573
12597
12611
12622
12642
12675
12680
12692
12694
12703
12710
12717
12733
12777
12787
12842
12846
12850
12864
12867
12873
12921
12952
12996
13011
13014
13017
13032
13062
13062
13073
13083
13121
13123
13128
13150
13151
13156
13172
13203
13209
13227
13296
13322
13361
13362
13381
13398
13416
13446
13488
13508
13512
13518
13545
13552
13563
13585
13616
13662
13678
13699
13724
13727
13733
13754
13766
13800
13802
13812
13813
13825
13849
13865
13868
13878
13909
14030
14041
14072
14096
14111
14112
14121
14156
14163
14164
14165
14175
14245
14259
14260
14274
14288
14329
14357
14359
14369
14382
14435
14454
14494
14500
14520
14538
14547
14550
14563
14584
14587
14598
14601
14603
14604
14629
14635
14675
14688
14728
14745
14770
14772
14778
14866
14878
14880
14897
14916
15008
15043
15051
15096
15098
15144
15155
15156
15169
15178
15211
15228
15240
15245
15280
15295
15298
15351
15394
15394
15405
15411
15419
15426
15434
15436
15442
15444
15462
15500
15503
15511
15511
15521
15529
15566
15600
15622
15672
15712
15754
15755
15775
15788
15791
15819
15824
15850
15857
15871
15871
15873
15881
15894
15896
15898
15907
15934
15935
15939
15961
15961
15968
15970
15977
16026
16030
16033
16040
16043
16059
16089
16139
16173
16175
16185
16226
16233
16238
16246
16284
16296
16338
16350
16352
16369
16369
16377
16430
16455
16503
16515
16603
16608
16612
16625
16631
16636
16650
16652
16679
16693
16708
16721
16725
16739
16741
16838
16853
16900
16931
16938
16956
16971
16982
16990
16996
16999
17032
17045
17051
17109
17117
17148
17187
17201
17228
17268
17283
17294
17309
17318
17326
17329
17352
17354
17385
17398
17444
17477
17478
17490
17505
17521
17527
17533
17541
17543
17556
17576
17578
17589
17636
17694
17713
17753
17785
17786
17796
17796
17800
17814
17819
17825
17836
17865
17926
17938
18008
18011
18017
18026
18035
18038
18040
18144
18256
18265
18299
18315
18321
18330
18337
18369
18371
18377
18413
18419
18429
18443
18453
18457
18459
18529
18554
18561
18575
18577
18620
18627
18634
18635
18700
18718
18727
18746
18757
18761
18763
18780
18786
18786
18814
18841
18861
18862
18875
18959
18972
19001
19005
19042
19042
19053
19063
19077
19098
19143
19222
19240
19286
19324
19337
19343
19349
19352
19360
19419
19433
19445
19447
19506
19555
19560
19564
19565
19575
19604
19617
19621
19624
19655
19659
19661
19678
19680
19703
19709
19792
19810
19813
19838
19867
19903
19931
19948
19955
20013
20034
20099
20099
20148
20165
20212
20218
20222
20253
20296
20309
20335
20339
20385
20391
20417
20420
20453
20459
20463
20484
20484
20518
20556
20582
20600
20631
20644
20675
20707
20730
20736
20742
20774
20798
20820
20824
20832
20853
20897
20930
20978
21000
21019
21032
21052
21067
21070
21092
21102
21125
21140
21162
21202
21303
21345
21356
21405
21444
21452
21543
21544
21553
21572
21587
21605
21621
21676
21700
21762
21769
21773
21789
21836
21862
21868
21893
21897
21906
21922
21956
22007
22046
22051
22069
22107
22111
22155
22180
22191
22192
22193
22206
22210
22227
22245
22256
22276
22363
22371
22403
22444
22498
22499
22542
22585
22597
22608
22625
22685
22698
22702
22714
22722
22726
22766
22798
22831
22836
22837
22885
22903
22930
22992
23022
23028
23043
23081
23090
23091
23105
23117
23119
23129
23137
23142
23150
23166
23194
23204
23242
23264
23267
23287
23308
23316
23329
23339
23346
23350
23397
23398
23407
23409
23460
23499
23504
23556
23563
23569
23577
23586
23589
23625
23632
23676
23707
23745
23762
23774
23801
23802
23803
23818
23843
23902
23923
23937
23937
23952
23975
23981
24006
24021
24100
24106
24107
24110
24135
24137
24151
24152
24164
24170
24189
24201
24212
24215
24234
24257
24258
24259
24305
24321
24327
24370
24374
24418
24444
24450
24538
24549
24555
24556
24629
24651
24658
24703
24707
24720
24720
24748
24792
24808
24809
24814
24848
24858
24863
24881
24897
24906
24916
24926
24932
24936
24943
24974
24975
24976
25016
25033
25044
25066
25076
25093
25128
25128
25162
25197
25229
25233
25254
25262
25269
25270
25284
25315
25344
25350
25359
25359
25385
25397
25404
25416
25426
25447
25521
25532
25548
25561
25571
25584
25585
25588
25618
25644
25645
25671
25673
25697
25724
25734
25747
25765
25770
25793
25795
25824
25825
25836
25861
25877
25928
25953
25956
25975
25976
26008
26072
26080
26090
26120
26134
26135
26146
26146
26155
26204
26205
26221
26247
26248
26249
26255
26281
26286
26287
26299
26304
26318
26321
26335
26359
26363
26368
26433
26467
26470
26479
26483
26511
26563
26595
26600
26606
26627
26628
26638
26641
26641
26670
26673
26674
26685
26694
26716
26729
26744
26760
26775
26776
26804
26819
26822
26855
26863
26870
26965
26968
27005
27030
27046
27108
27127
27152
27176
27235
27236
27297
27334
27339
27349
27377
27381
27404
27412
27415
27427
27440
27457
27467
27536
27549
27563
27570
27595
27599
27646
27649
27682
27684
27718
27756
27760
27771
27772
27791
27834
27845
27850
27873
27875
27894
27902
27908
27925
27928
27929
27947
27970
27984
27999
28036
28101
28104
28110
28113
28120
28121
28142
28151
28197
28198
28211
28266
28276
28278
28286
28297
28313
28320
28346
28358
28358
28359
28370
28408
28416
28443
28461
28463
28473
28500
28503
28548
28548
28554
28575
28598
28624
28643
28658
28667
28671
28729
28738
28796
28894
28895
28933
28934
28957
28971
28981
28988
28990
29070
29099
29162
29185
29195
29257
29278
29321
29401
29452
29461
29473
29482
29496
29497
29511
29524
29554
29568
29581
29600
29600
29602
29628
29631
29645
29649
29674
29716
29747
29762
29781
29791
29799
29801
29846
29849
29886
29896
29968
29992
29994
30004
30026
30040
30056
30083
30094
30116
30154
30158
30158
30204
30228
30275
30313
30353
30354
30355
30356
30406
30442
30476
30482
30482
30500
30513
30518
30526
30531
30549
30583
30595
30632
30649
30665
30709
30777
30833
30867
30881
30918
30980
30991
31012
31048
31050
31052
31060
31075
31082
31103
31106
31123
31133
31168
31177
31197
31209
31210
31234
31235
31264
31276
31277
31284
31330
31342
31345
31368
31381
31395
31401
31419
31422
31423
31473
31488
31489
31537
31571
31583
31605
31644
31668
31708
31729
31733
31739
31743
31744
31760
31765
31772
31775
31808
31820
31820
31837
31858
31863
31866
31883
31902
31935
31946
31970
31981
31985
31987
32027
32031
32031
32032
32047
32058
32075
32079
32084
32089
32095
32095
32106
32108
32109
32129
32139
32159
32190
32192
32200
32202
32212
32271
32292
32308
32313
32315
32343
32352
32362
32369
32373
32381
32426
32438
32445
32456
32475
32510
32513
32516
32520
32542
32574
32576
32614
32622
32633
32636
32636
32645
32653
32665
32671
32672
32731
32732
32733
32737
32739
32754
32760
32770
32785
32796
32831
32833
32843
32852
32854
32876
32877
32881
32893
32912
32988
32989
32990
32991
33001
33006
33075
33117
33146
33178
33189
33191
33220
33227
33230
33239
33244
33250
33256
33291
33325
33356
33368
33376
33396
33404
33404
33406
33409
33432
33435
33471
33508
33512
33514
33515
33527
33542
33546
33564
33577
33577
33590
33610
33626
33629
33638
33658
33669
33674
33707
33741
33757
33762
33764
33781
33836
33847
33875
33888
33906
33928
33930
33957
33964
33973
33983
34019
34080
34106
34108
34112
34157
34157
34179
34218
34226
34236
34241
34257
34263
34273
34280
34317
34362
34380
34381
34383
34406
34425
34472
34496
34528
34574
34604
34610
34631
34632
34666
34674
34675
34723
34724
34728
34737
34772
34810
34859
34942
34952
35000
35022
35035
35041
35046
35056
35073
35120
35171
35179
35213
35217
35220
35244
35255
35278
35299
35315
35319
35332
35364
35397
35426
35454
35457
35458
35503
35507
35510
35510
35516
35571
35580
35586
35596
35600
35602
35632
35688
35716
35733
35734
35738
35742
35754
35772
35796
35807
35819
35828
35839
35842
35853
35866
35886
35887
35893
35900
35944
35962
35962
36008
36038
36081
36082
36109
36115
36118
36128
36144
36161
36188
36191
36197
36223
36223
36224
36231
36241
36249
36264
36276
36284
36288
36329
36354
36379
36431
36452
36467
36493
36540
36550
36571
36590
36610
36613
36666
36692
36782
36812
36816
36817
36819
36822
36840
36841
36880
36881
36886
36919
36975
36978
36993
37002
37036
37054
37054
37060
37115
37127
37149
37158
37217
37234
37238
37243
37243
37245
37252
37265
37302
37325
37339
37341
37348
37348
37383
37405
37426
37431
37450
37450
37475
37475
37497
37511
37513
37551
37581
37589
37614
37616
37622
37631
37660
37683
37687
37771
37792
37801
37828
37832
37835
37835
37837
37837
37849
37921
37961
38017
38024
38064
38076
38081
38100
38108
38119
38138
38143
38169
38171
38175
38182
38184
38193
38207
38236
38262
38281
38301
38308
38321
38335
38368
38389
38393
38400
38481
38506
38516
38540
38544
38577
38595
38609
38647
38673
38702
38737
38747
38787
38795
38827
38834
38836
38837
38849
38873
38874
38899
38906
38912
38919
38934
38936
38975
38995
39001
39012
39028
39032
39047
39052
39058
39108
39144
39153
39163
39180
39202
39216
39233
39284
39294
39299
39301
39310
39337
39337
39358
39376
39383
39398
39427
39467
39542
39545
39609
39643
39653
39664
39671
39839
39845
39861
39873
39875
39892
39901
39925
39939
39943
39944
39947
39948
39956
39973
40005
40048
40066
40080
40115
40118
40122
40129
40141
40161
40162
40217
40225
40232
40234
40236
40236
40344
40363
40381
40383
40386
40414
40461
40497
40514
40534
40557
40614
40621
40626
40639
40644
40644
40710
40713
40721
40764
40802
40859
40897
40926
40948
40995
41043
41076
41085
41118
41120
41126
41133
41148
41172
41206
41232
41232
41241
41315
41317
41350
41356
41356
41451
41526
41538
41544
41546
41592
41604
41606
41611
41639
41660
41717
41728
41730
41773
41782
41783
41783
41810
41818
41844
41870
41884
41893
41925
41935
41963
41977
41986
41988
42051
42053
42095
42101
42105
42138
42171
42195
42196
42210
42210
42217
42243
42256
42284
42305
42353
42367
42415
42425
42430
42434
42480
42494
42520
42540
42572
42617
42637
42670
42692
42698
42706
42724
42742
42790
42792
42834
42838
42872
42879
42894
42911
42912
42914
42926
42946
42955
42973
43017
43038
43067
43085
43098
43101
43120
43120
43127
43177
43192
43250
43251
43285
43287
43358
43359
43377
43382
43402
43451
43469
43497
43509
43531
43531
43534
43535
43537
43539
43553
43563
43564
43566
43572
43608
43635
43642
43654
43663
43689
43699
43724
43735
43737
43757
43759
43772
43773
43786
43814
43818
43843
43856
43868
43896
43917
43927
43952
43961
43965
43970
43999
44002
44020
44039
44048
44071
44076
44077
44084
44130
44130
44132
44137
44144
44200
44231
44257
44289
44298
44332
44337
44345
44387
44396
44397
44403
44407
44412
44443
44450
44455
44458
44462
44482
44555
44563
44563
44572
44630
44649
44659
44717
44730
44747
44775
44779
44799
44803
44805
44872
44883
44939
44963
44970
44992
45006
45007
45057
45081
45099
45104
45193
45205
45208
45211
45256
45331
45360
45371
45418
45447
45528
45541
45569
45593
45635
45661
45680
45689
45775
45775
45795
45796
45804
45837
45839
45844
45858
45870
45891
45902
45921
45953
45977
46001
46003
46010
46030
46041
46048
46062
46081
46112
46182
46218
46231
46237
46286
46290
46309
46317
46318
46319
46382
46392
46401
46461
46477
46482
46494
46514
46526
46566
46569
46585
46618
46622
46658
46659
46687
46749
46752
46753
46759
46770
46784
46786
46796
46851
46862
46898
46916
46921
46924
46964
46964
47005
47015
47024
47036
47041
47074
47079
47091
47111
47113
47137
47140
47166
47184
47197
47204
47207
47232
47278
47286
47310
47317
47342
47366
47374
47377
47395
47396
47400
47409
47424
47429
47439
47440
47450
47468
47476
47493
47512
47529
47555
47557
47574
47581
47582
47597
47602
47612
47614
47618
47635
47637
47673
47687
47715
47753
47785
47787
47829
47839
47867
47867
47880
47889
47893
47928
47949
47958
47982
48053
48059
48080
48100
48124
48134
48136
48144
48175
48202
48204
48211
48263
48284
48286
48290
48315
48315
48356
48371
48381
48386
48406
48439
48459
48464
48530
48546
48712
48713
48725
48729
48749
48800
48804
48811
48827
48829
48835
48859
48877
48897
48912
48931
48938
48938
48967
49000
49002
49021
49037
49060
49068
49093
49104
49141
49147
49197
49209
49217
49256
49272
49282
49302
49346
49405
49425
49451
49493
49510
49518
49608
49658
49697
49712
49730
49747
49752
49770
49793
49804
49809
49853
49857
49867
49869
49898
49909
49929
49994
50005
50045
50076
50086
50116
50121
50144
50171
50242
50281
50290
50330
50338
50367
50400
50408
50417
50417
50441
50447
50463
50491
50493
50518
50527
50530
50546
50554
50556
50556
50568
50589
50622
50629
50654
50705
50754
50759
50869
50901
50902
50914
50927
50941
50947
50970
50972
50981
50999
51011
51066
51134
51135
51148
51165
51190
51198
51220
51225
51230
51288
51318
51362
51375
51375
51382
51389
51445
51446
51449
51476
51537
51554
51567
51579
51580
51607
51609
51609
51612
51613
51623
51631
51656
51661
51667
51672
51683
51716
51716
51756
51777
51813
51829
51863
51873
51875
51884
51889
51896
51911
51934
51974
51996
52009
52014
52068
52087
52090
52101
52190
52216
52240
52263
52284
52304
52321
52327
52328
52355
52359
52383
52397
52531
52538
52543
52551
52563
52572
52586
52593
52604
52670
52689
52738
52773
52774
52777
52801
52817
52894
52902
52905
52909
52947
52950
52958
52962
52991
52993
53004
53035
53053
53053
53055
53155
53160
53204
53214
53279
53279
53285
53290
53304
53317
53323
53332
53340
53353
53370
53371
53388
53427
53429
53476
53485
53485
53497
53512
53517
53551
53576
53579
53581
53584
53591
53615
53617
53656
53661
53728
53762
53762
53785
53793
53849
53854
53858
53862
53867
53922
53922
53922
53928
53950
54047
54062
54082
54108
54130
54145
54162
54164
54165
54200
54206
54215
54220
54224
54226
54230
54240
54260
54274
54277
54278
54295
54296
54341
54355
54383
54413
54423
54425
54441
54445
54478
54482
54484
54488
54506
54507
54510
54565
54571
54605
54619
54633
54692
54709
54710
54749
54774
54775
54788
54830
54832
55028
55034
55056
55075
55111
55149
55191
55205
55206
55214
55228
55234
55266
55278
55286
55326
55337
55350
55352
55387
55398
55399
55447
55466
55480
55498
55548
55582
55595
55597
55612
55688
55700
55726
55730
55751
55774
55826
55901
55906
55907
55916
55932
55933
55939
55999
56011
56026
56027
56055
56152
56161
56183
56189
56230
56232
56241
56272
56274
56368
56377
56385
56402
56403
56425
56448
56449
56464
56467
56470
56471
56473
56485
56494
56532
56548
56553
56597
56616
56662
56704
56720
56731
56731
56734
56745
56752
56755
56758
56780
56794
56803
56808
56811
56820
56823
56879
56896
56902
56982
56985
56996
57031
57038
57084
57103
57151
57159
57160
57201
57208
57235
57250
57293
57317
57323
57361
57366
57367
57388
57406
57474
57490
57513
57528
57530
57561
57572
57606
57608
57624
57648
57708
57719
57737
57746
57783
57820
57827
57875
57878
57882
57905
57914
57949
57971
58009
58024
58028
58040
58060
58071
58075
58076
58096
58105
58155
58162
58169
58189
58205
58253
58266
58293
58315
58320
58322
58335
58357
58404
58411
58417
58503
58519
58528
58533
58533
58558
58565
58573
58576
58618
58619
58628
58654
58689
58694
58694
58698
58713
58806
58863
58865
58870
58948
58957
58964
58992
58996
59005
59040
59069
59098
59108
59135
59181
59182
59223
59249
59267
59270
59282
59286
59294
59299
59323
59339
59348
59399
59421
59439
59468
59471
59489
59534
59545
59570
59602
59623
59643
59670
59671
59678
59689
59700
59714
59734
59736
59767
59770
59777
59788
59791
59827
59887
59892
59901
59901
59941
59952
59962
59977
59985
59986
59989
60002
60041
60070
60078
60090
60095
60164
60181
60216
60248
60267
60275
60288
60289
60301
60314
60319
60378
60384
60429
60471
60477
60497
60516
60524
60541
60543
60545
60557
60610
60640
60722
60724
60737
60738
60758
60772
60800
60812
60821
60833
60893
60968
60979
61006
61009
61014
61029
61044
61100
61115
61131
61139
61194
61213
61221
61258
61269
61275
61303
61309
61331
61335
61346
61362
61412
61442
61445
61448
61463
61519
61529
61548
61548
61574
61582
61608
61653
61668
61681
61692
61726
61742
61744
61766
61784
61802
61827
61885
61887
61904
61913
61921
61940
61957
61960
61984
62036
62092
62110
62116
62119
62138
62158
62169
62189
62212
62246
62266
62286
62298
62308
62334
62343
62350
62389
62396
62398
62453
62453
62457
62470
62498
62518
62521
62559
62560
62566
62566
62577
62591
62596
62643
62710
62715
62737
62789
62790
62795
62795
62842
62849
62877
62905
62909
62912
62914
62916
62931
62946
62947
62981
62987
62988
62999
63009
63009
63020
63030
63037
63043
63080
63090
63101
63101
63109
63162
63184
63221
63224
63233
63250
63277
63278
63355
63366
63368
63372
63401
63431
63435
63473
63511
63513
63519
63535
63537
63574
63580
63587
63597
63632
63679
63686
63694
63718
63735
63739
63758
63770
63784
63799
63839
63881
63900
63954
63958
63970
63997
64010
64048
64060
64061
64067
64087
64110
64204
64271
64292
64313
64321
64341
64343
64347
64453
64466
64472
64483
64487
64511
64528
64543
64548
64576
64661
64683
64688
64700
64706
64714
64726
64741
64760
64800
64823
64830
64855
64885
64903
64926
64980
65019
65033
65048
65062
65126
65133
65140
65142
65148
65170
65191
65201
65211
65235
65261
65265
65268
65298
65325
65332
65338
65356
65364
65393
65410
65443
65445
65475
65526
65539
65584
65623
65632
65636
65648
65663
65696
65703
65722
65723
65756
65763
65776
65795
65803
65820
65843
65851
65855
65888
65903
65905
65906
65937
65957
66033
66101
66171
66188
66220
66227
66229
66328
66357
66369
66385
66396
66458
66497
66507
66514
66515
66516
66539
66581
66585
66604
66624
66640
66657
66660
66664
66666
66676
66691
66718
66730
66731
66805
66860
66866
66910
66943
66949
66952
66957
66975
66979
66980
66999
67015
67025
67039
67075
67078
67083
67107
67117
67148
67177
67200
67202
67209
67267
67282
67299
67303
67313
67362
67372
67376
67377
67380
67381
67395
67400
67406
67435
67473
67475
67508
67542
67552
67576
67645
67653
67654
67684
67700
67726
67735
67745
67794
67812
67846
67910
67913
67918
67936
67937
67948
67987
68027
68040
68065
68091
68098
68105
68123
68124
68172
68173
68175
68201
68204
68205
68220
68236
68244
68244
68255
68293
68359
68370
68385
68396
68416
68433
68461
68478
68483
68532
68547
68549
68561
68578
68600
68605
68614
68659
68670
68703
68743
68765
68771
68801
68814
68846
68901
68964
68971
69032
69033
69058
69073
69099
69108
69131
69149
69174
69199
69214
69283
69292
69294
69302
69309
69362
69425
69458
69494
69526
69535
69537
69557
69614
69679
