48
124
244
263
542
542
598
811
959
1076
1121
1489
1513
1561
1632
1647
1656
1959
1971
2102
2122
2128
2172
2276
2280
2503
2541
2848
3041
3079
3225
3301
3389
3646
3841
4107
4191
4219
4329
4428
4663
4796
4833
4860
4980
5062
5100
5336
5402
5441
5614
5783
5820
5827
5850
5862
5893
5944
6133
6504
6581
6834
6905
6923
6991
7175
7346
7385
7556
7722
7784
7792
8035
8041
8074
8277
8473
8541
8610
8627
8674
8687
8908
8989
9125
9244
9315
9470
9632
9677
9839
9957
9958
9991
9993
10061
10102
10366
10817
10986
11122
11227
11622
11746
11837
11926
11978
11988
12110
12211
12322
12357
12658
12791
12842
13232
13817
13849
13963
13989
14066
14279
14297
14374
14515
14557
14747
14991
15023
15121
15218
15420
15463
15571
15595
15653
15668
15729
15877
15890
15894
16149
16241
16351
16535
17113
17209
17375
17453
17531
17639
17821
17873
18130
18177
18458
18595
18644
18809
19134
19651
19765
19773
19775
19775
19854
19933
20139
20364
20679
20695
20782
20863
20947
20979
21045
21277
21532
21534
21587
21665
22004
22087
22163
22236
22308
22581
22627
22646
22704
22745
22764
22970
23357
23845
24385
24430
24646
25026
25041
25097
25184
25194
25392
25421
25431
25591
25931
25976
26015
26083
26199
26239
26244
26268
26353
26903
27165
27172
27338
27531
27554
27569
27580
27591
27739
27808
27844
27985
28010
28058
28059
28191
28403
28662
28782
28823
28861
28912
28982
29028
29055
29257
29518
29593
29621
29632
29867
30003
30053
30179
30375
30512
30695
30731
30776
30813
30930
30995
31039
31084
31114
31156
31356
31417
31545
31668
31713
31723
31768
31890
31956
32033
32034
32048
32142
32239
32404
32580
32598
33119
33373
33377
33419
33430
33606
33781
33819
34007
34060
34096
34119
34238
34264
34271
34461
34559
34571
34659
34763
34899
34975
35071
35149
35238
35349
35356
35403
35676
35770
35816
35897
35913
35922
36023
36039
36219
36387
36468
36512
36626
36760
36818
36850
37002
37105
37202
37258
37286
37311
37373
37405
37652
37717
37980
38100
38232
38726
38913
39278
39344
39400
39592
39733
39736
39861
39916
40113
40282
40448
40458
40871
40879
40894
41007
41062
41548
41682
41905
41946
42081
42316
42418
42623
42894
43088
43214
43321
43756
43766
43802
43881
43899
44025
44453
44678
44807
44820
44824
44838
45156
45164
45198
45293
45509
45573
45900
45943
45988
46002
46168
46296
46359
46652
46725
46876
46880
46905
46922
47036
47337
47367
47493
47535
47565
47671
47676
47997
48046
48052
48088
48112
48153
48576
48577
48714
48796
48903
48915
48932
48975
49084
49333
49340
49419
49616
49858
49909
49960
50143
50393
50471
50569
50657
50740
50759
50773
50885
50958
51165
51313
51378
51379
51383
51434
51604
51659
51797
51841
51877
51913
51921
52057
52070
52114
52141
52201
52207
52281
52302
52336
52415
52508
52611
52689
52882
53012
53152
53386
53393
53437
53451
53979
54131
54146
54501
54531
54541
54596
54709
54744
54895
55000
55241
55320
55416
55755
55777
55972
56207
56445
56625
56725
57057
57143
57311
57441
57482
57491
57600
58025
58066
58337
58416
58480
58621
58806
58834
58903
58909
59222
59284
59315
59377
59380
59467
59589
59733
59770
59873
59947
59966
60099
60110
60547
60606
60740
60746
60850
60983
61084
61211
61329
61580
61635
61699
61733
62030
62052
62184
62228
62254
62465
62478
62681
62778
62889
62956
63169
63183
63399
63606
63983
63999
64031
64152
64368
64368
64381
64465
64484
64486
64497
64643
64703
65078
65082
65235
65242
65282
65297
65317
65350
65542
65705
65788
65897
66063
66147
66409
66638
66699
66947
67000
67083
67086
67127
67219
67318
68096
68100
68427
68666
68756
68774
68786
68916
68920
68980
69076
69114
69162
69244
69244
69266
69275
69293
69316
