18
32
87
88
185
194
214
255
288
308
321
363
390
437
441
453
469
584
594
600
636
649
651
698
707
710
739
813
838
841
860
863
966
969
981
1014
1014
1059
1061
1074
1081
1085
1120
1144
1176
1200
1255
1265
1269
1272
1363
1380
1380
1382
1389
1449
1455
1472
1584
1607
1651
1660
1669
1672
1676
1718
1786
1792
1825
1829
1838
1884
1896
1910
1968
1968
1986
1995
2087
2113
2196
2209
2282
2339
2426
2427
2434
2534
2561
2603
2615
2658
2682
2786
2788
2808
2824
2856
2869
2892
2899
2994
3000
3031
3036
3042
3047
3059
3095
3099
3119
3120
3127
3146
3177
3234
3236
3269
3322
3362
3368
3401
3475
3482
3595
3597
3598
3612
3632
3654
3672
3747
3750
3825
3874
3902
3956
3962
3971
4016
4045
4094
4139
4158
4196
4201
4224
4234
4303
4313
4318
4412
4432
4449
4460
4461
4481
4486
4555
4567
4598
4602
4654
4661
4688
4703
4708
4713
4727
4750
4755
4803
4834
4838
4839
4874
4903
4911
4921
4949
4951
4960
4980
4981
5011
5049
5087
5116
5130
5146
5146
5162
5172
5193
5238
5267
5270
5314
5317
5324
5332
5357
5401
5478
5480
5504
5506
5512
5558
5603
5627
5675
5705
5710
5722
5727
5746
5761
5767
5785
5810
5846
5878
5920
6013
6083
6122
6164
6250
6271
6277
6289
6299
6324
6330
6344
6346
6383
6402
6432
6464
6470
6478
6535
6621
6648
6648
6670
6684
6724
6729
6810
6840
6849
6883
6885
6895
6911
6922
6954
6972
7020
7021
7059
7076
7086
7090
7108
7117
7154
7189
7198
7207
7228
7273
7274
7303
7359
7373
7400
7413
7474
7476
7510
7526
7538
7616
7616
7663
7681
7700
7874
7959
7964
7977
7995
8013
8014
8031
8044
8093
8099
8108
8124
8207
8208
8210
8247
8250
8262
8289
8330
8378
8426
8451
8475
8581
8660
8661
8677
8678
8757
8792
8802
8808
8915
8927
9100
9120
9158
9213
9232
9361
9364
9370
9370
9451
9491
9575
9651
9658
9659
9764
9813
9830
9835
9839
9857
9932
9994
10032
10046
10061
10071
10129
10195
10204
10219
10414
10431
10433
10470
10519
10549
10556
10603
10661
10661
10670
10684
10690
10694
10698
10715
10785
10786
10790
10802
10833
10881
10895
10947
11061
11070
11078
11081
11092
11129
11136
11153
11161
11183
11192
11230
11238
11262
11262
11275
11330
11358
11375
11396
11402
11430
11484
11513
11527
11546
11567
11631
11666
11689
11692
11741
11798
11834
11839
11860
11892
11918
11945
11968
11981
12001
12002
12029
12044
12062
12102
12105
12111
12194
12195
12199
12215
12249
12270
12292
12324
12339
12343
12343
12401
12409
12445
12449
12452
12474
12475
12477
12495
12582
12599
12608
12636
12676
12790
12796
12819
12841
12842
12861
12975
13004
13013
13026
13048
13049
13156
13175
13185
13195
13206
13259
13272
13273
13282
13286
13286
13292
13312
13322
13335
13345
13395
13474
13497
13507
13512
13519
13576
13584
13594
13616
13652
13653
13656
13660
13679
13687
13698
13732
13823
13850
13857
13877
13915
13923
13926
13930
13947
13990
13992
14014
14052
14080
14091
14101
14156
14189
14207
14296
14310
14401
14482
14524
14538
14544
14571
14594
14647
14660
14683
14696
14713
14715
14735
14742
14829
14843
14844
14860
14864
14893
14909
14922
14922
14930
14992
15025
15081
15090
15095
15115
15122
15178
15180
15226
15275
15316
15343
15420
15425
15467
15497
15505
15542
15560
15567
15581
15625
15640
15693
15707
15785
15810
15824
15826
15835
15838
15888
15942
15949
15962
15982
16071
16079
16132
16156
16176
16191
16218
16221
16250
16260
16291
16373
16397
16403
16421
16454
16484
16492
16493
16500
16583
16604
16632
16638
16691
16715
16815
16829
16835
16845
16856
16857
16944
16954
16965
16983
17041
17051
17061
17076
17088
17157
17188
17227
17298
17365
17371
17403
17407
17423
17424
17428
17446
17447
17469
17496
17501
17501
17530
17531
17543
17617
17651
17659
17664
17719
17745
17765
17765
17803
17804
17868
17931
17949
17971
17974
17978
17980
18015
18058
18076
18079
18093
18139
18144
18158
18203
18213
18217
18229
18248
18258
18258
18261
18293
18317
18321
18330
18344
18347
18363
18365
18366
18371
18471
18490
18529
18619
18621
18640
18654
18723
18733
18803
18814
18830
18839
18873
18910
18959
18961
18996
19038
19075
19080
19094
19140
19184
19226
19230
19236
19249
19348
19409
19446
19465
19486
19506
19510
19515
19533
19565
19573
19580
19599
19649
19665
19688
19699
19702
19705
19720
19818
19819
19828
19884
19947
19951
20017
20026
20030
20035
20041
20059
20088
20114
20178
20188
20214
20217
20229
20242
20271
20274
20307
20312
20344
20358
20414
20415
20443
20450
20484
20507
20533
20556
20600
20609
20616
20619
20652
20665
20678
20730
20746
20782
20791
20841
20896
20914
20933
20999
21013
21018
21037
21039
21043
21095
21098
21102
21115
21162
21228
21446
21452
21456
21470
21481
21549
21567
21570
21582
21608
21614
21638
21657
21709
21711
21793
21878
21910
22021
22026
22056
22103
22128
22145
22184
22184
22191
22218
22242
22246
22302
22322
22333
22410
22449
22506
22512
22515
22527
22541
22580
22593
22611
22612
22620
22677
22708
22735
22746
22750
22766
22813
22821
22853
22877
22884
22904
22911
22949
22968
22981
23051
23053
23081
23096
23112
23129
23185
23195
23219
23234
23243
23244
23246
23250
23312
23414
23446
23471
23475
23530
23552
23593
23594
23614
23627
23689
23766
23792
23821
23829
23844
23887
23901
23942
23956
24000
24034
24050
24072
24083
24098
24113
24145
24204
24232
24270
24275
24295
24366
24434
24435
24442
24462
24474
24493
24504
24564
24602
24652
24665
24686
24699
24715
24745
24755
24761
24769
24802
24809
24825
24845
24880
24894
24897
24900
24919
24926
25032
25042
25076
25095
25108
25124
25207
25256
25303
25306
25308
25309
25365
25379
25389
25459
25459
25569
25599
25642
25650
25653
25709
25712
25726
25745
25781
25808
25883
25938
25969
25979
25995
26042
26130
26134
26141
26144
26150
26205
26272
26275
26286
26315
26320
26325
26330
26364
26391
26445
26518
26531
26560
26621
26676
26678
26680
26731
26744
26769
26771
26782
26867
26891
26895
26951
26955
27020
27035
27112
27130
27208
27213
27217
27254
27281
27350
27453
27469
27512
27534
27542
27553
27554
27556
27623
27632
27656
27676
27763
27842
27850
27889
27903
27958
28001
28090
28117
28162
28167
28211
28215
28261
28280
28298
28306
28315
28352
28376
28452
28464
28573
28578
28605
28661
28664
28679
28702
28712
28777
28840
28851
28887
28918
28930
28985
29019
29023
29034
29038
29038
29096
29173
29221
29287
29294
29306
29313
29432
29480
29495
29528
29533
29545
29607
29665
29680
29697
29746
29782
29793
29800
29804
29820
29867
29867
29904
29967
29993
30004
30038
30042
30110
30115
30150
30168
30174
30186
30193
30196
30196
30198
30199
30249
30259
30266
30293
30326
30339
30357
30364
30391
30432
30435
30436
30444
30458
30470
30515
30522
30572
30635
30664
30703
30712
30717
30734
30742
30785
30804
30818
30892
30897
30899
30949
31023
31062
31065
31103
31113
31150
31171
31284
31294
31333
31392
31440
31507
31625
31628
31633
31641
31655
31695
31715
31717
31717
31835
31845
31852
31861
31993
32005
32022
32049
32101
32144
32150
32190
32194
32225
32462
32466
32472
32473
32499
32552
32598
32648
32665
32673
32683
32694
32701
32761
32788
32813
32816
32820
32824
32830
32837
32853
32878
32891
32894
32905
32958
32989
32991
33011
33014
33051
33069
33101
33207
33221
33227
33235
33250
33335
33348
33388
33403
33409
33498
33515
33517
33538
33562
33587
33588
33624
33649
33652
33660
33688
33706
33718
33730
33774
33799
33850
33883
33891
33904
33926
33938
33961
33977
33978
33985
34003
34059
34073
34103
34139
34144
34162
34239
34239
34266
34296
34299
34326
34361
34372
34393
34425
34446
34460
34534
34557
34558
34568
34585
34602
34635
34639
34658
34745
34760
34770
34770
34772
34800
34830
34854
34864
34868
34874
34877
34886
34888
34924
34933
34958
34976
34996
35027
35044
35058
35069
35086
35103
35122
35129
35130
35150
35183
35207
35207
35304
35353
35417
35469
35478
35494
35525
35574
35592
35636
35666
35749
35795
35809
35858
35911
35925
36046
36056
36077
36109
36122
36143
36179
36195
36201
36203
36235
36239
36251
36267
36273
36297
36298
36344
36367
36387
36393
36399
36408
36441
36527
36543
36582
36662
36683
36719
36788
36816
36826
36875
36890
36905
36933
37014
37143
37144
37209
37246
37264
37283
37288
37292
37386
37399
37413
37441
37462
37464
37509
37565
37579
37611
37627
37643
37688
37732
37735
37737
37756
37780
37784
37805
37845
37860
37937
37975
37979
37981
38019
38045
38101
38108
38134
38136
38190
38233
38254
38260
38281
38369
38384
38427
38432
38480
38542
38559
38598
38628
38636
38647
38675
38729
38739
38747
38811
38812
38853
38874
38917
38943
38953
39003
39058
39092
39115
39129
39169
39210
39215
39217
39245
39253
39254
39258
39260
39298
39319
39321
39362
39374
39381
39481
39508
39571
39573
39584
39672
39673
39682
39731
39750
39778
39797
39868
39909
39985
39989
40020
40025
40103
40144
40230
40242
40257
40279
40289
40311
40312
40318
40348
40374
40394
40401
40405
40415
40449
40484
40491
40491
40564
40605
40613
40624
40641
40652
40667
40668
40678
40704
40755
40759
40769
40771
40813
40817
40833
40913
40927
40974
41002
41022
41072
41145
41260
41263
41278
41336
41352
41388
41434
41457
41463
41499
41511
41525
41543
41605
41629
41653
41664
41718
41743
41744
41768
41770
41797
41823
41833
41852
41873
41899
41922
41927
41947
41980
41987
42006
42010
42019
42041
42105
42137
42168
42182
42183
42242
42248
42312
42316
42378
42386
42426
42456
42459
42541
42551
42564
42582
42608
42610
42674
42704
42708
42909
42910
42955
42959
43020
43033
43045
43081
43094
43125
43207
43268
43319
43372
43388
43410
43456
43456
43468
43478
43478
43494
43506
43541
43547
43561
43614
43630
43633
43651
43653
43739
43747
43754
43802
43828
43841
43909
43972
43980
44004
44012
44015
44018
44033
44073
44076
44143
44156
44175
44185
44192
44203
44222
44223
44230
44371
44475
44554
44584
44615
44674
44714
44747
44828
44860
44869
44877
44878
44910
44912
44920
45013
45020
45027
45156
45205
45222
45255
45324
45334
45396
45435
45443
45490
45504
45514
45515
45521
45533
45550
45589
45602
45631
45644
45645
45651
45657
45657
45673
45794
45798
45854
45877
45905
45937
45973
46002
46007
46009
46027
46055
46080
46192
46194
46235
46342
46365
46369
46369
46441
46456
46464
46509
46548
46575
46584
46587
46639
46654
46672
46673
46710
46720
46744
46747
46782
46898
46907
46947
46951
46964
46966
47033
47041
47277
47280
47299
47314
47332
47362
47365
47394
47425
47460
47526
47545
47549
47553
47584
47624
47654
47668
47669
47684
47712
47715
47723
47726
47729
47802
47825
47884
47914
47978
47988
47996
48005
48029
48085
48099
48099
48165
48193
48195
48232
48264
48304
48352
48371
48406
48426
48428
48432
48441
48530
48536
48539
48698
48772
48784
48809
48870
48875
48899
48931
48957
48968
49015
49042
49051
49059
49065
49068
49069
49121
49140
49182
49237
49245
49245
49289
49292
49317
49322
49393
49395
49410
49418
49539
49562
49588
49621
49628
49667
49700
49706
49716
49734
49742
49759
49776
49776
49784
49816
49824
49825
49875
49887
49911
49929
49951
49990
49990
50051
50134
50155
50234
50234
50305
50365
50372
50448
50454
50464
50470
50475
50484
50488
50607
50644
50648
50667
50716
50736
50751
50790
50811
50869
50909
50927
50930
50951
50966
50971
51003
51026
51031
51078
51177
51187
51188
51197
51202
51255
51306
51331
51345
51347
51364
51382
51409
51447
51493
51509
51542
51602
51606
51612
51613
51638
51649
51654
51680
51846
51848
51854
51854
51882
51886
51921
51936
52077
52139
52145
52159
52176
52225
52236
52238
52244
52259
52282
52321
52330
52371
52408
52427
52439
52471
52482
52488
52492
52516
52525
52538
52684
52698
52713
52742
52754
52794
52798
52842
52848
52861
52863
52892
52949
52987
52988
53073
53129
53134
53170
53176
53223
53240
53255
53270
53276
53285
53313
53350
53354
53371
53389
53406
53413
53444
53458
53496
53504
53506
53520
53553
53573
53650
53675
53742
53751
53759
53810
53814
53820
53847
53862
53876
53876
53882
53891
53904
53927
53947
53971
53986
53991
54035
54081
54102
54137
54146
54153
54194
54204
54298
54302
54309
54403
54419
54453
54455
54483
54487
54513
54516
54526
54529
54536
54554
54564
54585
54590
54613
54622
54639
54651
54657
54687
54763
54768
54920
55006
55053
55089
55103
55138
55147
55193
55225
55340
55344
55352
55375
55396
55399
55413
55436
55457
55496
55526
55534
55538
55593
55597
55645
55678
55681
55691
55703
55715
55749
55783
55789
55807
55846
55849
55878
55881
55901
55912
55940
55960
55965
55999
56037
56041
56050
56054
56102
56134
56142
56189
56198
56208
56211
56232
56233
56246
56308
56319
56368
56378
56448
56458
56481
56487
56494
56497
56532
56538
56541
56587
56597
56611
56651
56676
56738
56763
56820
56863
56876
56885
56899
56936
56955
56963
57047
57071
57122
57144
57167
57196
57209
57231
57254
57266
57318
57339
57410
57415
57423
57455
57491
57505
57557
57573
57577
57602
57609
57611
57614
57624
57633
57659
57668
57672
57677
57758
57776
57779
57797
57831
57853
57866
57909
57950
58034
58047
58087
58106
58107
58126
58153
58162
58164
58194
58235
58287
58404
58445
58473
58535
58560
58614
58639
58703
58728
58767
58829
58851
58853
58863
58876
58882
58891
58976
58998
59012
59095
59187
59207
59266
59275
59411
59430
59434
59497
59533
59540
59579
59610
59628
59632
59659
59659
59703
59740
59741
59745
59788
59864
59878
59948
59975
59983
60019
60044
60113
60167
60169
60188
60213
60242
60255
60283
60292
60301
60305
60308
60312
60317
60325
60340
60354
60368
60463
60482
60513
60525
60537
60544
60552
60568
60592
60593
60613
60619
60622
60648
60650
60677
60718
60772
60813
60838
60842
60862
60862
60863
60875
60890
60938
60942
60947
60996
61061
61081
61111
61142
61143
61210
61216
61228
61263
61268
61344
61349
61424
61424
61455
61467
61472
61477
61483
61494
61510
61510
61522
61568
61571
61604
61611
61670
61681
61725
61779
61814
61850
61859
61953
62033
62034
62069
62112
62116
62134
62134
62161
62175
62182
62211
62236
62283
62284
62302
62400
62422
62425
62464
62523
62536
62559
62566
62591
62603
62604
62605
62682
62709
62754
62777
62854
62855
62857
62871
62915
62935
62946
62997
63030
63047
63048
63068
63077
63108
63162
63213
63266
63278
63296
63301
63313
63328
63335
63367
63391
63394
63397
63408
63467
63578
63616
63623
63625
63637
63648
63648
63779
63781
63840
63846
63854
63889
63898
63949
63970
63974
64022
64047
64067
64085
64115
64125
64146
64164
64233
64283
64319
64334
64361
64497
64592
64604
64622
64626
64667
64702
64720
64737
64745
64803
64803
64824
64834
64834
64997
65029
65055
65060
65076
65096
65188
65199
65208
65277
65290
65293
65337
65349
65368
65406
65532
65571
65572
65646
65682
65721
65726
65754
65763
65769
65835
65842
65875
65944
65949
65965
66027
66039
66074
66085
66130
66153
66196
66238
66263
66308
66309
66367
66379
66385
66395
66397
66406
66410
66523
66580
66597
66652
66738
66781
66835
66837
66843
66901
66945
66958
67020
67069
67079
67104
67124
67137
67202
67204
67342
67363
67394
67428
67457
67498
67499
67506
67599
67601
67609
67647
67674
67804
67819
67826
67850
67912
67927
67948
67960
67982
68009
68038
68048
68058
68095
68143
68146
68174
68200
68201
68274
68275
68277
68300
68340
68348
68435
68456
68508
68513
68564
68620
68621
68705
68740
68757
68896
68972
68980
69002
69011
69017
69042
69052
69056
69067
69085
69117
69139
69147
69164
69178
69190
69232
69296
69350
69366
69420
69442
69462
69462
69466
69474
69493
69510
69536
69617
69661
69674
69681
69713
69713
