1
3
5
29
59
61
62
75
84
90
98
109
110
123
125
128
131
143
153
171
173
174
179
190
197
197
198
202
208
251
266
269
274
275
276
290
296
302
311
312
314
320
333
333
337
342
348
355
355
360
371
372
387
388
396
402
405
405
406
407
412
415
422
424
428
435
437
452
459
474
477
482
486
496
497
501
510
520
527
533
546
550
551
554
563
586
593
593
600
607
611
612
615
616
619
623
632
632
633
635
657
692
695
707
718
719
722
725
730
748
749
758
764
767
768
771
786
790
803
805
813
820
834
843
844
848
877
887
921
924
955
958
966
969
992
993
996
1003
1004
1030
1031
1044
1045
1060
1079
1082
1084
1094
1119
1123
1125
1163
1169
1173
1176
1176
1195
1203
1212
1214
1225
1230
1240
1241
1242
1260
1271
1281
1286
1302
1304
1310
1315
1317
1317
1343
1352
1356
1362
1363
1364
1367
1371
1377
1387
1387
1388
1392
1392
1394
1397
1402
1416
1441
1456
1462
1475
1486
1487
1496
1521
1524
1526
1531
1533
1541
1550
1562
1565
1576
1577
1580
1584
1587
1607
1623
1639
1643
1645
1648
1672
1687
1705
1714
1723
1737
1749
1756
1760
1771
1805
1808
1808
1812
1819
1820
1823
1828
1833
1846
1856
1864
1868
1872
1873
1888
1896
1897
1911
1920
1921
1922
1923
1925
1939
1943
1944
1945
1946
1948
1950
1959
1959
1964
1972
1974
1987
1990
1995
2040
2042
2050
2057
2059
2061
2061
2097
2098
2099
2100
2100
2102
2103
2111
2136
2136
2159
2160
2172
2178
2178
2185
2210
2219
2238
2240
2246
2246
2291
2300
2305
2308
2317
2319
2320
2325
2331
2331
2337
2339
2358
2360
2368
2370
2373
2385
2387
2390
2395
2409
2420
2428
2445
2450
2455
2456
2458
2468
2469
2475
2495
2495
2520
2521
2532
2540
2550
2553
2560
2565
2578
2590
2595
2600
2605
2611
2620
2622
2634
2637
2639
2643
2665
2673
2679
2683
2688
2712
2726
2744
2768
2776
2791
2793
2797
2810
2813
2813
2826
2851
2855
2862
2863
2866
2870
2877
2883
2886
2887
2900
2912
2916
2922
2929
2933
2964
2968
2970
2970
2972
2974
3000
3009
3014
3022
3035
3035
3035
3044
3045
3051
3059
3063
3065
3070
3085
3095
3099
3099
3104
3124
3146
3150
3158
3160
3160
3165
3167
3173
3189
3192
3226
3237
3238
3239
3240
3250
3269
3273
3292
3296
3338
3343
3347
3358
3359
3367
3377
3381
3383
3411
3436
3467
3468
3468
3471
3476
3487
3504
3508
3529
3539
3543
3564
3569
3570
3571
3581
3588
3597
3598
3617
3621
3632
3662
3672
3673
3677
3688
3692
3699
3725
3736
3740
3748
3751
3753
3755
3756
3796
3797
3799
3803
3811
3812
3828
3854
3861
3868
3869
3875
3877
3878
3880
3893
3901
3905
3914
3916
3917
3926
3936
3938
3947
3958
3963
3967
3970
3971
3971
3983
4012
4018
4034
4053
4060
4061
4065
4084
4091
4094
4096
4112
4123
4124
4125
4130
4140
4151
4158
4162
4213
4215
4227
4229
4230
4237
4240
4247
4263
4264
4264
4279
4293
4298
4298
4303
4305
4309
4313
4313
4315
4315
4316
4320
4321
4328
4337
4343
4346
4353
4358
4362
4368
4380
4389
4433
4451
4463
4466
4470
4474
4475
4483
4487
4490
4496
4499
4502
4506
4518
4523
4541
4544
4544
4546
4552
4572
4576
4578
4587
4593
4594
4626
4626
4627
4646
4650
4665
4672
4682
4687
4693
4696
4702
4706
4707
4757
4758
4759
4760
4765
4770
4771
4780
4786
4790
4790
4798
4801
4806
4811
4832
4850
4853
4854
4865
4865
4882
4886
4892
4915
4952
4958
4969
4976
4984
4988
5007
5019
5021
5022
5027
5042
5042
5043
5065
5074
5089
5090
5091
5110
5111
5121
5121
5121
5130
5141
5149
5158
5160
5167
5170
5178
5182
5182
5186
5199
5203
5203
5213
5220
5229
5240
5244
5266
5268
5269
5271
5274
5282
5288
5299
5311
5316
5325
5335
5352
5355
5367
5387
5400
5409
5420
5427
5430
5430
5437
5445
5448
5456
5482
5483
5485
5498
5506
5506
5523
5526
5539
5539
5545
5549
5564
5574
5581
5581
5588
5594
5613
5627
5631
5638
5653
5654
5656
5663
5664
5677
5678
5693
5696
5709
5709
5730
5739
5740
5748
5757
5788
5788
5800
5802
5805
5811
5817
5826
5852
5857
5857
5858
5861
5869
5875
5883
5886
5891
5896
5897
5923
5927
5939
5944
5945
5948
5961
5963
5965
5983
5986
5987
5991
6012
6037
6040
6044
6050
6052
6055
6067
6081
6091
6105
6107
6109
6121
6127
6128
6129
6147
6156
6160
6174
6177
6187
6190
6202
6209
6221
6246
6249
6257
6261
6263
6276
6278
6280
6281
6282
6303
6309
6309
6333
6363
6375
6377
6394
6407
6409
6421
6453
6453
6462
6462
6466
6483
6501
6502
6502
6504
6522
6522
6533
6537
6542
6550
6553
6564
6569
6575
6575
6575
6577
6584
6590
6590
6593
6594
6604
6617
6634
6636
6645
6645
6648
6649
6650
6660
6664
6667
6684
6701
6719
6726
6740
6741
6742
6754
6763
6778
6780
6784
6786
6811
6812
6821
6821
6825
6827
6830
6833
6843
6844
6844
6856
6859
6866
6873
6875
6895
6900
6901
6905
6911
6918
6919
6946
6953
6953
6954
6954
6963
6972
6975
6993
7003
7004
7024
7024
7029
7029
7058
7066
7073
7081
7086
7114
7116
7117
7117
7118
7118
7125
7129
7132
7148
7172
7183
7196
7198
7211
7215
7226
7236
7252
7260
7263
7264
7265
7267
7274
7299
7310
7326
7327
7358
7363
7397
7400
7404
7416
7417
7421
7423
7425
7429
7440
7446
7447
7447
7448
7458
7466
7480
7487
7488
7498
7503
7508
7511
7512
7523
7525
7527
7539
7545
7550
7565
7581
7593
7602
7603
7609
7613
7622
7624
7645
7652
7660
7665
7671
7677
7677
7682
7690
7711
7738
7757
7761
7762
7762
7775
7789
7791
7801
7803
7840
7852
7864
7874
7877
7885
7887
7895
7899
7903
7911
7915
7935
7942
7949
7954
7958
7959
7968
7985
7991
8014
8022
8028
8029
8034
8035
8049
8055
8059
8060
8085
8093
8111
8111
8117
8134
8135
8138
8142
8156
8156
8162
8167
8168
8177
8181
8193
8205
8225
8244
8246
8249
8270
8285
8288
8301
8304
8307
8327
8332
8333
8338
8340
8345
8347
8352
8357
8365
8367
8367
8382
8385
8387
8394
8401
8406
8408
8412
8417
8418
8433
8442
8450
8459
8465
8467
8474
8489
8491
8497
8501
8511
8511
8526
8539
8545
8549
8552
8556
8564
8582
8605
8613
8613
8639
8643
8651
8657
8657
8660
8661
8662
8663
8668
8669
8673
8676
8689
8691
8693
8698
8701
8703
8709
8735
8738
8740
8743
8746
8753
8768
8769
8773
8780
8787
8787
8808
8817
8819
8844
8849
8855
8859
8865
8868
8873
8891
8905
8912
8927
8929
8950
8952
8954
8954
8964
8970
8973
8982
8986
8992
9000
9018
9025
9042
9055
9063
9064
9076
9094
9098
9103
9128
9129
9133
9145
9165
9166
9168
9172
9177
9187
9208
9210
9215
9237
9252
9259
9288
9290
9298
9301
9306
9344
9347
9350
9350
9354
9370
9382
9386
9391
9406
9415
9415
9416
9416
9427
9434
9446
9450
9455
9457
9458
9463
9463
9473
9511
9512
9519
9519
9535
9537
9543
9545
9563
9570
9576
9584
9604
9605
9617
9630
9636
9637
9639
9641
9642
9659
9659
9663
9664
9664
9675
9676
9685
9689
9693
9732
9734
9747
9752
9754
9759
9761
9763
9765
9773
9773
9779
9782
9792
9794
9802
9809
9820
9832
9835
9850
9861
9865
9868
9875
9876
9880
9884
9889
9915
9921
9923
9938
9957
9957
9968
9971
9974
9976
10000
10003
10012
10015
10017
10018
10025
10032
10032
10039
10039
10045
10045
10049
10058
10074
10089
10090
10098
10109
10125
10128
10130
10135
10136
10142
10150
10156
10168
10173
10180
10194
10204
10209
10218
10222
10226
10227
10231
10236
10238
10259
10267
10269
10272
10282
10292
10305
10308
10311
10315
10318
10326
10341
10341
10366
10378
10381
10404
10412
10415
10419
10427
10428
10429
10431
10448
10456
10476
10477
10478
10480
10483
10487
10487
10496
10500
10511
10511
10515
10522
10538
10538
10546
10553
10556
10556
10566
10572
10579
10592
10605
10607
10609
10619
10620
10624
10627
10629
10630
10642
10647
10658
10675
10679
10679
10680
10688
10688
10689
10695
10700
10704
10705
10711
10713
10714
10716
10731
10732
10734
10736
10738
10738
10745
10752
10754
10756
10760
10777
10815
10829
10842
10848
10851
10852
10853
10857
10872
10874
10890
10895
10900
10908
10912
10917
10918
10919
10920
10923
10926
10931
10937
10944
10960
10961
10963
10971
10973
10979
10984
10994
10998
11033
11037
11059
11092
11093
11113
11122
11124
11137
11145
11148
11150
11167
11169
11198
11212
11213
11214
11215
11216
11218
11238
11241
11243
11254
11263
11269
11279
11287
11293
11300
11323
11324
11328
11348
11357
11369
11371
11372
11399
11407
11415
11432
11434
11462
11463
11470
11474
11477
11483
11483
11488
11496
11498
11503
11503
11504
11518
11529
11548
11551
11554
11558
11560
11567
11587
11608
11623
11627
11635
11638
11679
11687
11707
11710
11713
11716
11718
11725
11730
11733
11733
11740
11746
11757
11759
11763
11780
11781
11820
11824
11826
11827
11830
11833
11833
11839
11839
11840
11848
11857
11857
11858
11860
11863
11871
11871
11872
11880
11886
11900
11906
11910
11916
11944
11968
11979
11987
11989
12006
12009
12019
12030
12041
12042
12065
12071
12072
12073
12085
12085
12088
12102
12105
12114
12114
12125
12132
12144
12154
12162
12162
12165
12172
12173
12206
12213
12214
12235
12237
12243
12251
12285
12289
12290
12294
12302
12302
12303
12309
12312
12315
12324
12326
12331
12335
12335
12336
12337
12345
12346
12347
12361
12376
12389
12411
12412
12422
12433
12444
12456
12460
12468
12474
12480
12484
12500
12511
12514
12532
12538
12549
12560
12560
12563
12569
12571
12587
12592
12593
12599
12600
12606
12610
12619
12623
12625
12627
12635
12642
12671
12673
12673
12677
12678
12678
12679
12683
12686
12689
12691
12698
12707
12727
12743
12752
12762
12769
12781
12789
12801
12806
12807
12819
12820
12832
12844
12852
12855
12855
12858
12863
12873
12874
12875
12876
12877
12914
12918
12921
12932
12935
12941
12942
12958
12962
12964
12965
12971
12980
12981
13005
13019
13021
13030
13038
13039
13039
13046
13047
13061
13076
13095
13103
13114
13118
13119
13130
13133
13138
13139
13148
13154
13155
13157
13159
13182
13192
13194
13205
13205
13242
13265
13289
13291
13298
13309
13314
13314
13322
13327
13352
13354
13362
13370
13384
13394
13401
13409
13430
13444
13464
13466
13468
13470
13471
13475
13481
13483
13484
13490
13501
13503
13507
13513
13516
13523
13532
13536
13542
13547
13554
13563
13585
13588
13589
13599
13607
13614
13621
13623
13629
13636
13641
13642
13645
13647
13648
13650
13651
13653
13658
13658
13659
13669
13674
13678
13695
13695
13699
13701
13702
13706
13711
13728
13734
13736
13740
13740
13748
13753
13761
13769
13773
13780
13798
13809
13816
13823
13825
13837
13848
13849
13851
13858
13869
13882
13899
13902
13903
13906
13910
13911
13923
13926
13930
13931
13935
13938
13956
13959
13961
13962
13963
13964
13966
13990
13990
13991
14008
14014
14018
14018
14056
14062
14066
14074
14078
14082
14083
14085
14095
14097
14097
14105
14108
14113
14116
14121
14122
14143
14146
14162
14177
14178
14182
14185
14188
14193
14198
14200
14201
14214
14221
14226
14226
14234
14238
14239
14267
14283
14283
14294
14300
14307
14314
14332
14342
14343
14350
14353
14354
14354
14363
14381
14393
14406
14424
14431
14436
14437
14441
14445
14447
14458
14464
14465
14467
14467
14470
14486
14488
14488
14496
14499
14514
14515
14518
14519
14519
14527
14533
14536
14546
14549
14556
14560
14570
14574
14578
14585
14596
14602
14605
14607
14617
14627
14666
14672
14673
14677
14679
14686
14703
14709
14713
14718
14722
14727
14732
14735
14743
14753
14759
14767
14768
14791
14799
14810
14846
14847
14853
14853
14859
14866
14890
14896
14905
14938
14945
14952
14963
14970
14972
14988
15016
15032
15032
15035
15035
15062
15063
15069
15082
15083
15083
15088
15092
15098
15102
15106
15124
15126
15130
15141
15141
15142
15143
15145
15169
15178
15185
15209
15221
15273
15287
15304
15311
15329
15338
15354
15362
15364
15367
15383
15387
15387
15389
15395
15409
15411
15431
15433
15443
15453
15458
15476
15482
15482
15500
15520
15536
15536
15536
15539
15544
15562
15563
15574
15578
15579
15581
15582
15588
15603
15610
15622
15625
15634
15635
15652
15657
15662
15663
15672
15674
15678
15679
15688
15697
15697
15698
15700
15700
15707
15711
15715
15718
15770
15791
15802
15802
15814
15815
15821
15830
15831
15831
15832
15834
15839
15845
15845
15851
15870
15873
15874
15883
15887
15901
15903
15911
15913
15931
15934
15938
15939
15945
15947
15947
15955
15956
15963
15969
15969
15976
15989
15993
15996
16006
16020
16020
16024
16036
16040
16042
16051
16060
16060
16065
16066
16067
16083
16086
16099
16104
16119
16122
16125
16127
16135
16138
16150
16152
16161
16208
16210
16211
16213
16224
16224
16231
16236
16242
16253
16256
16284
16289
16290
16317
16341
16344
16373
16380
16388
16396
16401
16410
16411
16414
16423
16424
16426
16439
16469
16483
16484
16489
16507
16524
16533
16534
16535
16562
16568
16570
16586
16590
16616
16622
16628
16633
16639
16639
16644
16653
16659
16687
16689
16693
16696
16699
16727
16731
16736
16740
16750
16754
16768
16781
16796
16797
16802
16811
16814
16822
16825
16829
16840
16843
16849
16853
16866
16866
16872
16877
16889
16894
16900
16903
16908
16912
16918
16923
16923
16924
16933
16935
16936
16947
16956
16968
16976
16987
16991
16991
16992
16997
16998
17005
17031
17039
17040
17044
17047
17050
17051
17069
17084
17086
17102
17102
17107
17110
17112
17114
17115
17117
17121
17129
17149
17163
17164
17200
17203
17207
17213
17219
17227
17227
17227
17236
17237
17243
17244
17245
17256
17269
17275
17298
17327
17337
17355
17400
17404
17414
17415
17415
17415
17419
17421
17426
17430
17435
17449
17456
17456
17467
17472
17474
17479
17482
17483
17491
17499
17505
17506
17511
17532
17534
17544
17552
17554
17577
17577
17579
17589
17600
17630
17632
17637
17648
17659
17662
17663
17668
17668
17672
17677
17693
17693
17699
17707
17707
17711
17721
17729
17735
17736
17739
17739
17749
17749
17751
17751
17758
17761
17764
17769
17794
17799
17801
17816
17823
17846
17849
17852
17879
17884
17889
17890
17900
17902
17905
17916
17916
17943
17948
17956
17966
17970
17972
17972
17973
17980
17981
17984
17984
17986
18000
18009
18013
18017
18042
18047
18051
18052
18057
18061
18069
18085
18087
18105
18117
18142
18148
18148
18153
18158
18175
18178
18186
18187
18202
18214
18215
18218
18251
18267
18284
18312
18319
18323
18326
18328
18330
18331
18332
18333
18333
18336
18368
18371
18372
18378
18383
18386
18391
18396
18399
18402
18422
18436
18452
18461
18469
18473
18473
18498
18515
18516
18524
18531
18539
18548
18551
18552
18565
18567
18572
18575
18575
18587
18598
18599
18602
18608
18614
18614
18646
18663
18676
18683
18689
18709
18723
18751
18758
18766
18777
18778
18788
18800
18817
18819
18825
18841
18853
18864
18875
18887
18891
18899
18902
18903
18911
18941
18947
18953
18963
18969
18982
19000
19018
19024
19028
19029
19054
19068
19069
19087
19088
19093
19096
19116
19125
19128
19131
19145
19154
19158
19166
19171
19190
19201
19237
19241
19265
19276
19277
19278
19290
19295
19304
19315
19317
19320
19331
19335
19365
19365
19366
19380
19383
19386
19410
19420
19423
19431
19450
19457
19463
19465
19473
19488
19505
19509
19518
19520
19533
19535
19537
19543
19547
19552
19554
19555
19555
19557
19563
19568
19590
19591
19591
19604
19621
19625
19633
19635
19644
19647
19651
19652
19653
19654
19660
19660
19665
19671
19672
19674
19676
19689
19702
19707
19721
19725
19735
19751
19755
19758
19762
19768
19787
19795
19796
19797
19809
19812
19813
19822
19828
19834
19839
19840
19846
19848
19853
19858
19866
19870
19875
19880
19894
19900
19906
19911
19916
19920
19928
19981
19982
19982
19983
19986
19989
19991
20003
20003
20014
20021
20022
20022
20030
20034
20035
20038
20059
20065
20073
20075
20076
20086
20087
20090
20121
20129
20137
20140
20141
20146
20155
20164
20171
20190
20194
20207
20222
20223
20251
20252
20254
20262
20277
20279
20297
20311
20320
20321
20321
20323
20331
20332
20336
20341
20346
20350
20372
20382
20392
20396
20396
20398
20405
20408
20411
20427
20455
20459
20471
20479
20486
20496
20504
20518
20518
20519
20523
20539
20543
20553
20556
20557
20560
20563
20571
20579
20593
20631
20635
20636
20636
20648
20660
20665
20682
20684
20686
20703
20708
20717
20722
20724
20736
20749
20754
20787
20788
20790
20796
20799
20802
20805
20807
20837
20842
20847
20861
20870
20871
20874
20894
20895
20911
20914
20916
20918
20922
20932
20935
20940
20940
20945
20951
20957
20963
20965
20969
20991
20994
20994
20995
20996
21000
21012
21014
21050
21056
21057
21077
21081
21085
21087
21097
21098
21100
21105
21111
21117
21134
21196
21197
21208
21211
21213
21231
21237
21243
21245
21250
21252
21284
21287
21287
21294
21310
21312
21319
21330
21335
21345
21348
21348
21365
21368
21383
21387
21406
21425
21427
21440
21454
21474
21474
21474
21475
21477
21484
21494
21502
21505
21505
21519
21527
21528
21529
21532
21544
21560
21571
21574
21579
21581
21594
21597
21606
21634
21640
21641
21656
21657
21665
21666
21696
21699
21702
21705
21720
21729
21746
21757
21776
21776
21782
21783
21789
21798
21803
21806
21820
21845
21872
21876
21885
21891
21891
21897
21901
21906
21912
21913
21926
21928
21933
21948
21956
21963
21964
21970
21996
21996
22013
22019
22050
22056
22073
22077
22087
22088
22092
22098
22111
22111
22128
22135
22143
22157
22178
22182
22188
22192
22195
22198
22203
22207
22210
22222
22259
22259
22268
22294
22295
22300
22314
22320
22321
22323
22330
22331
22332
22342
22344
22366
22368
22386
22394
22394
22400
22410
22415
22423
22432
22436
22439
22442
22449
22455
22464
22475
22479
22497
22503
22507
22511
22512
22512
22518
22523
22540
22555
22562
22573
22586
22592
22596
22598
22600
22611
22612
22612
22618
22622
22629
22631
22635
22644
22647
22650
22652
22658
22687
22690
22692
22704
22710
22713
22716
22737
22740
22748
22763
22765
22769
22770
22783
22785
22786
22797
22804
22808
22817
22828
22829
22841
22844
22845
22847
22859
22861
22865
22867
22885
22889
22891
22897
22900
22903
22904
22906
22908
22921
22928
22930
22937
22954
22962
22969
22981
22984
22986
23001
23010
23010
23023
23025
23027
23036
23077
23080
23089
23096
23097
23100
23113
23127
23127
23148
23155
23163
23169
23177
23180
23183
23189
23206
23226
23232
23239
23241
23243
23246
23251
23254
23254
23273
23274
23289
23318
23320
23325
23330
23340
23344
23345
23347
23351
23351
23356
23369
23374
23389
23390
23398
23398
23399
23417
23430
23431
23435
23438
23443
23454
23455
23458
23462
23463
23468
23473
23505
23549
23560
23561
23562
23588
23598
23605
23614
23614
23626
23653
23659
23665
23674
23677
23682
23682
23692
23700
23711
23721
23723
23723
23728
23739
23743
23750
23752
23756
23756
23789
23790
23814
23815
23820
23823
23826
23832
23833
23837
23840
23848
23853
23863
23866
23875
23879
23885
23891
23893
23895
23902
23921
23922
23923
23937
23938
23952
23953
23958
23968
23972
23978
23978
23979
23982
23988
24009
24015
24020
24024
24029
24030
24031
24042
24056
24061
24085
24094
24109
24124
24149
24162
24169
24175
24177
24200
24204
24224
24230
24241
24242
24245
24246
24256
24262
24263
24272
24273
24277
24281
24283
24284
24287
24289
24290
24290
24290
24310
24312
24324
24326
24331
24340
24347
24353
24356
24362
24364
24368
24382
24385
24390
24394
24405
24414
24438
24439
24441
24443
24459
24466
24472
24491
24492
24506
24510
24513
24517
24518
24521
24521
24529
24538
24564
24570
24570
24571
24573
24596
24621
24629
24658
24659
24670
24681
24687
24692
24717
24721
24725
24727
24744
24771
24771
24774
24784
24785
24792
24794
24795
24797
24801
24810
24816
24821
24823
24850
24855
24856
24863
24882
24891
24892
24899
24910
24915
24918
24922
24925
24932
24934
24942
24944
24947
24974
24986
24997
25007
25010
25010
25012
25014
25022
25034
25042
25042
25043
25048
25051
25051
25065
25077
25085
25091
25101
25105
25109
25116
25125
25131
25133
25138
25139
25149
25156
25159
25159
25164
25186
25192
25197
25197
25214
25232
25233
25244
25248
25250
25250
25258
25268
25270
25293
25298
25308
25312
25313
25322
25345
25350
25351
25353
25370
25374
25375
25380
25382
25390
25399
25400
25401
25405
25410
25412
25412
25413
25415
25420
25422
25427
25429
25436
25442
25445
25455
25456
25460
25478
25487
25489
25498
25508
25525
25531
25535
25546
25554
25555
25570
25575
25577
25578
25579
25587
25599
25605
25609
25615
25650
25663
25667
25672
25675
25681
25688
25693
25706
25713
25713
25719
25728
25733
25734
25737
25776
25791
25796
25796
25815
25822
25843
25848
25865
25875
25875
25887
25893
25897
25901
25904
25920
25925
25926
25928
25937
25937
25962
25963
25998
26007
26018
26028
26032
26032
26036
26046
26046
26048
26070
26082
26086
26090
26091
26091
26092
26094
26096
26102
26105
26106
26112
26116
26139
26139
26149
26163
26184
26199
26232
26263
26265
26268
26292
26294
26295
26304
26325
26327
26346
26350
26360
26362
26375
26377
26379
26404
26408
26423
26427
26427
26428
26428
26432
26433
26434
26466
26470
26479
26487
26499
26504
26507
26521
26521
26525
26525
26527
26529
26532
26543
26546
26564
26567
26581
26597
26604
26625
26633
26636
26653
26654
26674
26690
26691
26692
26698
26700
26710
26711
26714
26724
26730
26733
26735
26741
26742
26742
26750
26770
26805
26807
26808
26830
26834
26854
26860
26867
26870
26874
26884
26890
26938
26942
26948
26968
26974
26989
27000
27005
27019
27025
27038
27047
27047
27055
27057
27064
27070
27082
27086
27092
27101
27109
27122
27133
27135
27137
27141
27142
27149
27151
27153
27176
27182
27189
27189
27194
27209
27228
27256
27261
27287
27298
27301
27301
27309
27317
27339
27340
27343
27345
27356
27361
27365
27377
27378
27408
27408
27410
27419
27429
27433
27447
27449
27465
27472
27473
27478
27489
27492
27494
27499
27500
27501
27507
27507
27511
27522
27523
27523
27523
27526
27528
27532
27536
27538
27564
27568
27572
27577
27580
27593
27601
27603
27608
27608
27615
27616
27652
27653
27660
27663
27671
27671
27674
27674
27676
27687
27697
27701
27701
27704
27710
27711
27715
27716
27741
27742
27743
27743
27753
27764
27770
27770
27780
27780
27805
27811
27812
27817
27826
27827
27828
27836
27883
27891
27893
27897
27905
27915
27923
27929
27934
27938
27942
27946
27950
27951
27952
27965
27967
27976
28002
28030
28039
28040
28040
28044
28045
28056
28059
28085
28094
28099
28102
28123
28123
28131
28141
28165
28171
28180
28180
28181
28183
28184
28205
28209
28226
28234
28239
28240
28249
28279
28296
28319
28321
28322
28324
28347
28353
28368
28370
28376
28391
28392
28399
28405
28408
28411
28418
28427
28439
28443
28444
28449
28453
28457
28464
28483
28487
28501
28501
28516
28518
28525
28538
28539
28551
28572
28573
28579
28600
28612
28616
28621
28622
28627
28659
28660
28664
28679
28707
28709
28711
28719
28722
28722
28738
28745
28748
28772
28776
28776
28780
28788
28800
28805
28819
28819
28826
28841
28874
28876
28878
28882
28888
28890
28899
28909
28912
28914
28916
28935
28951
28957
28976
28981
28987
28989
28990
28992
28997
28997
29005
29009
29019
29028
29035
29043
29046
29052
29057
29059
29062
29065
29065
29066
29067
29067
29077
29077
29087
29090
29112
29121
29128
29132
29136
29145
29145
29148
29156
29160
29163
29169
29174
29174
29185
29195
29200
29211
29240
29242
29244
29246
29246
29250
29251
29254
29258
29267
29289
29291
29292
29293
29298
29298
29299
29303
29304
29305
29322
29324
29324
29344
29365
29365
29365
29368
29378
29382
29390
29398
29411
29421
29421
29423
29436
29463
29471
29472
29473
29474
29486
29508
29508
29508
29521
29525
29534
29538
29545
29554
29572
29572
29576
29580
29581
29604
29606
29607
29613
29637
29653
29656
29656
29664
29680
29681
29682
29686
29693
29693
29697
29706
29721
29725
29728
29730
29734
29734
29736
29742
29753
29753
29754
29760
29777
29785
29794
29834
29845
29862
29869
29877
29878
29889
29894
29896
29917
29920
29924
29935
29937
29939
29939
29963
29981
29984
29989
29995
30002
30007
30023
30026
30031
30033
30044
30050
30063
30077
30081
30086
30086
30090
30095
30096
30098
30127
30128
30149
30153
30164
30168
30169
30193
30204
30207
30219
30221
30226
30235
30258
30260
30262
30270
30278
30278
30282
30287
30310
30314
30331
30331
30333
30333
30346
30353
30366
30371
30376
30381
30401
30420
30426
30428
30439
30448
30452
30459
30476
30502
30511
30527
30532
30551
30555
30555
30563
30564
30569
30574
30580
30590
30602
30610
30626
30633
30648
30661
30667
30677
30678
30689
30695
30696
30702
30703
30708
30708
30710
30711
30713
30717
30718
30719
30725
30728
30731
30734
30740
30751
30758
30763
30764
30766
30774
30776
30784
30790
30817
30826
30830
30833
30845
30861
30864
30865
30866
30899
30906
30918
30918
30920
30928
30930
30932
30936
30941
30954
30967
30974
30976
30976
30984
30993
30996
31006
31011
31016
31039
31040
31048
31087
31100
31101
31108
31111
31114
31119
31121
31134
31134
31149
31152
31157
31158
31162
31176
31181
31183
31197
31199
31205
31209
31210
31216
31227
31232
31243
31248
31260
31263
31263
31295
31299
31318
31325
31332
31333
31334
31367
31368
31375
31383
31389
31393
31400
31407
31411
31412
31419
31429
31436
31438
31439
31450
31454
31457
31465
31467
31469
31474
31501
31512
31533
31538
31539
31545
31558
31560
31562
31564
31581
31587
31593
31602
31613
31614
31615
31624
31626
31628
31633
31642
31656
31656
31674
31691
31709
31724
31729
31731
31739
31756
31768
31774
31778
31792
31797
31799
31803
31805
31806
31818
31823
31828
31830
31834
31846
31848
31849
31849
31852
31860
31872
31876
31888
31900
31909
31929
31932
31932
31934
31942
31952
31956
31956
31957
31974
31974
32002
32004
32005
32006
32008
32010
32032
32033
32050
32054
32064
32065
32075
32079
32087
32089
32107
32110
32113
32116
32116
32122
32130
32143
32155
32165
32171
32176
32184
32192
32194
32197
32202
32202
32204
32208
32215
32216
32222
32246
32251
32254
32267
32268
32273
32273
32274
32297
32308
32310
32310
32315
32316
32330
32333
32360
32365
32379
32390
32404
32405
32425
32426
32447
32449
32455
32475
32477
32480
32481
32510
32526
32550
32551
32568
32569
32570
32571
32572
32575
32578
32579
32584
32588
32588
32592
32597
32600
32600
32606
32607
32610
32612
32616
32618
32629
32631
32637
32638
32643
32654
32665
32677
32709
32713
32723
32732
32734
32737
32755
32756
32761
32773
32786
32786
32790
32807
32822
32824
32836
32842
32859
32866
32875
32878
32887
32887
32888
32898
32899
32902
32903
32904
32915
32919
32919
32920
32924
32925
32933
32944
32970
32970
32973
32978
32979
32980
32994
33016
33017
33024
33029
33034
33035
33039
33044
33044
33044
33051
33071
33073
33078
33079
33085
33086
33108
33116
33122
33135
33135
33143
33148
33174
33182
33186
33196
33199
33210
33210
33228
33231
33249
33271
33281
33283
33295
33299
33315
33317
33330
33335
33348
33351
33362
33362
33369
33370
33372
33373
33383
33388
33391
33395
33397
33417
33421
33428
33430
33431
33437
33443
33449
33457
33460
33476
33499
33500
33503
33524
33528
33534
33537
33546
33553
33561
33563
33574
33580
33585
33589
33591
33594
33603
33605
33614
33621
33625
33631
33645
33645
33646
33664
33666
33669
33671
33673
33689
33691
33696
33697
33698
33699
33703
33710
33711
33722
33724
33728
33731
33741
33765
33769
33771
33787
33801
33807
33808
33810
33824
33837
33840
33870
33880
33891
33893
33905
33929
33929
33939
33947
33947
33951
33963
33964
33965
33992
33994
34004
34006
34011
34019
34031
34037
34041
34043
34044
34062
34070
34076
34078
34091
34097
34127
34147
34148
34170
34173
34180
34191
34194
34199
34202
34205
34205
34214
34226
34227
34238
34239
34239
34241
34243
34244
34252
34275
34275
34287
34294
34305
34308
34314
34317
34322
34325
34326
34326
34327
34334
34336
34343
34355
34378
34391
34391
34397
34399
34399
34406
34410
34418
34419
34422
34423
34435
34437
34439
34451
34453
34455
34458
34462
34462
34474
34477
34479
34484
34491
34492
34496
34508
34523
34530
34539
34568
34571
34572
34587
34587
34592
34602
34603
34612
34618
34623
34624
34626
34633
34637
34641
34641
34645
34649
34659
34673
34674
34685
34688
34691
34694
34699
34701
34708
34714
34715
34720
34721
34721
34722
34747
34748
34751
34754
34760
34766
34770
34781
34781
34791
34791
34797
34797
34809
34810
34816
34822
34822
34826
34828
34831
34834
34834
34853
34854
34858
34859
34861
34862
34869
34870
34871
34872
34875
34881
34895
34895
34900
34904
34915
34915
34929
34929
34949
34953
34968
34969
34971
34972
34972
34973
34973
34988
34989
34992
35003
35006
35028
35052
35054
35072
35074
35075
35097
35103
35103
35118
35122
35162
35162
35166
35167
35174
35207
35214
35216
35227
35234
35244
35247
35253
35261
35263
35266
35273
35274
35280
35286
35288
35302
35324
35334
35338
35350
35359
35368
35373
35374
35374
35379
35381
35383
35396
35398
35400
35402
35414
35434
35439
35441
35494
35499
35501
35504
35505
35507
35517
35520
35531
35547
35550
35554
35559
35566
35581
35582
35591
35596
35599
35605
35608
35612
35613
35615
35639
35642
35649
35656
35669
35676
35685
35688
35693
35697
35726
35731
35760
35766
35767
35780
35784
35790
35791
35797
35802
35819
35824
35835
35847
35850
35875
35878
35881
35891
35892
35900
35903
35908
35915
35920
35921
35923
35936
35937
35937
35938
35941
35972
35978
35980
35981
35984
35985
36002
36006
36007
36011
36012
36016
36021
36030
36035
36042
36055
36056
36064
36066
36074
36087
36088
36093
36097
36100
36101
36101
36111
36120
36141
36154
36155
36156
36158
36163
36166
36166
36186
36191
36199
36243
36253
36259
36277
36288
36296
36306
36311
36315
36316
36320
36320
36321
36323
36333
36338
36346
36357
36360
36362
36367
36374
36393
36394
36394
36406
36411
36414
36423
36424
36431
36455
36461
36461
36470
36472
36484
36496
36511
36537
36537
36539
36546
36549
36571
36584
36586
36588
36591
36619
36634
36652
36655
36663
36666
36667
36677
36678
36681
36686
36687
36703
36713
36716
36735
36740
36743
36745
36745
36746
36753
36758
36771
36777
36791
36791
36814
36826
36827
36834
36837
36842
36842
36849
36868
36882
36884
36895
36898
36900
36904
36911
36912
36918
36918
36927
36928
36930
36943
36959
36968
36970
36978
36983
37002
37028
37033
37034
37046
37051
37056
37069
37071
37088
37091
37093
37096
37096
37098
37108
37114
37122
37133
37135
37138
37156
37158
37174
37187
37205
37207
37215
37216
37217
37221
37221
37223
37229
37230
37238
37256
37271
37282
37288
37300
37300
37301
37305
37310
37316
37328
37330
37331
37335
37337
37338
37341
37343
37346
37364
37366
37389
37396
37409
37417
37421
37423
37426
37428
37429
37439
37446
37449
37465
37466
37472
37476
37486
37486
37489
37508
37508
37527
37532
37550
37559
37565
37577
37585
37586
37587
37590
37597
37600
37605
37614
37619
37623
37625
37628
37633
37639
37643
37644
37644
37645
37645
37650
37663
37672
37674
37675
37686
37689
37689
37690
37700
37711
37716
37716
37718
37744
37751
37751
37759
37766
37771
37772
37776
37776
37785
37797
37799
37804
37830
37830
37833
37841
37844
37851
37859
37862
37873
37882
37893
37907
37914
37928
37929
37932
37955
37958
37961
37966
37967
37978
37985
37997
38004
38004
38005
38013
38015
38025
38032
38033
38037
38042
38046
38050
38053
38067
38071
38074
38075
38084
38096
38100
38102
38106
38117
38120
38131
38133
38134
38140
38163
38173
38175
38193
38194
38201
38203
38213
38214
38223
38236
38253
38268
38270
38271
38275
38302
38308
38312
38316
38324
38328
38330
38337
38343
38347
38381
38381
38386
38400
38401
38401
38424
38432
38434
38434
38461
38463
38463
38463
38466
38468
38469
38480
38487
38498
38500
38506
38509
38521
38544
38554
38555
38556
38560
38571
38575
38588
38593
38602
38603
38615
38632
38636
38636
38641
38643
38644
38650
38651
38666
38670
38686
38690
38701
38706
38707
38708
38709
38711
38717
38719
38726
38728
38741
38749
38756
38756
38772
38782
38784
38787
38792
38803
38814
38817
38818
38830
38853
38855
38862
38872
38874
38877
38921
38928
38961
38969
38973
38974
38990
38999
39002
39013
39023
39036
39040
39044
39046
39050
39056
39058
39060
39072
39074
39093
39093
39094
39098
39114
39118
39131
39134
39138
39138
39139
39142
39144
39150
39152
39153
39154
39162
39163
39171
39183
39184
39196
39206
39212
39213
39225
39231
39272
39274
39281
39296
39298
39303
39306
39313
39320
39331
39332
39357
39365
39369
39371
39402
39407
39419
39421
39424
39427
39437
39448
39452
39461
39472
39482
39487
39487
39494
39495
39497
39503
39512
39514
39515
39517
39538
39551
39555
39557
39568
39569
39570
39577
39580
39582
39590
39591
39596
39596
39598
39605
39611
39618
39621
39624
39634
39637
39637
39638
39640
39658
39661
39663
39663
39663
39665
39667
39691
39696
39703
39741
39749
39767
39771
39777
39780
39783
39783
39807
39808
39810
39811
39812
39820
39824
39859
39873
39878
39879
39896
39912
39930
39937
39942
39944
39949
39956
39966
39975
39979
39987
39987
39990
39992
40006
40010
40012
40013
40020
40021
40027
40032
40036
40041
40049
40054
40057
40062
40091
40096
40104
40107
40109
40112
40114
40135
40143
40149
40155
40178
40180
40191
40197
40201
40202
40213
40215
40222
40224
40227
40230
40234
40245
40266
40276
40277
40287
40294
40295
40304
40310
40316
40318
40319
40328
40332
40337
40354
40355
40355
40357
40360
40370
40380
40380
40381
40393
40421
40424
40424
40434
40444
40449
40452
40479
40485
40487
40492
40494
40506
40511
40527
40539
40539
40541
40561
40562
40564
40576
40582
40589
40594
40594
40606
40608
40609
40624
40629
40633
40642
40653
40655
40661
40663
40666
40667
40668
40669
40671
40677
40680
40683
40686
40693
40695
40710
40722
40724
40733
40737
40760
40764
40769
40770
40789
40792
40796
40798
40799
40800
40809
40812
40823
40832
40845
40864
40865
40877
40879
40884
40887
40894
40913
40918
40919
40932
40968
40978
40981
40985
40988
40990
40995
40996
41001
41011
41011
41011
41029
41032
41036
41053
41053
41063
41078
41094
41096
41098
41120
41138
41141
41154
41156
41158
41158
41178
41184
41191
41194
41199
41203
41216
41234
41243
41243
41245
41309
41320
41320
41337
41338
41354
41356
41366
41366
41367
41367
41371
41378
41399
41401
41407
41409
41417
41442
41456
41461
41469
41470
41471
41488
41520
41530
41544
41562
41568
41574
41584
41591
41610
41614
41616
41616
41619
41619
41620
41632
41634
41636
41641
41642
41644
41648
41658
41665
41668
41677
41689
41697
41697
41704
41715
41717
41720
41728
41746
41765
41770
41777
41786
41798
41799
41800
41802
41812
41825
41829
41838
41842
41843
41846
41856
41858
41874
41879
41917
41920
41922
41926
41949
41960
41961
41964
41974
41976
41983
41984
41996
41998
42013
42019
42024
42024
42032
42036
42051
42053
42060
42067
42073
42082
42084
42102
42109
42110
42114
42124
42140
42146
42156
42164
42167
42186
42190
42193
42196
42200
42201
42207
42208
42211
42218
42226
42228
42240
42246
42249
42249
42250
42255
42260
42260
42272
42281
42284
42285
42285
42289
42305
42324
42329
42337
42338
42349
42351
42352
42355
42362
42365
42371
42376
42395
42402
42411
42431
42434
42436
42437
42448
42451
42456
42459
42462
42467
42477
42479
42497
42508
42514
42535
42538
42539
42542
42543
42551
42556
42564
42564
42597
42599
42604
42619
42626
42634
42657
42662
42671
42672
42680
42682
42688
42707
42707
42715
42719
42725
42726
42727
42749
42768
42770
42778
42808
42822
42830
42848
42861
42864
42874
42881
42887
42889
42891
42893
42895
42903
42907
42922
42922
42927
42934
42939
42947
42950
42958
42959
42961
42961
42965
42966
42967
42976
42981
42982
42984
42989
42994
43002
43006
43020
43028
43032
43038
43051
43056
43081
43083
43090
43096
43104
43104
43107
43136
43146
43151
43152
43158
43159
43161
43182
43185
43197
43200
43201
43203
43207
43210
43216
43226
43230
43231
43237
43237
43256
43258
43275
43292
43292
43300
43301
43305
43306
43314
43336
43338
43340
43349
43352
43352
43356
43363
43367
43369
43377
43382
43383
43389
43390
43394
43405
43415
43423
43424
43426
43431
43471
43501
43505
43519
43524
43536
43537
43538
43545
43562
43584
43584
43595
43602
43604
43606
43611
43612
43614
43619
43624
43629
43630
43636
43639
43640
43647
43655
43667
43670
43673
43677
43685
43686
43689
43690
43697
43700
43706
43717
43720
43730
43745
43747
43750
43762
43765
43771
43771
43775
43782
43785
43787
43799
43799
43809
43812
43821
43838
43844
43851
43851
43872
43873
43877
43877
43883
43899
43904
43910
43920
43951
43955
43962
43965
43969
43979
43990
43995
44013
44023
44024
44025
44041
44050
44051
44056
44069
44077
44079
44079
44088
44109
44112
44112
44112
44119
44151
44153
44155
44166
44180
44189
44199
44200
44202
44220
44224
44234
44243
44249
44259
44279
44284
44286
44287
44288
44302
44308
44309
44316
44317
44322
44324
44324
44326
44354
44359
44368
44371
44389
44391
44402
44409
44417
44422
44425
44437
44452
44465
44495
44501
44503
44510
44526
44529
44530
44531
44534
44537
44543
44545
44555
44559
44560
44566
44589
44595
44597
44600
44603
44611
44630
44633
44650
44651
44667
44682
44687
44688
44689
44695
44695
44697
44700
44709
44723
44724
44731
44744
44761
44767
44768
44773
44785
44794
44796
44799
44834
44843
44846
44849
44858
44858
44861
44914
44927
44929
44932
44935
44938
44948
44952
44964
44976
44984
44988
44991
44992
44993
45003
45004
45007
45013
45023
45023
45026
45048
45062
45063
45076
45077
45081
45092
45093
45096
45096
45103
45113
45116
45126
45137
45145
45167
45168
45172
45180
45180
45183
45185
45197
45202
45214
45216
45230
45235
45243
45249
45249
45252
45260
45273
45273
45294
45300
45308
45317
45319
45326
45328
45333
45336
45342
45346
45353
45373
45379
45379
45383
45391
45401
45403
45409
45416
45418
45438
45445
45448
45484
45484
45491
45499
45500
45504
45516
45517
45519
45522
45527
45540
45550
45554
45556
45562
45600
45603
45614
45614
45615
45624
45631
45632
45634
45651
45653
45655
45673
45688
45692
45711
45718
45719
45721
45721
45726
45737
45740
45745
45750
45763
45766
45767
45802
45804
45810
45812
45826
45828
45831
45832
45840
45850
45850
45851
45852
45858
45864
45867
45873
45898
45909
45913
45920
45928
45932
45940
45941
45941
45946
45947
45949
45952
45958
45958
45990
45995
46002
46002
46005
46008
46010
46012
46013
46029
46035
46050
46051
46054
46057
46084
46095
46107
46114
46115
46136
46147
46151
46157
46159
46182
46182
46197
46197
46204
46210
46211
46223
46224
46224
46228
46239
46239
46241
46244
46267
46269
46269
46283
46286
46288
46293
46298
46303
46317
46325
46326
46327
46328
46336
46339
46344
46345
46366
46368
46374
46383
46384
46403
46404
46406
46428
46431
46434
46435
46444
46457
46457
46457
46462
46467
46467
46492
46492
46511
46514
46525
46537
46538
46540
46555
46559
46572
46573
46584
46585
46585
46590
46591
46607
46611
46614
46615
46626
46634
46636
46642
46653
46661
46676
46676
46686
46694
46711
46713
46716
46720
46720
46720
46731
46732
46740
46749
46756
46759
46774
46784
46788
46791
46792
46798
46805
46816
46828
46830
46836
46836
46841
46853
46869
46871
46874
46874
46884
46896
46904
46911
46912
46917
46922
46933
46937
46942
46946
46971
46976
46987
46993
46994
46995
47033
47036
47037
47038
47039
47040
47045
47049
47072
47074
47093
47094
47096
47101
47107
47108
47113
47133
47149
47150
47156
47158
47164
47164
47202
47203
47206
47206
47209
47222
47233
47235
47246
47247
47254
47267
47271
47290
47296
47314
47319
47324
47324
47330
47336
47337
47342
47344
47346
47367
47368
47369
47373
47379
47381
47386
47394
47414
47415
47416
47422
47422
47439
47444
47469
47473
47481
47483
47485
47488
47490
47495
47499
47502
47517
47519
47519
47522
47527
47532
47562
47566
47570
47576
47579
47587
47587
47600
47609
47611
47615
47619
47627
47633
47638
47639
47646
47651
47656
47656
47657
47667
47688
47704
47710
47713
47714
47718
47720
47725
47728
47728
47738
47740
47753
47754
47783
47786
47788
47791
47807
47814
47831
47840
47848
47848
47851
47874
47880
47890
47893
47906
47906
47906
47907
47909
47913
47942
47949
47950
47950
47953
47954
47975
47999
48002
48007
48009
48011
48022
48054
48058
48066
48077
48085
48092
48094
48098
48101
48103
48106
48106
48108
48109
48115
48116
48129
48136
48143
48143
48150
48151
48153
48168
48178
48185
48188
48191
48193
48195
48201
48202
48203
48224
48225
48226
48229
48244
48272
48274
48282
48285
48287
48310
48314
48322
48324
48326
48334
48348
48348
48353
48355
48361
48371
48374
48382
48385
48394
48395
48406
48410
48417
48417
48426
48430
48433
48439
48451
48470
48473
48476
48479
48487
48496
48503
48509
48524
48530
48532
48535
48540
48545
48550
48554
48554
48562
48566
48570
48577
48590
48594
48599
48619
48621
48624
48627
48627
48651
48653
48657
48666
48667
48669
48676
48676
48679
48685
48689
48694
48700
48709
48729
48735
48737
48748
48750
48753
48768
48777
48779
48785
48793
48802
48813
48819
48821
48826
48834
48849
48853
48859
48859
48861
48877
48877
48893
48899
48911
48926
48935
48938
48999
49000
49004
49027
49040
49052
49056
49063
49074
49078
49079
49083
49087
49098
49125
49132
49137
49137
49144
49163
49175
49179
49181
49184
49186
49235
49250
49271
49282
49282
49283
49296
49299
49304
49313
49324
49325
49330
49335
49336
49347
49356
49357
49361
49367
49373
49380
49381
49401
49414
49422
49422
49432
49440
49441
49441
49441
49456
49458
49469
49498
49499
49509
49519
49520
49540
49548
49549
49551
49561
49576
49603
49604
49605
49607
49618
49621
49628
49631
49633
49636
49637
49637
49650
49656
49656
49661
49668
49670
49676
49679
49679
49679
49683
49688
49697
49709
49741
49790
49793
49798
49806
49816
49825
49846
49867
49870
49871
49876
49882
49885
49887
49892
49901
49918
49930
49930
49933
49935
49935
49940
49944
49953
49965
49967
49984
50000
50012
50012
50016
50018
50019
50038
50075
50077
50077
50080
50083
50086
50093
50104
50106
50114
50119
50120
50123
50129
50130
50157
50169
50170
50170
50202
50206
50206
50207
50214
50218
50219
50225
50237
50248
50266
50266
50271
50272
50281
50290
50295
50305
50311
50315
50318
50332
50335
50336
50339
50363
50366
50370
50373
50380
50383
50389
50394
50405
50427
50439
50451
50486
50502
50526
50534
50545
50550
50555
50562
50564
50588
50600
50604
50621
50637
50645
50654
50656
50657
50658
50658
50668
50669
50678
50693
50697
50726
50728
50734
50735
50739
50742
50742
50748
50756
50774
50777
50779
50783
50786
50807
50821
50821
50822
50828
50829
50829
50841
50845
50851
50855
50856
50866
50870
50872
50875
50881
50894
50905
50906
50920
50924
50933
50933
50934
50939
50942
50962
50969
50988
51013
51019
51022
51048
51049
51050
51055
51062
51062
51072
51072
51074
51081
51085
51087
51107
51112
51122
51138
51141
51172
51184
51191
51192
51193
51199
51204
51212
51214
51225
51227
51229
51244
51244
51248
51249
51253
51255
51260
51267
51268
51273
51278
51284
51296
51304
51315
51315
51318
51319
51321
51334
51335
51341
51343
51353
51362
51369
51378
51387
51387
51393
51395
51398
51400
51425
51442
51444
51459
51460
51462
51472
51484
51495
51497
51499
51523
51535
51541
51542
51548
51549
51555
51557
51565
51575
51581
51581
51589
51592
51593
51598
51599
51608
51608
51608
51629
51660
51661
51666
51667
51668
51669
51672
51680
51687
51701
51708
51718
51721
51725
51727
51739
51751
51770
51771
51778
51789
51795
51795
51800
51801
51802
51811
51819
51820
51838
51839
51839
51843
51861
51874
51879
51890
51892
51901
51903
51907
51908
51914
51916
51917
51923
51943
51945
51952
51957
51959
51978
51999
52000
52001
52009
52014
52017
52019
52020
52027
52027
52030
52031
52040
52050
52050
52054
52055
52058
52074
52082
52084
52085
52085
52087
52094
52094
52097
52100
52105
52108
52110
52120
52123
52124
52130
52133
52134
52145
52150
52155
52164
52167
52193
52194
52220
52223
52224
52226
52266
52266
52281
52285
52296
52309
52333
52337
52338
52341
52345
52360
52369
52381
52398
52405
52411
52425
52427
52435
52441
52445
52451
52459
52461
52470
52471
52479
52484
52487
52534
52568
52581
52587
52589
52609
52613
52616
52638
52649
52650
52654
52657
52660
52670
52670
52705
52706
52710
52713
52731
52734
52739
52744
52750
52777
52783
52790
52794
52798
52809
52811
52828
52835
52836
52842
52844
52849
52866
52877
52882
52889
52909
52920
52924
52925
52926
52939
52941
52946
52951
52953
52969
52970
52973
52980
52988
52996
53006
53008
53012
53016
53020
53037
53042
53043
53052
53055
53064
53083
53093
53097
53100
53119
53121
53126
53137
53149
53153
53166
53167
53174
53175
53178
53179
53181
53197
53198
53233
53254
53256
53257
53258
53270
53281
53283
53288
53300
53302
53304
53314
53329
53329
53332
53337
53341
53349
53353
53354
53368
53379
53381
53382
53383
53393
53393
53397
53399
53400
53402
53411
53419
53425
53428
53431
53431
53442
53443
53464
53471
53473
53492
53496
53512
53530
53536
53541
53545
53546
53565
53566
53568
53571
53577
53581
53584
53590
53603
53609
53614
53614
53618
53619
53630
53638
53640
53643
53647
53653
53661
53684
53685
53694
53696
53706
53709
53721
53721
53732
53734
53744
53745
53746
53761
53786
53788
53799
53803
53813
53823
53824
53830
53861
53867
53868
53870
53872
53885
53897
53904
53908
53924
53932
53949
53949
53951
53960
53969
53970
53972
53973
53975
53980
53990
53996
54005
54015
54016
54023
54027
54030
54037
54063
54068
54073
54079
54081
54088
54090
54091
54091
54101
54111
54119
54132
54145
54154
54166
54168
54173
54174
54185
54208
54214
54216
54218
54231
54234
54240
54247
54265
54299
54318
54327
54327
54331
54340
54367
54375
54378
54385
54386
54387
54401
54403
54424
54431
54454
54464
54485
54487
54500
54513
54529
54532
54534
54575
54579
54580
54597
54600
54600
54610
54613
54616
54636
54644
54649
54650
54653
54666
54667
54677
54681
54684
54688
54692
54695
54701
54708
54721
54731
54731
54775
54797
54799
54817
54819
54826
54828
54841
54843
54853
54857
54861
54869
54876
54885
54886
54887
54915
54918
54929
54931
54950
54953
54960
54963
54970
54973
54983
54992
54995
54995
55011
55026
55028
55033
55044
55053
55055
55062
55067
55086
55091
55105
55110
55133
55142
55146
55151
55161
55165
55168
55170
55177
55180
55183
55184
55204
55210
55220
55231
55239
55245
55262
55270
55271
55278
55282
55289
55290
55296
55344
55347
55356
55360
55371
55374
55382
55391
55395
55420
55440
55443
55446
55448
55454
55457
55459
55460
55462
55463
55465
55477
55481
55483
55486
55495
55506
55509
55510
55526
55531
55542
55544
55581
55592
55594
55621
55623
55629
55630
55634
55653
55661
55661
55676
55684
55686
55695
55706
55711
55716
55741
55741
55750
55757
55765
55769
55783
55785
55785
55788
55791
55792
55799
55805
55809
55817
55825
55825
55831
55836
55838
55843
55845
55847
55853
55853
55864
55869
55873
55883
55891
55916
55923
55929
55947
55959
55962
55973
55983
56014
56018
56020
56032
56033
56035
56036
56039
56044
56045
56047
56047
56072
56074
56094
56101
56105
56110
56130
56133
56160
56174
56189
56192
56193
56193
56216
56222
56245
56251
56287
56293
56298
56304
56313
56325
56326
56341
56342
56346
56347
56350
56353
56363
56371
56373
56379
56379
56381
56395
56395
56399
56405
56408
56427
56446
56451
56462
56480
56486
56496
56498
56503
56503
56524
56539
56555
56556
56561
56564
56566
56573
56575
56602
56609
56623
56632
56635
56650
56657
56658
56662
56666
56679
56679
56688
56689
56690
56705
56727
56732
56742
56751
56755
56759
56776
56788
56789
56789
56800
56801
56803
56805
56810
56810
56821
56824
56828
56833
56837
56845
56851
56852
56859
56863
56871
56873
56888
56901
56912
56918
56926
56926
56932
56934
56935
56939
56945
56954
56956
56959
56966
56979
56987
56992
56998
57016
57043
57049
57064
57073
57075
57076
57098
57098
57100
57101
57108
57109
57112
57137
57152
57157
57158
57188
57193
57200
57202
57206
57206
57208
57245
57250
57266
57274
57286
57299
57299
57316
57323
57334
57337
57346
57357
57379
57394
57402
57413
57415
57417
57419
57420
57422
57441
57446
57447
57450
57460
57464
57469
57491
57494
57499
57524
57525
57554
57556
57565
57581
57583
57604
57625
57635
57656
57658
57672
57673
57676
57686
57686
57691
57696
57697
57698
57700
57718
57735
57740
57746
57753
57755
57764
57768
57770
57774
57778
57779
57782
57788
57789
57795
57800
57803
57803
57834
57847
57853
57858
57873
57894
57897
57899
57911
57918
57921
57922
57948
57963
57963
57987
57989
57998
58000
58010
58015
58019
58024
58025
58028
58042
58048
58059
58061
58061
58069
58070
58074
58076
58084
58085
58093
58116
58118
58124
58125
58127
58171
58205
58212
58214
58222
58247
58247
58256
58263
58266
58268
58272
58281
58281
58287
58288
58290
58307
58311
58312
58322
58323
58330
58338
58349
58351
58359
58359
58362
58363
58366
58374
58384
58387
58388
58388
58392
58393
58395
58408
58414
58417
58421
58429
58430
58431
58438
58441
58446
58451
58468
58477
58477
58477
58488
58489
58525
58527
58530
58549
58552
58554
58577
58580
58596
58607
58619
58635
58647
58669
58683
58690
58692
58695
58699
58713
58717
58718
58721
58721
58726
58727
58730
58738
58741
58744
58745
58747
58754
58754
58763
58764
58766
58768
58769
58779
58800
58801
58805
58809
58824
58825
58828
58839
58842
58843
58845
58847
58853
58877
58892
58894
58897
58902
58909
58922
58931
58935
58952
58953
58969
58970
58971
58996
58997
59018
59023
59026
59040
59044
59047
59068
59068
59074
59087
59093
59115
59132
59135
59139
59146
59147
59147
59147
59154
59157
59171
59174
59178
59179
59190
59209
59217
59217
59260
59267
59268
59268
59268
59273
59275
59276
59277
59278
59285
59296
59307
59307
59325
59331
59345
59352
59358
59361
59372
59378
59390
59393
59410
59417
59431
59433
59440
59444
59451
59464
59471
59474
59492
59496
59503
59506
59508
59509
59512
59514
59521
59522
59530
59533
59538
59550
59563
59563
59577
59579
59579
59581
59586
59593
59615
59618
59620
59627
59630
59632
59636
59640
59643
59648
59654
59656
59680
59685
59688
59691
59701
59711
59718
59730
59736
59744
59749
59757
59768
59771
59780
59787
59795
59800
59803
59814
59855
59869
59890
59900
59904
59912
59913
59913
59916
59930
59944
59944
59956
59961
59968
59992
59992
59993
60002
60004
60005
60015
60019
60019
60028
60032
60038
60044
60057
60060
60061
60065
60069
60089
60093
60101
60110
60113
60135
60137
60170
60174
60183
60194
60200
60202
60212
60247
60249
60252
60261
60263
60264
60265
60265
60273
60278
60283
60291
60298
60308
60309
60319
60326
60330
60332
60337
60342
60357
60361
60366
60369
60369
60369
60375
60378
60383
60388
60399
60404
60419
60427
60427
60448
60467
60481
60482
60483
60484
60486
60490
60500
60506
60521
60539
60546
60550
60559
60560
60574
60589
60590
60593
60602
60602
60603
60611
60611
60635
60637
60642
60643
60659
60660
60660
60663
60680
60687
60708
60712
60720
60724
60729
60732
60735
60739
60745
60749
60756
60765
60766
60767
60767
60780
60786
60789
60795
60822
60829
60875
60893
60901
60906
60909
60919
60925
60951
60953
60970
60976
60993
61014
61022
61038
61047
61069
61073
61085
61090
61096
61129
61136
61171
61182
61197
61199
61202
61203
61210
61216
61219
61229
61229
61237
61248
61260
61264
61279
61292
61292
61299
61302
61311
61316
61336
61345
61354
61355
61374
61387
61415
61421
61423
61425
61428
61454
61456
61459
61465
61467
61470
61480
61481
61486
61486
61486
61486
61496
61497
61502
61503
61507
61530
61540
61551
61562
61597
61598
61620
61623
61645
61662
61673
61679
61680
61694
61718
61729
61731
61735
61753
61758
61760
61768
61778
61785
61804
61809
61809
61829
61839
61843
61856
61860
61870
61874
61879
61907
61907
61911
61912
61923
61924
61925
61933
61954
61963
61963
61976
61977
61981
61983
61989
61992
61994
62002
62007
62012
62024
62025
62025
62029
62030
62035
62038
62043
62050
62055
62066
62069
62079
62081
62081
62086
62087
62094
62095
62096
62101
62110
62123
62127
62132
62132
62134
62135
62136
62150
62154
62168
62175
62241
62242
62243
62249
62259
62260
62262
62273
62275
62277
62283
62285
62289
62294
62296
62297
62301
62319
62328
62334
62338
62344
62347
62352
62362
62368
62372
62372
62381
62386
62389
62398
62401
62407
62416
62424
62433
62450
62461
62469
62483
62493
62500
62506
62528
62539
62542
62549
62553
62558
62579
62581
62583
62586
62592
62594
62599
62602
62606
62615
62616
62621
62624
62635
62636
62656
62657
62658
62666
62670
62679
62683
62712
62713
62720
62721
62771
62773
62784
62803
62808
62808
62819
62825
62829
62847
62849
62852
62874
62902
62909
62917
62921
62933
62935
62942
62943
62973
62974
62975
62981
62983
62990
62999
63002
63011
63019
63038
63038
63043
63047
63047
63054
63059
63069
63078
63081
63090
63107
63120
63122
63130
63132
63137
63161
63168
63181
63211
63222
63229
63247
63255
63272
63272
63272
63279
63283
63291
63295
63302
63304
63306
63306
63308
63319
63326
63344
63348
63349
63358
63367
63372
63393
63395
63398
63400
63409
63416
63430
63431
63435
63440
63445
63446
63450
63468
63470
63472
63472
63476
63484
63487
63490
63492
63497
63497
63501
63521
63527
63542
63543
63544
63559
63559
63566
63575
63579
63580
63586
63590
63597
63602
63605
63612
63613
63634
63637
63641
63643
63648
63677
63679
63684
63708
63713
63725
63729
63735
63736
63744
63786
63790
63798
63801
63805
63807
63808
63815
63816
63818
63818
63819
63831
63831
63836
63850
63883
63887
63894
63901
63930
63932
63936
63936
63947
63951
63959
63966
63966
63967
63967
64020
64036
64046
64048
64053
64065
64070
64106
64115
64117
64119
64122
64127
64127
64130
64134
64135
64136
64142
64143
64150
64160
64163
64173
64184
64186
64192
64193
64199
64207
64217
64227
64241
64247
64253
64259
64261
64265
64266
64270
64278
64292
64301
64317
64317
64321
64327
64335
64345
64348
64350
64366
64368
64384
64390
64397
64403
64406
64414
64416
64421
64460
64473
64491
64523
64523
64524
64539
64540
64544
64544
64560
64570
64571
64572
64585
64590
64594
64596
64597
64605
64611
64620
64625
64625
64634
64641
64648
64657
64665
64691
64692
64692
64692
64694
64694
64710
64735
64741
64742
64745
64745
64767
64768
64774
64787
64788
64790
64799
64805
64814
64828
64831
64833
64837
64843
64851
64853
64855
64859
64860
64864
64865
64886
64886
64889
64889
64896
64898
64900
64901
64915
64916
64922
64927
64929
64940
64941
64948
64961
64980
64982
64983
64998
65002
65003
65011
65027
65028
65029
65037
65040
65069
65075
65092
65093
65102
65105
65108
65112
65140
65141
65165
65174
65189
65196
65219
65225
65236
65238
65242
65245
65254
65257
65265
65276
65289
65301
65304
65312
65318
65324
65326
65330
65345
65349
65371
65388
65392
65396
65403
65432
65463
65478
65478
65480
65481
65486
65512
65513
65524
65530
65533
65533
65544
65549
65558
65559
65565
65569
65570
65600
65600
65602
65603
65610
65612
65621
65632
65652
65653
65658
65662
65664
65676
65705
65709
65712
65715
65716
65718
65725
65730
65734
65747
65749
65764
65767
65773
65776
65782
65786
65790
65797
65802
65814
65814
65817
65824
65841
65909
65914
65920
65949
65959
65971
65974
65981
65985
65987
65991
65991
65991
65995
66001
66004
66004
66007
66010
66014
66015
66025
66027
66038
66040
66052
66066
66068
66069
66069
66073
66075
66076
66080
66081
66084
66088
66090
66098
66105
66117
66121
66146
66156
66156
66157
66160
66176
66184
66193
66199
66200
66207
66217
66221
66227
66231
66234
66237
66239
66244
66248
66251
66262
66262
66263
66270
66278
66288
66290
66292
66297
66300
66308
66308
66316
66317
66348
66356
66359
66375
66377
66398
66402
66412
66423
66425
66428
66435
66436
66437
66438
66464
66466
66478
66486
66490
66493
66513
66536
66538
66546
66552
66553
66564
66564
66574
66577
66582
66582
66588
66590
66590
66595
66603
66609
66609
66616
66622
66627
66634
66646
66661
66679
66682
66683
66686
66692
66693
66695
66700
66704
66715
66719
66733
66750
66750
66750
66762
66766
66775
66776
66779
66786
66787
66791
66792
66803
66807
66809
66811
66813
66813
66821
66834
66838
66840
66845
66851
66863
66893
66897
66902
66913
66916
66925
66925
66926
66928
66929
66930
66932
66934
66943
66945
66945
66948
66966
66972
66973
66979
66985
66996
67001
67003
67004
67007
67011
67020
67024
67027
67027
67039
67040
67040
67045
67048
67064
67065
67069
67077
67087
67090
67095
67096
67105
67109
67117
67123
67134
67142
67143
67151
67154
67158
67159
67161
67163
67167
67179
67184
67187
67194
67196
67196
67199
67207
67211
67214
67224
67238
67256
67259
67266
67267
67270
67282
67288
67292
67307
67309
67310
67311
67319
67328
67329
67330
67335
67339
67342
67350
67355
67358
67365
67369
67370
67375
67381
67385
67407
67416
67432
67439
67441
67452
67452
67455
67463
67466
67472
67475
67476
67482
67487
67501
67511
67517
67526
67527
67529
67535
67536
67540
67542
67545
67553
67558
67558
67564
67564
67576
67578
67590
67593
67624
67626
67636
67641
67645
67651
67663
67667
67670
67670
67675
67676
67680
67680
67692
67705
67734
67739
67742
67750
67769
67775
67776
67797
67803
67805
67813
67826
67828
67839
67840
67842
67849
67853
67873
67874
67889
67891
67904
67910
67911
67919
67921
67928
67930
67956
67965
67970
67972
67991
68012
68015
68015
68032
68043
68063
68087
68097
68100
68110
68119
68120
68153
68157
68159
68160
68167
68168
68174
68200
68201
68202
68215
68222
68222
68223
68232
68239
68250
68258
68261
68279
68283
68283
68295
68305
68315
68335
68341
68353
68356
68364
68367
68369
68378
68380
68385
68390
68399
68403
68407
68409
68419
68420
68421
68421
68423
68428
68429
68434
68452
68461
68502
68510
68539
68563
68564
68568
68573
68579
68580
68584
68585
68602
68603
68606
68631
68632
68650
68668
68668
68671
68671
68674
68676
68677
68678
68679
68680
68691
68695
68698
68701
68715
68724
68734
68737
68740
68747
68755
68759
68761
68766
68771
68773
68776
68778
68788
68789
68794
68799
68808
68808
68814
68814
68815
68817
68819
68826
68836
68839
68848
68851
68859
68861
68871
68880
68883
68894
68903
68904
68904
68917
68937
68942
68943
68943
68965
68981
68984
68992
68996
69006
69030
69034
69040
69043
69050
69058
69062
69064
69080
69092
69094
69098
69105
69106
69109
69114
69123
69130
69132
69134
69151
69157
69161
69167
69168
69190
69199
69201
69210
69211
69224
69228
69232
69238
69240
69242
69263
69266
69275
69287
69292
69296
69302
69309
69316
69322
69328
69333
69334
69337
69374
69385
69392
69395
69399
69402
69416
69416
69419
69426
69431
69433
69434
69441
69447
69456
69470
69477
69483
69484
69484
69500
69502
69509
69512
69513
69517
69543
69567
69578
69578
69585
69593
69594
69615
69623
69624
69625
69629
69652
69655
69657
69661
69662
69672
69672
69679
69680
69685
69691
69697
69698
69714
69721
69732
69744
