10
68
78
100
124
392
393
396
420
433
434
440
443
464
761
765
787
795
799
907
979
1033
1038
1084
1137
1185
1265
1269
1316
1330
1364
1373
1389
1402
1440
1695
1795
1813
1850
1880
1918
1926
1939
2060
2088
2261
2266
2502
2510
2519
2525
2712
2714
2912
3019
3040
3108
3144
3153
3172
3278
3304
3372
3378
3379
3457
3572
3631
3641
3735
3748
3777
3822
3872
3917
3978
4009
4038
4071
4074
4085
4095
4129
4194
4278
4314
4327
4393
4407
4485
4547
4636
4678
4799
4808
4887
4977
5027
5084
5242
5274
5298
5318
5337
5377
5382
5423
5540
5586
5675
5679
5681
5764
5784
5823
5926
5929
6033
6250
6262
6273
6303
6353
6438
6525
6573
6582
6585
6661
6715
6770
6824
6848
6880
6949
6954
6979
7023
7076
7252
7275
7276
7304
7345
7485
7510
7522
7607
7630
7644
7707
7764
7797
7963
7978
7995
8000
8022
8037
8042
8097
8214
8227
8241
8264
8473
8500
8554
8588
8650
8666
8833
8840
8894
8986
9036
9040
9072
9083
9093
9097
9306
9327
9383
9477
9487
9577
9724
9809
9838
9850
9896
9902
9919
10015
10126
10191
10230
10235
10260
10293
10320
10428
10484
10503
10558
10601
10627
10633
10654
10860
10871
10939
11039
11048
11075
11181
11193
11266
11284
11362
11399
11415
11461
11473
11494
11525
11599
11645
11645
11710
11978
11991
12105
12134
12161
12239
12286
12496
12514
12531
12672
12710
12830
12944
13002
13044
13123
13215
13314
13421
13457
13472
13519
13519
13535
13729
13758
13833
13848
13869
13921
14110
14149
14291
14303
14355
14408
14444
14484
14563
14649
14707
14790
14866
14989
15088
15100
15141
15180
15265
15265
15328
15413
15485
15511
15514
15671
15739
15770
15989
16116
16150
16219
16350
16399
16438
16531
16545
16603
16782
16883
16886
17006
17061
17088
17104
17152
17198
17306
17331
17338
17404
17563
17820
17845
17891
17997
18152
18194
18206
18215
18333
18462
18463
18465
18541
18581
18590
18623
18705
18710
18758
18764
18799
18905
18969
18993
19056
19090
19126
19147
19221
19236
19277
19357
19382
19398
19443
19455
19566
19713
19758
19771
19830
19879
19895
19934
19955
20012
20027
20047
20078
20095
20107
20115
20185
20225
20288
20349
20350
20379
20432
20435
20523
20563
20599
20669
20683
20851
20862
20884
20965
21021
21031
21040
21060
21117
21122
21188
21220
21234
21269
21269
21302
21312
21383
21383
21388
21389
21417
21508
21529
21540
21551
21580
21585
21702
21804
21942
21951
22006
22007
22105
22147
22169
22175
22191
22215
22227
22239
22254
22296
22392
22393
22443
22444
22451
22486
22534
22603
22620
22620
22664
22682
22729
22786
22857
22910
22911
23013
23070
23148
23226
23231
23264
23305
23387
23415
23540
23639
23674
23683
23700
23709
23813
23840
23949
24003
24192
24234
24247
24391
24447
24535
24551
24573
24815
24833
24922
25058
25084
25152
25182
25279
25288
25328
25472
25511
25550
25555
25576
25594
25646
25710
25712
25738
25760
25812
25877
25908
25937
25960
25989
26144
26240
26242
26243
26244
26258
26267
26279
26308
26362
26423
26426
26603
26626
26692
26711
26746
26874
26893
27005
27010
27018
27101
27112
27170
27302
27357
27414
27601
27773
27915
27921
27930
27993
28181
28210
28351
28356
28385
28442
28472
28496
28531
28568
28729
28781
28806
28894
28907
28945
28949
29048
29067
29076
29100
29128
29128
29174
29195
29232
29315
29484
29604
29676
29822
29845
29954
30009
30060
30078
30100
30110
30210
30258
30278
30289
30333
30345
30361
30405
30420
30421
30448
30489
30571
30579
30638
30666
30667
30774
30779
30886
30915
30964
30971
30974
31001
31026
31037
31109
31132
31264
31472
31529
31698
31705
31711
31825
31837
31880
31893
31893
31942
32141
32193
32201
32261
32329
32362
32397
32444
32552
32613
32625
32697
32710
32738
32741
32857
32870
32920
32921
32959
32982
33029
33039
33097
33132
33158
33351
33394
33395
33396
33478
33486
33557
33645
33674
33744
33778
33783
33848
34019
34125
34134
34152
34167
34172
34182
34192
34300
34334
34354
34382
34400
34410
34425
34510
34557
34561
34564
34574
34625
34760
34761
34839
34899
34954
34974
34985
35025
35038
35059
35101
35181
35188
35228
35324
35549
35597
35649
35687
35791
35796
35817
35832
35942
35969
35977
36043
36082
36089
36175
36202
36229
36254
36318
36320
36320
36329
36436
36463
36468
36470
36546
36673
36692
36751
36892
36949
36975
37049
37112
37145
37294
37334
37381
37426
37437
37553
37706
37731
37770
37775
37790
37878
37927
37981
37990
38039
38161
38201
38203
38204
38311
38344
38405
38527
38567
38587
38602
38617
38686
38732
38840
38864
38895
38954
39010
39054
39070
39158
39219
39348
39424
39503
39511
39520
39547
39570
39685
39721
39786
39836
40050
40118
40132
40261
40280
40282
40589
40649
40701
40731
40762
40827
41022
41048
41050
41170
41204
41237
41276
41335
41362
41379
41383
41569
41586
41666
41738
41741
41925
41978
41991
42017
42060
42099
42111
42123
42146
42190
42254
42304
42360
42421
42436
42572
42605
42672
42794
42885
42911
42962
43013
43217
43239
43309
43328
43413
43434
43641
43659
43666
43666
43688
43714
43815
43820
43898
43943
43979
44048
44067
44077
44208
44310
44346
44352
44396
44538
44565
44592
44642
44666
44714
44742
44768
44810
44821
44838
44856
44938
44938
45044
45070
45114
45126
45220
45220
45231
45265
45420
45507
45643
45856
45884
45886
45899
46079
46091
46101
46240
46252
46496
46517
46562
46611
46753
46785
46845
46848
46854
46947
47097
47202
47227
47231
47234
47247
47257
47319
47357
47365
47411
47430
47487
47488
47612
47654
47666
47668
47807
47851
47948
47977
47979
48287
48290
48468
48481
48583
48641
48731
48733
48737
48785
48787
48887
48937
48967
49054
49098
49163
49166
49171
49193
49282
49310
49401
49434
49470
49475
49557
49621
49691
49693
49712
49766
49845
49870
50018
50018
50181
50191
50230
50262
50305
50306
50317
50380
50465
50487
50504
50563
50564
50663
50767
50778
50817
50856
50865
50905
50967
51186
51212
51279
51289
51352
51372
51393
51393
51470
51498
51543
51548
51557
51698
51745
51778
51792
51952
52011
52026
52075
52210
52318
52402
52416
52535
52602
52644
52664
52781
52865
52940
52943
53108
53267
53274
53275
53287
53303
53322
53339
53371
53544
53580
53585
53595
53637
53653
53851
53908
53948
53980
54024
54049
54201
54224
54243
54407
54615
54661
54665
54916
54944
55037
55143
55192
55269
55291
55293
55308
55347
55358
55523
55535
55586
55691
55718
55806
55817
55918
56038
56051
56097
56157
56210
56238
56357
56404
56404
56461
56475
56626
56632
56640
56698
56829
56833
56929
56991
57008
57019
57086
57090
57168
57245
57264
57271
57285
57361
57453
57470
57554
57562
57737
57767
57783
57840
57854
57859
57898
58118
58133
58180
58228
58414
58723
58736
58742
58777
58894
58905
58988
59062
59088
59119
59131
59195
59238
59247
59298
59326
59379
59402
59456
59532
59546
59560
59617
59700
59710
59722
59782
59786
59877
59893
59990
59998
60025
60076
60127
60135
60136
60221
60239
60469
60505
60588
60827
60917
60921
61013
61073
61073
61221
61226
61382
61404
61413
61442
61453
61454
61480
61620
61631
61642
61728
61746
61794
61922
61922
61939
61970
61982
62071
62079
62105
62160
62211
62371
62468
62516
62562
62658
62668
62700
62704
62720
62720
62728
62786
62832
62896
62941
62944
63066
63150
63167
63169
63189
63192
63217
63220
63279
63280
63289
63312
63359
63415
63503
63523
63672
63787
63799
63801
63811
63859
63902
64040
64057
64212
64335
64398
64467
64509
64644
64762
64808
64850
64876
65208
65267
65267
65421
65510
65519
65541
65631
65700
65768
65892
65928
66092
66105
66113
66121
66152
66162
66260
66797
66871
66927
66946
66991
66992
67003
67015
67143
67249
67262
67263
67281
67566
67679
67683
67702
67704
67874
67899
67945
68124
68222
68252
68283
68520
68539
68571
68597
68650
68731
68756
68790
68814
68979
68983
69005
69130
69231
69273
69274
69523
69682
