12
20
20
37
50
70
87
89
90
93
100
117
141
144
149
150
161
197
199
212
215
229
240
247
252
265
265
266
278
288
289
290
293
300
307
316
320
368
375
384
393
398
401
406
408
425
437
448
455
457
465
469
470
485
492
502
511
523
559
564
586
593
605
613
615
625
629
631
633
682
684
692
699
704
711
717
724
729
738
742
771
783
785
788
790
793
794
804
806
807
842
860
864
869
871
879
896
897
921
933
937
960
972
979
980
983
996
1005
1008
1008
1013
1013
1023
1026
1029
1048
1064
1065
1065
1085
1089
1096
1104
1105
1113
1123
1126
1132
1132
1132
1135
1164
1165
1168
1168
1174
1213
1218
1222
1222
1223
1230
1230
1248
1255
1260
1272
1276
1278
1285
1291
1291
1295
1296
1304
1311
1319
1324
1332
1340
1342
1361
1372
1380
1402
1408
1410
1428
1433
1439
1457
1464
1468
1493
1494
1499
1502
1502
1514
1519
1538
1544
1548
1548
1553
1556
1560
1560
1581
1582
1631
1632
1646
1698
1735
1743
1774
1819
1823
1835
1844
1847
1850
1853
1854
1858
1867
1872
1875
1885
1885
1890
1901
1935
1965
1967
1990
1990
1996
1997
2027
2042
2054
2055
2070
2074
2084
2086
2098
2131
2142
2181
2183
2187
2191
2200
2201
2227
2231
2246
2262
2265
2267
2273
2276
2280
2287
2309
2315
2320
2323
2323
2340
2341
2354
2364
2374
2376
2389
2416
2416
2423
2430
2431
2436
2456
2460
2467
2478
2480
2494
2502
2503
2507
2507
2517
2551
2552
2555
2560
2561
2562
2564
2574
2581
2582
2588
2600
2652
2654
2684
2686
2689
2719
2729
2740
2745
2751
2810
2813
2823
2828
2835
2844
2846
2848
2854
2863
2869
2873
2879
2896
2902
2905
2912
2924
2971
2974
2980
3000
3000
3007
3011
3016
3018
3025
3046
3053
3066
3084
3085
3086
3092
3111
3113
3117
3122
3125
3127
3129
3131
3145
3152
3152
3160
3164
3172
3191
3210
3214
3234
3279
3284
3286
3289
3312
3312
3314
3340
3351
3356
3372
3399
3404
3448
3464
3469
3476
3492
3508
3514
3515
3536
3541
3544
3544
3556
3556
3567
3569
3576
3576
3581
3590
3597
3600
3600
3603
3623
3628
3635
3650
3661
3662
3676
3686
3701
3717
3717
3730
3734
3739
3753
3761
3767
3777
3777
3789
3814
3815
3818
3828
3829
3834
3841
3843
3863
3867
3876
3887
3889
3893
3899
3911
3926
3953
3959
3960
3962
3970
3980
3980
3985
3986
3995
3997
4006
4008
4013
4022
4036
4041
4044
4047
4076
4085
4090
4091
4102
4108
4116
4124
4126
4142
4144
4172
4173
4173
4174
4177
4189
4192
4194
4199
4203
4204
4209
4209
4215
4215
4218
4228
4265
4271
4278
4292
4305
4312
4338
4339
4347
4347
4350
4360
4364
4371
4403
4413
4454
4455
4462
4472
4492
4498
4508
4508
4515
4525
4532
4555
4559
4563
4576
4577
4587
4604
4609
4614
4618
4625
4630
4634
4635
4647
4649
4649
4658
4661
4663
4677
4681
4694
4703
4704
4715
4724
4725
4725
4756
4766
4769
4771
4773
4782
4790
4794
4820
4822
4823
4826
4833
4834
4848
4854
4856
4862
4863
4863
4863
4866
4884
4890
4913
4922
4936
4944
4947
4975
4981
4996
5013
5021
5035
5049
5067
5074
5078
5114
5121
5126
5134
5136
5156
5171
5187
5196
5200
5205
5207
5224
5224
5229
5240
5241
5253
5258
5262
5263
5265
5286
5317
5325
5330
5338
5349
5361
5373
5379
5388
5393
5414
5414
5417
5434
5434
5437
5440
5443
5444
5445
5451
5454
5458
5459
5459
5460
5462
5476
5484
5485
5491
5492
5508
5512
5523
5551
5552
5563
5578
5605
5612
5620
5624
5626
5640
5664
5677
5683
5683
5685
5710
5713
5713
5718
5738
5744
5769
5770
5779
5794
5802
5806
5810
5820
5826
5831
5832
5848
5851
5861
5870
5871
5884
5889
5893
5906
5911
5912
5922
5926
5931
5940
5941
5950
5984
5991
5996
5999
6010
6020
6058
6065
6087
6099
6107
6121
6122
6126
6137
6137
6140
6152
6166
6168
6169
6181
6184
6185
6192
6193
6198
6200
6201
6207
6222
6222
6223
6227
6233
6235
6241
6251
6256
6260
6261
6269
6299
6309
6314
6331
6338
6339
6348
6354
6368
6371
6380
6381
6388
6396
6403
6408
6408
6413
6427
6448
6455
6470
6498
6499
6509
6511
6530
6530
6537
6539
6551
6553
6564
6570
6592
6601
6604
6619
6624
6627
6638
6642
6645
6653
6655
6667
6668
6691
6694
6699
6703
6708
6717
6725
6738
6753
6762
6773
6781
6787
6801
6807
6810
6825
6829
6830
6843
6851
6852
6864
6866
6880
6895
6897
6899
6899
6917
6926
6930
6936
6946
6972
6973
7007
7011
7012
7012
7020
7032
7035
7038
7038
7039
7040
7043
7061
7079
7080
7083
7084
7094
7100
7114
7117
7124
7127
7130
7134
7135
7136
7158
7205
7210
7215
7225
7226
7239
7241
7252
7270
7271
7271
7275
7302
7310
7311
7312
7317
7319
7323
7324
7357
7374
7379
7400
7402
7405
7423
7425
7459
7462
7463
7467
7486
7490
7495
7499
7508
7509
7510
7540
7544
7549
7577
7578
7582
7602
7603
7603
7614
7627
7628
7633
7636
7647
7678
7682
7708
7709
7723
7734
7745
7748
7765
7766
7768
7779
7786
7818
7832
7840
7840
7869
7883
7886
7892
7892
7909
7927
7934
7945
7947
7953
7953
7958
7961
7968
7977
7984
7989
7992
8001
8043
8044
8049
8056
8057
8080
8087
8092
8101
8103
8108
8118
8130
8130
8135
8141
8144
8147
8153
8155
8155
8165
8188
8204
8216
8232
8232
8234
8240
8256
8258
8268
8270
8272
8273
8276
8294
8309
8314
8330
8331
8392
8395
8405
8413
8423
8428
8439
8443
8448
8449
8468
8478
8483
8486
8486
8491
8507
8514
8516
8542
8562
8580
8584
8597
8604
8622
8624
8635
8640
8649
8658
8658
8663
8667
8670
8672
8676
8681
8704
8705
8712
8750
8766
8776
8779
8779
8808
8824
8847
8850
8866
8873
8878
8883
8894
8898
8906
8920
8922
8926
8927
8938
8965
8966
8971
8979
8990
8990
9004
9006
9016
9019
9027
9029
9030
9034
9051
9059
9061
9064
9070
9076
9077
9080
9083
9090
9101
9106
9110
9133
9160
9170
9174
9174
9175
9176
9185
9209
9210
9236
9243
9255
9265
9285
9298
9303
9316
9327
9330
9336
9340
9345
9363
9373
9383
9391
9398
9410
9415
9417
9425
9432
9451
9456
9457
9473
9485
9490
9494
9517
9519
9524
9544
9557
9558
9599
9608
9649
9668
9677
9687
9687
9694
9700
9701
9706
9709
9710
9712
9744
9755
9757
9758
9760
9769
9770
9771
9781
9786
9823
9823
9825
9845
9853
9857
9864
9865
9876
9888
9890
9890
9915
9937
9942
9946
9986
10003
10003
10009
10025
10056
10058
10071
10075
10096
10108
10109
10113
10122
10134
10144
10150
10152
10163
10170
10175
10178
10196
10219
10230
10233
10241
10244
10254
10263
10270
10276
10286
10320
10321
10326
10331
10331
10344
10358
10374
10375
10380
10381
10394
10397
10398
10404
10407
10423
10448
10453
10453
10461
10469
10490
10490
10510
10511
10523
10536
10538
10548
10558
10558
10573
10589
10604
10644
10652
10661
10664
10666
10671
10692
10712
10715
10716
10719
10721
10722
10746
10758
10762
10780
10782
10783
10786
10788
10791
10794
10819
10847
10857
10858
10862
10865
10867
10877
10877
10878
10892
10907
10916
10922
10924
10924
10932
10936
10937
10943
10946
10961
10969
10973
10978
11005
11013
11031
11033
11039
11045
11060
11061
11068
11072
11073
11074
11081
11091
11099
11111
11112
11145
11146
11147
11150
11152
11154
11175
11203
11205
11210
11212
11215
11216
11225
11228
11230
11241
11249
11249
11254
11264
11274
11275
11279
11292
11301
11308
11314
11315
11322
11325
11327
11335
11348
11357
11359
11365
11370
11373
11380
11389
11397
11399
11403
11416
11427
11430
11432
11447
11447
11453
11477
11480
11484
11485
11501
11515
11537
11553
11553
11555
11565
11573
11574
11576
11579
11596
11598
11603
11633
11642
11654
11663
11673
11677
11682
11685
11730
11742
11746
11755
11765
11779
11789
11793
11794
11802
11804
11816
11822
11827
11832
11853
11854
11862
11887
11909
11931
11932
11945
11948
11950
11951
11951
11970
11974
11980
11986
11987
11990
11995
12016
12036
12040
12041
12047
12067
12068
12081
12081
12085
12105
12129
12135
12154
12171
12171
12175
12177
12184
12201
12210
12214
12221
12227
12230
12239
12257
12259
12261
12262
12264
12265
12272
12275
12294
12300
12311
12312
12315
12334
12346
12347
12354
12355
12372
12372
12385
12415
12416
12419
12427
12431
12440
12450
12453
12456
12467
12480
12480
12482
12485
12491
12494
12495
12515
12534
12542
12545
12557
12559
12567
12570
12576
12582
12588
12596
12596
12604
12623
12629
12632
12635
12637
12643
12661
12679
12698
12698
12706
12716
12728
12741
12752
12755
12763
12771
12774
12777
12803
12812
12815
12821
12823
12830
12835
12851
12852
12886
12888
12907
12907
12922
12955
12968
12973
12982
12983
13007
13029
13049
13050
13051
13064
13082
13090
13093
13099
13115
13127
13144
13156
13159
13159
13160
13165
13169
13173
13192
13196
13199
13213
13214
13219
13224
13224
13240
13251
13252
13265
13279
13282
13288
13297
13299
13310
13325
13335
13340
13341
13352
13362
13370
13374
13374
13374
13384
13388
13390
13406
13408
13409
13413
13418
13423
13427
13444
13472
13473
13504
13519
13520
13526
13537
13537
13543
13557
13566
13580
13584
13606
13609
13611
13623
13626
13628
13637
13644
13649
13661
13665
13674
13676
13682
13693
13694
13720
13742
13764
13764
13778
13787
13802
13806
13821
13828
13839
13850
13859
13863
13865
13865
13867
13872
13894
13895
13904
13906
13908
13909
13913
13930
13950
13951
13955
13958
13959
13967
13971
13978
13980
13994
14003
14034
14042
14057
14060
14079
14094
14117
14119
14140
14144
14153
14166
14177
14182
14199
14216
14230
14234
14247
14250
14257
14287
14353
14356
14356
14363
14366
14369
14373
14378
14392
14401
14406
14418
14425
14426
14431
14438
14446
14450
14453
14469
14475
14477
14483
14488
14492
14492
14494
14497
14498
14499
14514
14518
14525
14526
14533
14537
14555
14563
14566
14569
14573
14574
14591
14602
14616
14630
14630
14644
14658
14660
14667
14667
14671
14680
14690
14697
14701
14704
14711
14722
14726
14729
14751
14758
14765
14770
14774
14779
14793
14800
14810
14814
14820
14821
14852
14852
14862
14864
14885
14895
14897
14899
14913
14932
14934
14936
14943
14955
14970
14973
14977
14995
14998
14999
15036
15042
15058
15066
15068
15075
15086
15089
15089
15092
15094
15095
15098
15116
15117
15124
15132
15136
15142
15147
15150
15169
15177
15190
15226
15251
15255
15258
15262
15272
15281
15282
15282
15290
15307
15310
15313
15319
15320
15327
15330
15334
15345
15354
15366
15367
15386
15393
15404
15420
15434
15455
15457
15462
15472
15486
15490
15519
15519
15529
15529
15535
15557
15560
15569
15587
15604
15607
15619
15629
15637
15644
15650
15651
15658
15674
15681
15694
15698
15705
15715
15723
15746
15756
15761
15773
15783
15784
15786
15789
15809
15821
15832
15852
15854
15860
15876
15879
15904
15920
15924
15930
15943
15954
15954
15957
15965
15967
15991
16005
16025
16032
16038
16041
16043
16068
16070
16072
16080
16095
16097
16100
16117
16127
16133
16140
16143
16145
16157
16159
16169
16176
16180
16186
16195
16211
16224
16225
16225
16227
16237
16263
16269
16279
16279
16282
16297
16299
16318
16321
16322
16336
16376
16377
16388
16405
16409
16415
16423
16438
16463
16476
16486
16490
16499
16509
16510
16517
16517
16523
16529
16540
16543
16569
16570
16574
16580
16584
16588
16593
16594
16607
16612
16619
16626
16629
16630
16633
16635
16637
16643
16645
16647
16655
16658
16673
16673
16684
16686
16699
16701
16701
16732
16758
16758
16758
16762
16767
16774
16775
16780
16789
16800
16811
16814
16814
16814
16836
16845
16851
16859
16864
16866
16882
16885
16886
16905
16907
16913
16914
16916
16927
16931
16935
16959
16959
16986
16987
16990
17001
17003
17007
17025
17025
17027
17032
17033
17033
17045
17046
17060
17081
17087
17101
17118
17118
17120
17134
17136
17140
17144
17178
17185
17191
17191
17192
17223
17233
17250
17258
17275
17278
17279
17284
17288
17288
17291
17291
17305
17306
17307
17319
17324
17325
17327
17331
17340
17341
17341
17345
17348
17353
17353
17354
17356
17362
17364
17379
17404
17404
17421
17421
17424
17447
17449
17449
17454
17475
17484
17488
17493
17518
17525
17535
17546
17549
17559
17562
17582
17585
17611
17613
17617
17621
17629
17630
17636
17638
17640
17645
17646
17659
17669
17675
17682
17685
17695
17703
17713
17737
17745
17750
17751
17755
17756
17765
17772
17776
17778
17797
17800
17804
17806
17810
17829
17839
17840
17848
17853
17854
17857
17879
17885
17898
17901
17906
17915
17939
17945
17959
17965
17972
17984
17984
18005
18006
18040
18040
18043
18059
18064
18071
18073
18085
18086
18112
18121
18125
18125
18134
18139
18147
18151
18154
18158
18159
18159
18175
18176
18176
18190
18204
18235
18245
18246
18248
18251
18253
18260
18262
18263
18275
18296
18296
18311
18333
18340
18352
18361
18363
18382
18394
18399
18403
18414
18416
18420
18421
18425
18439
18455
18456
18481
18489
18506
18508
18519
18524
18536
18541
18555
18561
18573
18587
18598
18602
18617
18618
18625
18632
18645
18654
18676
18710
18722
18732
18736
18760
18779
18783
18806
18825
18838
18866
18868
18872
18873
18894
18903
18911
18923
18924
18930
18941
18943
18949
18951
18970
18971
18993
19007
19020
19027
19034
19038
19041
19047
19047
19048
19055
19059
19136
19142
19161
19162
19183
19188
19191
19218
19223
19224
19225
19251
19255
19256
19260
19280
19286
19294
19294
19301
19314
19334
19334
19337
19337
19344
19350
19356
19358
19367
19375
19376
19379
19385
19394
19395
19398
19400
19403
19405
19406
19414
19417
19419
19455
19455
19514
19515
19518
19518
19521
19521
19534
19535
19538
19538
19551
19551
19565
19567
19571
19573
19582
19596
19599
19603
19604
19608
19609
19614
19621
19626
19629
19655
19658
19660
19661
19666
19672
19679
19688
19697
19705
19729
19731
19746
19747
19750
19755
19761
19765
19766
19771
19773
19777
19781
19790
19798
19798
19800
19809
19814
19815
19816
19822
19823
19829
19845
19848
19879
19880
19885
19889
19893
19904
19910
19912
19921
19923
19926
19950
19970
19982
19985
19986
19988
19990
20037
20041
20083
20083
20099
20103
20110
20113
20128
20132
20145
20156
20160
20164
20169
20173
20185
20188
20192
20201
20213
20213
20220
20228
20236
20237
20241
20243
20249
20251
20256
20258
20269
20275
20294
20294
20302
20306
20310
20316
20321
20325
20330
20331
20339
20341
20342
20344
20352
20352
20378
20379
20386
20388
20393
20397
20399
20411
20417
20446
20473
20480
20486
20490
20500
20505
20507
20521
20546
20547
20554
20555
20572
20577
20581
20605
20616
20618
20624
20642
20652
20654
20676
20687
20704
20713
20730
20733
20740
20743
20743
20753
20768
20773
20793
20793
20794
20794
20797
20811
20813
20828
20829
20838
20852
20855
20858
20861
20871
20872
20885
20887
20891
20923
20927
20943
20946
20961
20970
20988
20990
20999
21003
21013
21014
21017
21019
21021
21021
21026
21027
21036
21044
21071
21080
21094
21098
21114
21124
21128
21134
21138
21144
21152
21153
21154
21175
21182
21190
21198
21199
21208
21212
21220
21223
21244
21251
21251
21256
21257
21278
21283
21285
21286
21296
21313
21316
21318
21334
21336
21374
21390
21397
21398
21414
21428
21436
21440
21448
21449
21451
21470
21471
21473
21477
21477
21489
21492
21496
21498
21503
21518
21522
21523
21529
21536
21546
21550
21552
21553
21559
21572
21579
21582
21585
21587
21610
21613
21623
21628
21646
21667
21669
21672
21683
21689
21718
21722
21723
21737
21756
21759
21770
21771
21778
21782
21791
21805
21806
21813
21816
21828
21830
21835
21846
21858
21862
21873
21879
21879
21880
21885
21892
21898
21900
21903
21917
21917
21920
21921
21932
21937
21937
21957
22001
22008
22018
22027
22028
22031
22035
22040
22042
22044
22046
22053
22058
22060
22072
22079
22083
22085
22086
22089
22096
22101
22105
22107
22117
22146
22163
22168
22168
22169
22182
22183
22187
22204
22211
22213
22225
22227
22232
22246
22250
22259
22266
22284
22287
22288
22308
22311
22311
22315
22320
22331
22343
22350
22351
22383
22387
22397
22407
22409
22413
22425
22445
22453
22467
22467
22472
22481
22489
22490
22497
22508
22520
22530
22541
22541
22542
22564
22569
22585
22594
22595
22598
22599
22602
22606
22609
22630
22641
22643
22648
22674
22693
22704
22711
22713
22718
22718
22756
22757
22780
22794
22799
22802
22812
22817
22834
22862
22878
22903
22904
22943
22947
22976
23008
23010
23014
23022
23043
23055
23090
23090
23099
23101
23102
23110
23124
23135
23144
23171
23179
23180
23190
23192
23193
23195
23220
23230
23239
23246
23250
23264
23272
23276
23294
23297
23300
23302
23305
23314
23321
23321
23327
23343
23352
23355
23357
23362
23363
23374
23382
23387
23392
23409
23432
23438
23440
23442
23459
23463
23474
23488
23490
23510
23515
23521
23522
23533
23533
23536
23554
23567
23570
23576
23579
23584
23596
23598
23598
23605
23626
23629
23633
23635
23637
23644
23654
23660
23665
23671
23680
23684
23693
23697
23705
23706
23707
23721
23722
23732
23734
23740
23741
23750
23754
23764
23789
23792
23798
23809
23822
23865
23874
23879
23886
23902
23904
23922
23945
23946
23967
23968
23979
23980
23981
23994
23998
23998
23999
24013
24024
24030
24033
24035
24050
24059
24059
24069
24106
24110
24115
24130
24143
24156
24163
24187
24259
24264
24274
24274
24275
24289
24289
24300
24302
24314
24315
24324
24327
24329
24334
24344
24354
24359
24382
24387
24389
24400
24403
24425
24450
24466
24472
24496
24500
24501
24504
24511
24513
24533
24537
24539
24542
24542
24547
24584
24589
24591
24598
24607
24607
24608
24627
24644
24673
24677
24689
24690
24691
24695
24709
24714
24740
24759
24786
24809
24821
24823
24828
24839
24840
24841
24854
24855
24858
24862
24870
24875
24894
24895
24898
24901
24913
24915
24934
24946
24965
24986
24989
24992
25001
25015
25027
25028
25037
25047
25051
25055
25075
25088
25093
25094
25102
25111
25116
25124
25136
25139
25152
25163
25168
25172
25186
25188
25191
25196
25232
25237
25257
25272
25274
25306
25328
25331
25342
25345
25350
25375
25379
25386
25389
25409
25436
25474
25474
25492
25538
25541
25549
25555
25557
25568
25571
25577
25630
25642
25645
25648
25661
25663
25685
25702
25706
25709
25725
25736
25754
25762
25763
25764
25776
25786
25791
25794
25810
25819
25820
25820
25830
25832
25834
25837
25841
25849
25867
25884
25891
25897
25904
25920
25923
25934
25937
25939
25940
25941
25958
25970
25970
25975
25977
25991
25995
26010
26018
26027
26033
26036
26045
26053
26056
26064
26069
26077
26080
26082
26088
26088
26094
26105
26107
26109
26112
26142
26147
26147
26149
26152
26155
26185
26186
26202
26225
26233
26253
26259
26272
26293
26295
26305
26320
26320
26340
26363
26368
26370
26372
26373
26410
26410
26414
26451
26452
26454
26456
26458
26483
26496
26501
26514
26517
26535
26537
26549
26552
26593
26593
26595
26598
26621
26621
26633
26643
26646
26648
26655
26659
26664
26674
26687
26703
26712
26715
26733
26734
26746
26753
26758
26769
26771
26786
26796
26814
26829
26830
26841
26852
26860
26871
26872
26884
26885
26907
26908
26912
26928
26931
26933
26933
26951
26969
26979
26988
26994
26996
27005
27009
27009
27016
27036
27036
27057
27064
27068
27088
27101
27109
27137
27158
27172
27176
27181
27210
27217
27242
27243
27270
27274
27276
27296
27300
27320
27330
27334
27335
27336
27343
27351
27357
27357
27360
27361
27369
27372
27381
27383
27391
27402
27413
27417
27417
27439
27444
27446
27450
27464
27468
27477
27488
27491
27494
27500
27524
27537
27541
27547
27561
27564
27566
27573
27575
27578
27591
27595
27611
27633
27644
27656
27658
27674
27681
27684
27696
27701
27703
27711
27719
27720
27735
27735
27739
27748
27750
27765
27770
27773
27773
27797
27804
27805
27814
27817
27818
27830
27854
27856
27859
27862
27875
27885
27897
27898
27898
27908
27909
27911
27925
27927
27948
27957
27970
28007
28020
28021
28039
28048
28049
28065
28068
28069
28091
28096
28096
28097
28099
28106
28110
28112
28115
28124
28132
28137
28139
28144
28146
28147
28161
28174
28178
28183
28186
28186
28190
28194
28195
28211
28216
28217
28219
28240
28246
28246
28248
28249
28252
28263
28274
28277
28280
28290
28290
28294
28296
28300
28305
28308
28314
28321
28342
28345
28351
28353
28363
28363
28382
28392
28405
28411
28427
28428
28430
28437
28462
28475
28483
28518
28519
28522
28530
28547
28550
28569
28575
28576
28585
28589
28614
28624
28625
28626
28629
28632
28634
28636
28639
28640
28657
28671
28685
28691
28695
28705
28711
28711
28716
28722
28727
28734
28735
28736
28752
28759
28778
28782
28784
28809
28809
28815
28820
28837
28880
28898
28920
28952
28955
28961
28970
28993
28995
29000
29002
29006
29008
29016
29028
29032
29032
29033
29035
29037
29051
29070
29081
29088
29088
29094
29105
29109
29116
29117
29120
29121
29121
29124
29129
29141
29154
29173
29176
29190
29214
29221
29221
29236
29250
29263
29301
29338
29351
29368
29377
29385
29387
29394
29398
29399
29400
29406
29413
29444
29445
29455
29463
29486
29491
29493
29496
29505
29509
29517
29534
29545
29549
29557
29561
29573
29578
29580
29593
29595
29595
29608
29617
29624
29631
29632
29639
29640
29660
29661
29665
29668
29668
29670
29688
29699
29701
29702
29705
29707
29710
29722
29739
29741
29745
29753
29761
29764
29766
29773
29773
29779
29783
29791
29799
29819
29820
29825
29843
29862
29876
29909
29914
29914
29931
29951
29956
29959
29963
29970
29978
29985
29985
29986
29996
30000
30020
30026
30029
30046
30081
30091
30098
30099
30099
30101
30107
30109
30113
30116
30117
30120
30132
30133
30133
30145
30151
30168
30174
30179
30183
30193
30197
30221
30223
30223
30234
30240
30253
30260
30261
30268
30272
30276
30280
30306
30306
30315
30318
30342
30354
30358
30361
30364
30367
30378
30395
30403
30423
30434
30438
30441
30476
30481
30488
30496
30499
30505
30512
30521
30535
30546
30575
30607
30613
30617
30618
30631
30644
30646
30653
30656
30693
30702
30704
30712
30731
30738
30745
30756
30775
30782
30787
30794
30812
30858
30890
30896
30897
30924
30952
30972
30974
30983
30994
30995
31002
31008
31010
31016
31033
31041
31064
31074
31080
31089
31095
31098
31103
31105
31107
31109
31116
31117
31126
31140
31141
31148
31166
31167
31183
31200
31203
31211
31217
31223
31230
31237
31239
31243
31244
31258
31263
31282
31306
31321
31329
31338
31339
31341
31354
31355
31358
31371
31371
31380
31380
31386
31386
31389
31394
31404
31407
31409
31418
31418
31433
31435
31443
31456
31460
31462
31464
31493
31499
31514
31519
31527
31531
31550
31552
31554
31555
31557
31558
31561
31566
31574
31586
31589
31590
31618
31631
31641
31647
31658
31661
31666
31680
31681
31702
31707
31714
31719
31724
31735
31735
31738
31742
31747
31750
31763
31765
31775
31788
31799
31804
31826
31837
31850
31852
31861
31868
31879
31883
31887
31895
31904
31906
31907
31914
31920
31921
31925
31926
31928
31949
31958
31966
31966
31968
31974
31981
31981
31988
31993
32008
32015
32017
32033
32046
32046
32047
32063
32064
32067
32069
32074
32082
32086
32101
32132
32161
32172
32211
32227
32243
32253
32255
32256
32274
32278
32287
32294
32295
32300
32305
32312
32324
32333
32334
32340
32350
32359
32372
32413
32413
32433
32434
32439
32440
32448
32457
32459
32467
32469
32478
32482
32507
32510
32519
32532
32536
32540
32540
32551
32561
32562
32566
32572
32583
32583
32587
32587
32588
32590
32595
32605
32606
32616
32629
32650
32650
32656
32659
32660
32667
32673
32683
32693
32703
32705
32723
32729
32731
32737
32745
32775
32776
32779
32804
32811
32815
32823
32847
32850
32859
32870
32898
32902
32916
32921
32934
32936
32938
32941
32960
32981
32983
32985
33000
33004
33017
33019
33026
33027
33032
33036
33049
33053
33056
33059
33064
33066
33068
33078
33079
33085
33106
33118
33120
33125
33168
33173
33173
33179
33186
33210
33221
33224
33227
33230
33231
33239
33240
33241
33247
33248
33262
33267
33269
33275
33288
33292
33305
33314
33317
33324
33328
33330
33339
33348
33354
33360
33376
33385
33386
33401
33403
33417
33418
33418
33421
33422
33438
33439
33450
33452
33460
33468
33469
33471
33476
33480
33485
33487
33490
33499
33508
33515
33516
33546
33553
33556
33563
33577
33580
33589
33610
33614
33633
33634
33656
33664
33675
33679
33681
33695
33698
33706
33720
33722
33733
33743
33755
33758
33769
33780
33784
33793
33805
33806
33829
33840
33856
33871
33888
33891
33896
33896
33898
33904
33906
33916
33929
33940
33944
33951
33953
33956
33958
33963
33988
33990
33995
33995
34014
34023
34028
34054
34076
34085
34095
34100
34112
34122
34130
34149
34150
34155
34161
34180
34182
34201
34202
34204
34220
34227
34229
34234
34262
34263
34264
34281
34289
34290
34307
34310
34330
34337
34349
34369
34370
34399
34424
34427
34430
34431
34436
34455
34461
34462
34468
34468
34473
34478
34480
34488
34507
34519
34535
34541
34550
34561
34564
34567
34572
34581
34583
34584
34589
34590
34592
34594
34597
34605
34610
34632
34635
34641
34646
34652
34677
34680
34683
34701
34703
34705
34710
34715
34716
34735
34737
34739
34741
34745
34754
34765
34767
34782
34782
34788
34788
34792
34794
34794
34804
34809
34810
34810
34815
34819
34825
34837
34864
34868
34868
34870
34877
34878
34892
34914
34915
34917
34925
34936
34939
34939
34970
34976
34979
34981
34995
35017
35024
35035
35049
35052
35057
35060
35061
35075
35076
35077
35090
35091
35098
35099
35108
35112
35115
35116
35120
35129
35133
35135
35136
35140
35142
35143
35147
35150
35152
35184
35217
35242
35246
35257
35269
35270
35273
35293
35296
35299
35299
35305
35307
35314
35319
35331
35331
35333
35333
35357
35365
35374
35374
35380
35387
35417
35432
35435
35439
35440
35448
35452
35464
35465
35466
35471
35478
35515
35518
35529
35538
35541
35554
35556
35575
35588
35602
35603
35605
35607
35614
35641
35643
35646
35648
35654
35687
35696
35715
35727
35741
35757
35760
35816
35819
35822
35829
35840
35848
35855
35865
35879
35896
35903
35909
35920
35925
35926
35980
35985
36020
36030
36033
36044
36046
36058
36087
36091
36102
36118
36120
36122
36125
36132
36134
36137
36139
36168
36180
36194
36200
36200
36201
36229
36231
36251
36260
36266
36284
36288
36325
36329
36337
36344
36355
36361
36373
36382
36383
36389
36405
36407
36414
36417
36429
36435
36437
36452
36454
36456
36482
36482
36495
36509
36521
36522
36525
36528
36530
36530
36544
36551
36552
36557
36563
36579
36596
36599
36613
36630
36631
36644
36654
36657
36664
36671
36674
36679
36694
36695
36703
36704
36705
36708
36714
36726
36733
36738
36759
36793
36794
36800
36801
36801
36817
36831
36832
36838
36843
36848
36854
36872
36885
36934
36934
36936
36937
36940
36942
36951
36958
36965
36995
36996
37007
37010
37010
37038
37039
37041
37060
37070
37076
37094
37094
37108
37110
37116
37125
37136
37139
37147
37172
37174
37177
37184
37191
37200
37211
37223
37231
37239
37244
37247
37273
37273
37303
37314
37335
37353
37353
37357
37360
37363
37363
37364
37375
37383
37389
37399
37401
37411
37412
37421
37427
37436
37444
37447
37497
37498
37528
37528
37531
37551
37554
37556
37560
37562
37562
37566
37574
37577
37588
37592
37593
37603
37605
37606
37610
37615
37616
37616
37618
37619
37648
37666
37689
37705
37732
37740
37746
37759
37762
37769
37772
37795
37801
37809
37816
37819
37830
37835
37841
37862
37862
37862
37864
37879
37881
37897
37904
37904
37905
37914
37925
37950
37961
37966
37968
37987
37987
38011
38027
38031
38033
38035
38048
38067
38068
38072
38077
38079
38082
38094
38099
38105
38105
38110
38114
38118
38131
38132
38138
38164
38170
38187
38206
38210
38217
38259
38261
38279
38280
38284
38298
38300
38306
38314
38314
38328
38330
38334
38342
38355
38359
38360
38363
38363
38375
38388
38414
38416
38431
38441
38443
38454
38460
38464
38480
38496
38497
38502
38505
38506
38512
38516
38532
38533
38538
38543
38544
38572
38574
38580
38605
38612
38616
38637
38643
38655
38661
38666
38689
38710
38724
38735
38747
38752
38759
38768
38778
38796
38806
38818
38831
38837
38854
38856
38858
38863
38867
38875
38883
38884
38885
38891
38901
38904
38911
38929
38936
38937
38938
38944
38959
38972
38982
38983
38985
38986
38991
38992
39008
39009
39011
39047
39061
39091
39092
39102
39104
39105
39107
39108
39115
39125
39133
39135
39136
39138
39155
39161
39161
39170
39175
39176
39195
39202
39215
39226
39231
39233
39236
39252
39252
39261
39293
39299
39305
39310
39311
39315
39318
39335
39338
39339
39370
39373
39377
39392
39401
39404
39417
39417
39425
39426
39428
39434
39437
39448
39449
39460
39479
39483
39492
39493
39493
39498
39518
39555
39557
39561
39579
39580
39592
39594
39596
39597
39606
39626
39630
39643
39652
39653
39656
39656
39660
39682
39703
39716
39729
39745
39746
39759
39779
39802
39802
39805
39817
39822
39822
39824
39826
39838
39839
39842
39855
39858
39861
39874
39876
39900
39902
39905
39908
39909
39921
39931
39939
39944
39963
39965
39974
39987
39999
40018
40025
40026
40040
40049
40054
40066
40069
40096
40100
40141
40145
40146
40157
40161
40165
40173
40177
40183
40193
40199
40209
40213
40251
40269
40274
40279
40287
40291
40299
40301
40308
40319
40323
40326
40331
40342
40358
40368
40372
40379
40394
40401
40402
40404
40407
40419
40430
40476
40486
40488
40501
40501
40515
40515
40517
40526
40527
40529
40530
40536
40545
40557
40569
40570
40577
40583
40590
40602
40616
40623
40624
40627
40641
40653
40658
40675
40688
40691
40720
40727
40733
40733
40739
40749
40750
40792
40804
40806
40806
40818
40836
40842
40850
40867
40869
40878
40892
40894
40904
40932
40946
40950
40966
40982
40992
41021
41022
41024
41025
41035
41042
41049
41070
41074
41089
41096
41101
41109
41112
41116
41128
41132
41136
41140
41158
41179
41192
41196
41209
41223
41223
41225
41234
41235
41244
41256
41257
41259
41271
41282
41309
41313
41315
41319
41324
41327
41350
41352
41355
41364
41368
41369
41380
41390
41392
41409
41433
41441
41449
41453
41465
41465
41470
41473
41498
41500
41521
41524
41535
41536
41560
41564
41564
41565
41568
41568
41572
41573
41590
41596
41603
41606
41612
41620
41623
41624
41629
41632
41633
41643
41683
41685
41688
41698
41703
41720
41729
41731
41732
41735
41738
41740
41750
41753
41755
41768
41774
41783
41787
41789
41795
41820
41821
41822
41823
41830
41840
41841
41845
41897
41900
41901
41954
41962
41976
41979
41982
41988
41990
41995
41998
41999
42003
42005
42007
42008
42011
42026
42026
42034
42060
42062
42074
42077
42085
42094
42098
42141
42145
42147
42181
42183
42185
42199
42201
42205
42218
42222
42236
42245
42251
42251
42278
42285
42309
42318
42325
42331
42337
42346
42352
42359
42361
42366
42392
42393
42404
42418
42429
42435
42444
42458
42461
42467
42470
42475
42490
42492
42493
42500
42504
42511
42515
42517
42522
42532
42533
42539
42560
42565
42566
42567
42572
42576
42580
42589
42590
42593
42594
42597
42599
42606
42623
42624
42631
42632
42643
42644
42661
42668
42675
42679
42688
42709
42720
42721
42722
42737
42757
42776
42780
42787
42809
42812
42840
42846
42849
42859
42871
42876
42877
42890
42895
42900
42910
42912
42925
42936
42963
42965
42977
42979
42980
42981
42982
42988
42994
42996
43004
43024
43035
43037
43041
43075
43092
43102
43120
43123
43126
43132
43136
43160
43185
43194
43202
43205
43207
43220
43222
43256
43257
43263
43266
43267
43281
43285
43286
43288
43294
43296
43303
43304
43305
43308
43309
43312
43322
43326
43340
43356
43360
43363
43367
43367
43368
43380
43382
43388
43403
43405
43423
43428
43433
43452
43452
43457
43458
43461
43462
43503
43511
43538
43539
43574
43577
43591
43598
43608
43614
43615
43624
43645
43662
43668
43670
43676
43676
43688
43704
43736
43738
43751
43760
43761
43769
43787
43788
43806
43807
43822
43822
43826
43826
43829
43842
43845
43849
43860
43862
43875
43899
43925
43926
43943
43945
43951
43954
43954
43961
43962
43963
43966
43976
43979
43979
43983
43994
44006
44018
44025
44039
44041
44042
44043
44046
44048
44052
44058
44059
44075
44080
44082
44095
44122
44123
44126
44139
44144
44153
44158
44158
44166
44167
44182
44183
44200
44211
44218
44229
44237
44238
44243
44277
44278
44285
44296
44313
44314
44314
44318
44330
44332
44350
44354
44361
44366
44371
44381
44394
44402
44408
44408
44422
44429
44433
44433
44443
44450
44451
44458
44479
44485
44501
44513
44514
44517
44520
44523
44527
44530
44549
44554
44559
44560
44571
44577
44586
44600
44619
44619
44625
44626
44632
44635
44646
44649
44652
44666
44670
44671
44678
44687
44696
44715
44722
44723
44728
44728
44728
44746
44759
44759
44761
44761
44796
44797
44802
44808
44815
44818
44823
44827
44834
44842
44843
44863
44889
44897
44897
44913
44914
44918
44931
44946
44950
44950
44964
44969
44990
44994
44995
45002
45014
45022
45038
45051
45057
45073
45079
45106
45109
45119
45125
45131
45137
45144
45144
45151
45163
45169
45178
45178
45181
45185
45189
45189
45191
45198
45203
45206
45211
45215
45220
45233
45240
45246
45246
45253
45264
45270
45272
45288
45294
45312
45313
45320
45332
45344
45354
45356
45357
45362
45380
45382
45388
45404
45441
45452
45452
45462
45487
45510
45536
45547
45551
45554
45555
45556
45563
45581
45600
45602
45604
45618
45642
45650
45652
45652
45664
45665
45667
45669
45674
45677
45677
45686
45697
45724
45734
45735
45751
45757
45758
45763
45775
45785
45796
45796
45797
45801
45801
45811
45816
45822
45833
45837
45848
45852
45854
45858
45862
45862
45867
45868
45875
45897
45906
45909
45919
45933
45939
45939
45939
45950
45953
45953
45953
45971
45983
45984
45990
46009
46016
46030
46038
46059
46066
46092
46125
46132
46137
46158
46173
46180
46185
46191
46202
46205
46211
46216
46235
46246
46258
46259
46293
46301
46304
46313
46317
46322
46331
46355
46357
46380
46392
46398
46407
46409
46419
46432
46435
46439
46440
46443
46445
46449
46454
46456
46463
46471
46474
46482
46493
46510
46514
46534
46543
46553
46556
46556
46571
46573
46598
46603
46614
46615
46629
46629
46643
46648
46656
46659
46661
46677
46681
46693
46696
46700
46703
46707
46718
46719
46726
46736
46738
46749
46751
46763
46774
46776
46781
46783
46785
46787
46788
46812
46819
46827
46828
46828
46829
46839
46841
46848
46851
46860
46872
46874
46877
46883
46886
46907
46910
46912
46921
46934
46943
46958
46967
46969
46991
46993
46995
47010
47026
47064
47100
47104
47116
47121
47134
47137
47146
47154
47156
47162
47170
47173
47173
47173
47175
47205
47223
47229
47250
47255
47269
47276
47292
47298
47305
47309
47310
47313
47318
47320
47325
47332
47334
47335
47335
47343
47352
47367
47375
47383
47385
47387
47389
47401
47406
47413
47418
47425
47437
47443
47446
47448
47448
47456
47465
47473
47480
47503
47511
47521
47527
47534
47536
47549
47560
47570
47572
47582
47584
47585
47587
47596
47596
47616
47620
47621
47637
47651
47664
47666
47677
47679
47685
47692
47708
47708
47723
47724
47750
47755
47761
47762
47778
47780
47786
47787
47799
47801
47802
47814
47819
47819
47842
47848
47865
47868
47873
47884
47885
47916
47921
47924
47943
47946
47948
47953
47956
47968
47979
47983
47988
47989
47994
48008
48012
48013
48036
48046
48049
48060
48072
48083
48090
48091
48113
48137
48154
48158
48168
48171
48172
48188
48209
48212
48225
48232
48240
48243
48277
48278
48279
48291
48296
48302
48306
48308
48325
48327
48363
48368
48369
48387
48404
48408
48408
48410
48417
48417
48419
48423
48429
48449
48473
48503
48521
48525
48527
48530
48532
48535
48538
48539
48539
48540
48559
48565
48575
48580
48601
48605
48615
48635
48656
48658
48685
48692
48695
48696
48732
48741
48746
48761
48761
48764
48768
48770
48773
48796
48817
48832
48838
48847
48847
48848
48850
48851
48853
48859
48869
48872
48877
48881
48898
48900
48900
48904
48904
48945
48947
48949
48950
48950
48951
48966
48968
48979
48986
48986
48991
48992
48996
49013
49027
49030
49032
49053
49055
49073
49074
49092
49096
49099
49109
49110
49115
49117
49129
49129
49148
49150
49150
49162
49184
49193
49196
49197
49232
49236
49246
49264
49285
49308
49319
49334
49336
49340
49340
49347
49349
49356
49377
49377
49398
49401
49404
49412
49413
49418
49457
49460
49461
49466
49484
49486
49489
49499
49504
49505
49519
49522
49524
49530
49530
49534
49542
49544
49544
49554
49568
49571
49574
49620
49627
49640
49645
49645
49646
49648
49667
49683
49686
49733
49737
49741
49744
49745
49753
49771
49777
49795
49807
49819
49825
49829
49833
49834
49837
49841
49841
49848
49864
49864
49865
49865
49868
49877
49881
49889
49899
49899
49904
49904
49914
49922
49926
49934
49936
49952
49966
49967
49988
49991
49996
50020
50026
50034
50037
50063
50068
50074
50077
50081
50088
50148
50148
50148
50154
50162
50164
50166
50179
50184
50184
50230
50231
50237
50241
50259
50263
50266
50268
50269
50278
50280
50291
50299
50304
50311
50314
50321
50322
50326
50333
50334
50337
50338
50338
50341
50368
50371
50374
50378
50399
50405
50418
50418
50426
50430
50430
50433
50435
50445
50445
50452
50458
50466
50468
50470
50472
50483
50507
50508
50510
50511
50525
50545
50555
50564
50565
50567
50580
50582
50586
50591
50599
50605
50610
50635
50660
50682
50683
50697
50731
50731
50743
50752
50755
50783
50787
50811
50817
50857
50866
50873
50874
50882
50883
50891
50891
50904
50907
50912
50922
50922
50928
50945
50948
50949
50955
50958
50975
50979
50981
50988
50993
51007
51011
51042
51050
51070
51089
51091
51094
51095
51105
51108
51146
51150
51155
51173
51174
51178
51179
51207
51243
51244
51248
51251
51258
51262
51270
51291
51294
51296
51318
51326
51329
51334
51338
51358
51361
51371
51386
51405
51427
51484
51485
51494
51507
51515
51516
51525
51526
51526
51542
51549
51553
51554
51565
51585
51587
51597
51600
51615
51639
51644
51655
51668
51672
51685
51696
51699
51702
51705
51711
51720
51739
51742
51752
51773
51777
51784
51797
51812
51829
51848
51854
51861
51882
51884
51891
51900
51916
51953
51955
51963
51965
51977
51980
51992
52000
52002
52037
52058
52062
52071
52091
52094
52110
52114
52138
52163
52164
52173
52174
52177
52178
52198
52211
52229
52254
52269
52285
52294
52298
52309
52331
52331
52344
52350
52364
52373
52381
52382
52384
52388
52400
52412
52413
52431
52445
52447
52469
52473
52475
52486
52500
52503
52512
52513
52518
52527
52529
52555
52557
52564
52578
52590
52595
52596
52600
52634
52639
52641
52641
52653
52668
52678
52679
52682
52684
52684
52687
52691
52697
52697
52699
52705
52727
52729
52732
52739
52743
52751
52754
52775
52783
52793
52798
52810
52811
52817
52824
52830
52831
52856
52858
52862
52877
52877
52890
52898
52901
52909
52915
52920
52925
52928
52947
52973
52976
52980
52988
53000
53003
53007
53017
53051
53053
53055
53066
53068
53073
53079
53100
53103
53122
53134
53138
53143
53146
53160
53169
53178
53179
53229
53233
53248
53255
53262
53262
53269
53270
53275
53295
53303
53313
53313
53314
53316
53324
53328
53332
53336
53343
53351
53362
53377
53378
53385
53387
53398
53404
53409
53420
53427
53436
53448
53465
53473
53483
53490
53492
53500
53502
53511
53516
53521
53522
53522
53532
53533
53543
53549
53567
53577
53585
53609
53619
53626
53645
53664
53665
53668
53674
53680
53686
53692
53699
53708
53714
53722
53724
53729
53729
53743
53743
53744
53745
53746
53751
53773
53773
53778
53779
53784
53795
53796
53803
53808
53822
53827
53834
53836
53846
53847
53849
53849
53850
53857
53865
53866
53878
53879
53912
53914
53927
53938
53950
53950
53955
53956
53964
53969
53970
53978
53983
53996
54027
54029
54044
54044
54044
54046
54052
54053
54057
54077
54081
54081
54086
54096
54097
54097
54099
54102
54105
54107
54128
54135
54141
54158
54181
54200
54216
54219
54236
54251
54261
54263
54263
54267
54270
54275
54277
54277
54281
54304
54324
54326
54337
54342
54346
54351
54351
54360
54377
54382
54398
54401
54410
54415
54429
54444
54455
54468
54471
54478
54480
54481
54486
54491
54505
54510
54521
54525
54525
54525
54526
54527
54527
54533
54557
54558
54559
54566
54569
54571
54585
54585
54586
54591
54593
54595
54601
54624
54635
54641
54670
54670
54677
54705
54727
54734
54755
54756
54787
54794
54805
54808
54817
54825
54836
54850
54854
54870
54887
54892
54904
54911
54925
54931
54933
54938
54941
54971
54975
54980
55003
55007
55010
55018
55029
55046
55077
55077
55079
55079
55102
55105
55105
55112
55119
55130
55131
55132
55136
55140
55147
55157
55162
55169
55170
55170
55172
55189
55197
55209
55216
55228
55240
55267
55276
55283
55289
55304
55307
55307
55318
55321
55335
55336
55342
55348
55373
55391
55403
55403
55404
55429
55437
55438
55473
55475
55483
55493
55497
55519
55540
55551
55566
55580
55592
55593
55621
55631
55655
55656
55657
55694
55701
55701
55705
55728
55742
55750
55754
55767
55772
55791
55793
55829
55845
55852
55863
55867
55872
55881
55899
55903
55904
55918
55923
55937
55939
55940
55942
55950
55952
55954
55958
55963
55971
55982
55984
55987
55991
55994
56014
56026
56028
56044
56046
56064
56071
56090
56108
56114
56134
56135
56140
56144
56167
56172
56180
56186
56204
56206
56211
56229
56231
56238
56245
56253
56253
56256
56260
56264
56264
56264
56274
56275
56281
56290
56300
56301
56302
56327
56329
56332
56355
56367
56400
56408
56410
56413
56419
56445
56463
56474
56477
56480
56488
56499
56515
56537
56547
56553
56565
56578
56579
56581
56595
56595
56600
56600
56605
56619
56655
56658
56669
56685
56701
56706
56718
56720
56733
56748
56759
56766
56767
56801
56802
56811
56826
56828
56828
56832
56836
56837
56839
56840
56852
56853
56871
56871
56874
56881
56881
56882
56892
56892
56893
56896
56925
56933
56939
56941
56957
56961
56961
56977
56978
56995
57003
57005
57014
57015
57017
57023
57025
57026
57030
57030
57032
57040
57050
57054
57070
57086
57094
57096
57098
57100
57102
57103
57103
57107
57114
57119
57125
57129
57135
57146
57151
57154
57159
57161
57173
57181
57190
57206
57217
57220
57225
57229
57236
57239
57244
57247
57254
57258
57260
57272
57291
57295
57302
57311
57323
57329
57348
57353
57360
57366
57380
57389
57391
57403
57416
57422
57429
57445
57457
57462
57486
57488
57492
57495
57501
57502
57503
57504
57516
57523
57524
57532
57539
57564
57575
57588
57589
57597
57603
57608
57620
57637
57645
57652
57664
57682
57686
57701
57714
57749
57768
57768
57769
57770
57776
57785
57804
57814
57824
57880
57893
57897
57899
57914
57915
57922
57923
57950
57960
57961
57972
57974
57980
57988
57993
58000
58021
58046
58067
58071
58074
58085
58086
58098
58112
58116
58117
58122
58127
58132
58145
58148
58159
58159
58168
58177
58177
58190
58192
58196
58203
58233
58237
58252
58266
58281
58289
58290
58304
58305
58306
58317
58321
58340
58343
58350
58357
58361
58363
58379
58392
58404
58405
58405
58405
58412
58420
58423
58425
58434
58441
58441
58450
58455
58461
58463
58472
58473
58482
58483
58491
58502
58502
58504
58506
58515
58515
58540
58544
58566
58567
58568
58572
58589
58598
58608
58615
58627
58630
58637
58643
58645
58650
58652
58656
58657
58657
58674
58676
58687
58714
58715
58721
58728
58735
58738
58739
58752
58759
58772
58786
58793
58795
58800
58845
58875
58875
58893
58910
58912
58931
58934
58936
58937
58958
58962
58983
59010
59012
59023
59024
59024
59031
59037
59038
59044
59051
59057
59059
59062
59075
59087
59089
59108
59121
59144
59150
59150
59154
59158
59159
59164
59166
59177
59178
59183
59196
59196
59211
59213
59217
59218
59223
59235
59273
59274
59280
59293
59294
59296
59313
59323
59337
59341
59352
59375
59378
59381
59383
59388
59392
59404
59404
59416
59417
59417
59420
59428
59429
59433
59435
59436
59437
59442
59444
59456
59461
59465
59468
59475
59480
59484
59490
59493
59497
59499
59505
59512
59553
59562
59569
59575
59600
59601
59603
59607
59625
59661
59662
59664
59680
59686
59692
59704
59706
59711
59715
59717
59721
59727
59734
59739
59743
59754
59759
59771
59792
59792
59793
59799
59803
59816
59817
59820
59825
59832
59833
59841
59841
59845
59854
59861
59877
59897
59901
59954
59959
59972
59989
59993
60001
60015
60022
60033
60045
60048
60066
60089
60100
60117
60127
60128
60128
60151
60157
60163
60172
60183
60200
60204
60211
60217
60232
60276
60283
60287
60287
60300
60302
60343
60343
60370
60396
60413
60419
60426
60444
60447
60457
60473
60476
60480
60486
60486
60486
60487
60488
60499
60517
60522
60524
60538
60547
60586
60587
60589
60593
60596
60611
60643
60648
60648
60658
60662
60663
60672
60680
60686
60697
60706
60708
60711
60719
60722
60728
60729
60735
60737
60741
60762
60768
60768
60771
60783
60788
60790
60803
60811
60816
60840
60844
60848
60863
60877
60878
60883
60883
60887
60894
60916
60917
60917
60920
60925
60935
60937
60939
60955
60956
60961
60967
60974
60988
61009
61015
61025
61029
61037
61039
61042
61045
61060
61071
61076
61081
61089
61109
61113
61116
61121
61138
61141
61145
61149
61158
61158
61161
61161
61164
61171
61174
61188
61193
61197
61218
61223
61226
61235
61243
61248
61251
61263
61277
61290
61298
61306
61315
61325
61326
61334
61349
61350
61350
61360
61384
61395
61397
61414
61415
61422
61449
61465
61472
61483
61486
61490
61496
61507
61512
61516
61517
61520
61527
61539
61550
61575
61584
61587
61601
61618
61627
61657
61672
61682
61687
61691
61692
61702
61705
61708
61736
61743
61745
61747
61754
61757
61759
61760
61765
61766
61767
61770
61793
61844
61846
61846
61859
61867
61876
61885
61888
61889
61896
61898
61905
61917
61925
61939
61945
61952
61960
61961
61963
61973
61977
61991
62007
62015
62028
62031
62036
62037
62040
62040
62051
62052
62059
62076
62085
62086
62095
62103
62105
62122
62125
62127
62152
62162
62165
62165
62180
62181
62191
62207
62209
62225
62245
62245
62257
62258
62259
62259
62274
62282
62359
62364
62364
62381
62381
62390
62393
62395
62396
62399
62401
62410
62416
62425
62429
62434
62436
62440
62442
62459
62468
62468
62496
62502
62512
62522
62522
62527
62531
62533
62544
62549
62555
62567
62570
62574
62591
62594
62607
62609
62616
62631
62633
62655
62658
62660
62660
62674
62692
62696
62700
62700
62709
62710
62716
62722
62723
62725
62730
62733
62735
62741
62753
62758
62770
62779
62781
62787
62792
62794
62815
62821
62824
62833
62841
62869
62885
62886
62894
62894
62909
62916
62926
62927
62943
62949
62955
62960
62966
62978
62980
62982
62991
63006
63013
63013
63023
63044
63045
63058
63073
63078
63082
63120
63126
63133
63141
63150
63151
63163
63174
63177
63200
63235
63242
63244
63245
63251
63257
63269
63269
63270
63278
63284
63284
63287
63291
63299
63329
63360
63373
63382
63386
63391
63393
63395
63400
63403
63403
63407
63410
63424
63432
63444
63455
63465
63479
63488
63508
63522
63554
63560
63575
63591
63596
63606
63611
63615
63626
63634
63637
63642
63643
63651
63661
63685
63687
63698
63700
63710
63724
63755
63755
63762
63784
63798
63815
63822
63831
63831
63838
63864
63866
63878
63883
63888
63890
63892
63899
63902
63903
63911
63927
63935
63939
63943
63944
63959
63960
63960
63963
63981
63981
63996
64000
64006
64007
64020
64045
64062
64063
64065
64072
64073
64102
64114
64121
64125
64125
64127
64128
64135
64148
64155
64162
64180
64190
64205
64211
64214
64214
64216
64226
64229
64233
64237
64253
64256
64267
64278
64293
64300
64312
64315
64317
64318
64323
64335
64337
64340
64348
64349
64358
64359
64366
64387
64390
64393
64431
64433
64445
64462
64464
64469
64473
64484
64491
64492
64502
64506
64509
64510
64521
64532
64548
64560
64567
64573
64573
64586
64610
64621
64624
64626
64634
64664
64675
64681
64685
64699
64704
64710
64713
64714
64717
64717
64721
64721
64735
64736
64743
64756
64766
64770
64771
64779
64794
64818
64830
64834
64846
64852
64853
64859
64869
64873
64883
64884
64905
64908
64915
64915
64932
64941
64941
64948
64952
64959
64960
64961
64976
64977
64986
64986
65003
65011
65018
65037
65044
65057
65059
65068
65084
65085
65106
65113
65136
65138
65153
65162
65177
65180
65184
65188
65190
65197
65200
65204
65208
65212
65214
65218
65218
65220
65237
65244
65253
65275
65278
65284
65301
65311
65311
65315
65316
65360
65362
65364
65381
65386
65389
65391
65404
65425
65428
65439
65459
65464
65478
65481
65490
65497
65503
65519
65522
65533
65534
65566
65578
65583
65583
65586
65589
65594
65618
65621
65625
65635
65641
65660
65692
65694
65703
65711
65717
65725
65727
65733
65752
65753
65755
65768
65774
65778
65780
65784
65792
65804
65805
65813
65815
65841
65844
65848
65849
65856
65865
65870
65894
65897
65909
65925
65930
65938
65955
65966
65975
65987
65991
65993
66003
66022
66029
66031
66032
66039
66043
66056
66059
66065
66088
66098
66103
66103
66108
66111
66113
66118
66127
66133
66152
66158
66163
66166
66171
66173
66182
66184
66187
66201
66203
66206
66211
66235
66245
66247
66251
66251
66287
66300
66303
66313
66321
66327
66342
66344
66348
66356
66362
66365
66376
66397
66401
66402
66411
66428
66434
66446
66478
66487
66494
66503
66513
66515
66540
66542
66556
66565
66579
66580
66588
66614
66631
66639
66639
66655
66658
66658
66690
66697
66697
66711
66723
66723
66724
66729
66746
66747
66762
66763
66767
66770
66772
66782
66784
66786
66790
66792
66821
66826
66829
66833
66834
66835
66865
66868
66872
66880
66883
66888
66898
66906
66916
66928
66933
66938
66939
66941
66951
66957
66965
66969
66972
66990
66990
66990
66992
66992
66998
67008
67020
67026
67050
67050
67054
67057
67063
67064
67064
67070
67072
67091
67093
67098
67105
67121
67127
67127
67139
67141
67142
67175
67183
67190
67197
67207
67210
67214
67218
67221
67222
67237
67245
67250
67261
67291
67293
67297
67298
67311
67317
67324
67326
67327
67329
67333
67339
67351
67359
67361
67387
67394
67401
67403
67404
67404
67411
67426
67426
67432
67436
67443
67466
67468
67491
67494
67495
67501
67501
67505
67508
67524
67528
67541
67549
67549
67560
67562
67564
67566
67570
67571
67573
67584
67597
67633
67633
67635
67635
67644
67649
67672
67672
67684
67686
67692
67709
67711
67717
67720
67731
67745
67760
67778
67781
67787
67798
67825
67833
67837
67840
67843
67847
67849
67865
67868
67880
67887
67890
67897
67904
67932
67942
67951
67965
67968
68004
68007
68026
68028
68032
68041
68044
68052
68052
68052
68059
68059
68065
68068
68072
68094
68096
68103
68113
68121
68123
68133
68139
68158
68158
68175
68187
68190
68192
68207
68213
68217
68233
68234
68244
68254
68260
68266
68267
68273
68278
68282
68298
68301
68307
68321
68332
68343
68348
68356
68364
68367
68376
68377
68386
68388
68389
68390
68412
68413
68438
68451
68452
68456
68460
68467
68468
68480
68485
68488
68536
68555
68560
68561
68568
68570
68578
68578
68582
68601
68606
68612
68613
68613
68624
68628
68629
68647
68651
68655
68660
68662
68667
68684
68687
68690
68691
68697
68710
68716
68717
68723
68725
68734
68751
68758
68788
68792
68795
68801
68812
68812
68814
68825
68828
68830
68834
68834
68838
68840
68855
68863
68864
68878
68883
68886
68891
68892
68898
68909
68919
68922
68925
68943
68950
68965
68972
68982
68993
69006
69013
69019
69033
69033
69042
69050
69052
69065
69066
69087
69096
69119
69126
69128
69134
69141
69149
69152
69168
69175
69185
69190
69210
69214
69223
69223
69226
69229
69239
69240
69249
69252
69266
69277
69278
69293
69297
69298
69302
69321
69322
69326
69327
69328
69333
69349
69357
69370
69373
69376
69376
69382
69383
69387
69388
69402
69406
69415
69417
69425
69429
69464
69478
69479
69479
69512
69527
69529
69543
69558
69572
69589
69592
69597
69602
69606
69627
69631
69633
69644
69650
69661
69664
69678
69700
69718
69721
69724
