32
61
80
86
88
91
101
101
115
120
127
138
145
147
187
217
232
236
240
297
305
351
385
400
430
474
493
501
504
520
530
531
571
585
600
627
632
688
710
726
731
739
744
749
767
796
798
826
835
838
852
891
891
896
901
904
926
937
957
992
1023
1031
1080
1089
1096
1097
1119
1162
1294
1296
1298
1313
1330
1358
1393
1397
1398
1401
1410
1417
1422
1437
1439
1465
1482
1485
1515
1536
1558
1578
1598
1600
1616
1647
1655
1670
1679
1683
1757
1761
1763
1853
1856
1890
1906
1937
1939
1965
2011
2044
2054
2143
2164
2214
2222
2278
2295
2306
2341
2343
2361
2365
2381
2396
2417
2418
2481
2489
2510
2539
2573
2615
2615
2646
2678
2719
2730
2731
2734
2747
2782
2791
2800
2847
2855
2858
2858
2869
2876
2879
2882
2948
3003
3005
3029
3029
3032
3044
3054
3097
3102
3105
3115
3117
3120
3137
3154
3157
3175
3201
3228
3231
3239
3255
3274
3344
3361
3375
3382
3386
3393
3393
3420
3475
3489
3515
3528
3551
3579
3601
3652
3656
3660
3717
3731
3733
3748
3761
3763
3793
3808
3819
3835
3840
3850
3857
3878
3919
3932
3952
3953
3969
3973
3981
4006
4073
4073
4090
4100
4115
4132
4161
4166
4192
4195
4250
4293
4311
4320
4374
4420
4433
4459
4479
4496
4535
4596
4597
4643
4658
4696
4698
4703
4713
4721
4730
4759
4792
4808
4812
4821
4857
4929
4938
4944
4992
4996
4998
5007
5029
5083
5127
5137
5155
5163
5229
5229
5231
5231
5246
5257
5275
5284
5305
5321
5321
5345
5355
5359
5384
5394
5401
5406
5420
5421
5434
5444
5462
5470
5486
5486
5486
5508
5508
5511
5547
5575
5621
5654
5668
5687
5754
5771
5771
5794
5828
5833
5837
5858
5861
5861
5881
5896
5933
5947
5948
5950
5978
6023
6031
6042
6064
6096
6100
6103
6134
6138
6139
6144
6154
6154
6168
6205
6220
6275
6278
6287
6322
6335
6351
6362
6390
6418
6419
6421
6438
6495
6539
6567
6635
6648
6660
6663
6672
6683
6685
6740
6780
6809
6824
6836
6836
6842
6845
6900
6903
6912
6912
6913
6914
6956
6964
6974
6981
6998
7031
7057
7104
7109
7117
7119
7134
7151
7153
7193
7201
7222
7254
7256
7278
7357
7374
7381
7394
7407
7417
7425
7432
7439
7440
7463
7480
7503
7510
7512
7518
7528
7531
7533
7548
7569
7571
7573
7575
7581
7591
7597
7613
7626
7674
7686
7711
7741
7747
7749
7765
7799
7840
7879
7920
7920
7934
7957
8023
8030
8064
8068
8075
8076
8093
8104
8131
8134
8141
8166
8174
8197
8227
8238
8280
8308
8334
8336
8340
8346
8349
8365
8366
8386
8394
8409
8413
8447
8452
8456
8459
8466
8482
8493
8497
8498
8513
8527
8553
8561
8580
8637
8638
8659
8680
8700
8708
8739
8797
8798
8808
8810
8851
8852
8915
8947
8952
8955
8992
8993
9007
9014
9015
9041
9049
9050
9063
9082
9097
9143
9148
9178
9186
9216
9246
9259
9334
9337
9337
9339
9366
9383
9390
9399
9407
9417
9452
9493
9570
9582
9596
9613
9639
9647
9703
9714
9745
9746
9780
9792
9806
9836
9838
9844
9846
9847
9853
9869
9869
9877
9940
9972
9986
9990
10015
10016
10031
10075
10091
10094
10097
10109
10111
10123
10149
10161
10163
10180
10199
10224
10233
10265
10271
10274
10287
10323
10326
10341
10350
10354
10396
10465
10503
10512
10533
10560
10602
10603
10618
10621
10629
10641
10648
10692
10704
10715
10721
10727
10745
10765
10772
10772
10775
10810
10814
10826
10920
10930
10951
10952
10982
11004
11019
11028
11035
11083
11104
11118
11139
11177
11203
11207
11212
11239
11265
11289
11333
11334
11341
11348
11355
11357
11365
11369
11399
11440
11443
11477
11489
11491
11499
11509
11583
11588
11594
11617
11623
11623
11625
11632
11662
11667
11671
11685
11687
11717
11754
11791
11796
11858
11874
11898
11911
11917
11923
11928
11965
11984
12035
12055
12090
12097
12101
12158
12175
12190
12213
12269
12284
12287
12289
12314
12388
12411
12417
12427
12439
12483
12486
12495
12520
12588
12632
12636
12653
12658
12703
12746
12781
12784
12811
12823
12829
12853
12858
12870
12881
12911
12929
12962
12968
12978
12980
12999
13091
13101
13143
13184
13196
13208
13223
13230
13240
13301
13336
13361
13395
13464
13465
13477
13484
13538
13570
13588
13597
13605
13608
13628
13657
13689
13705
13724
13744
13764
13786
13800
13810
13829
13866
13886
13919
13921
13933
13973
14003
14016
14019
14019
14023
14053
14068
14089
14094
14153
14166
14188
14193
14194
14223
14229
14270
14283
14289
14304
14306
14316
14322
14330
14331
14335
14365
14399
14424
14441
14449
14536
14542
14543
14578
14580
14607
14634
14654
14671
14678
14689
14717
14720
14723
14731
14764
14788
14807
14827
14865
14873
14887
14924
14931
14940
14949
14959
14994
15036
15046
15077
15083
15105
15123
15140
15155
15160
15170
15198
15223
15230
15239
15293
15306
15324
15338
15354
15362
15365
15391
15392
15400
15408
15436
15482
15485
15516
15549
15558
15563
15564
15613
15636
15641
15675
15682
15721
15732
15733
15745
15767
15780
15792
15805
15832
15842
15870
15874
15882
15893
15923
15954
15954
15968
15987
16001
16017
16024
16029
16035
16071
16072
16079
16086
16118
16122
16126
16145
16162
16177
16190
16212
16227
16238
16262
16267
16290
16310
16317
16321
16337
16342
16354
16356
16382
16446
16453
16456
16461
16467
16511
16529
16548
16585
16590
16596
16648
16670
16717
16731
16736
16742
16745
16776
16781
16804
16818
16826
16837
16851
16908
16930
16939
16947
16960
16963
17007
17054
17057
17066
17099
17145
17174
17175
17191
17206
17223
17225
17252
17293
17294
17308
17321
17334
17337
17352
17352
17373
17399
17401
17409
17421
17425
17436
17481
17487
17510
17511
17545
17585
17593
17593
17594
17605
17605
17626
17661
17670
17685
17701
17726
17759
17803
17835
17847
17879
17894
17912
17928
17937
17945
17951
18001
18003
18014
18022
18027
18032
18043
18043
18103
18110
18150
18175
18195
18212
18221
18230
18256
18258
18330
18331
18381
18383
18401
18414
18445
18448
18478
18480
18483
18493
18516
18518
18545
18546
18549
18565
18581
18601
18612
18626
18636
18680
18741
18751
18758
18777
18805
18821
18829
18844
18859
18878
18897
18911
18949
18962
18982
18988
19032
19033
19063
19068
19070
19149
19212
19217
19230
19230
19278
19325
19337
19352
19386
19415
19495
19553
19565
19566
19577
19598
19606
19612
19627
19665
19669
19686
19701
19707
19721
19724
19731
19759
19766
19814
19816
19819
19821
19826
19828
19852
19877
19878
19903
19914
19923
19949
19951
19970
19991
20018
20029
20048
20064
20079
20111
20150
20152
20181
20193
20194
20195
20227
20236
20239
20240
20247
20265
20284
20291
20318
20320
20332
20332
20343
20355
20364
20375
20405
20420
20427
20484
20487
20493
20493
20521
20540
20557
20584
20596
20608
20616
20629
20646
20675
20701
20719
20737
20755
20790
20815
20895
20926
20946
20955
20978
20993
21004
21024
21053
21115
21125
21171
21171
21185
21187
21196
21248
21271
21272
21287
21305
21307
21332
21349
21368
21378
21399
21443
21463
21478
21507
21536
21550
21571
21577
21593
21597
21651
21653
21707
21761
21769
21798
21802
21811
21821
21873
21892
21921
21923
21949
21960
21962
22007
22011
22026
22056
22088
22090
22118
22127
22188
22203
22217
22226
22230
22254
22264
22284
22320
22353
22380
22384
22386
22391
22414
22430
22436
22501
22546
22580
22591
22652
22674
22711
22718
22719
22747
22764
22778
22797
22829
22835
22844
22845
22866
22877
22902
22911
22916
22924
22945
22958
22966
22987
23068
23069
23073
23114
23125
23139
23152
23156
23188
23198
23202
23243
23286
23287
23302
23335
23363
23389
23401
23405
23513
23541
23594
23595
23609
23629
23648
23703
23724
23737
23740
23758
23783
23785
23809
23831
23871
23872
23891
23905
23912
23945
23968
23971
23989
24042
24056
24070
24106
24110
24120
24142
24144
24145
24164
24170
24223
24245
24255
24275
24279
24286
24312
24361
24363
24363
24400
24401
24424
24431
24432
24484
24497
24498
24501
24521
24535
24579
24596
24600
24614
24655
24672
24672
24679
24733
24736
24750
24799
24808
24812
24814
24838
24848
24859
24880
24881
24897
24919
24947
24951
25004
25011
25023
25024
25024
25047
25048
25050
25065
25078
25082
25086
25087
25096
25154
25175
25187
25204
25213
25225
25249
25258
25264
25281
25286
25292
25294
25302
25316
25342
25384
25396
25397
25401
25458
25499
25507
25516
25534
25551
25553
25582
25618
25619
25662
25662
25668
25672
25682
25707
25717
25739
25751
25753
25766
25808
25815
25824
25874
25908
25960
25975
25982
25986
25993
26033
26033
26037
26100
26118
26158
26164
26178
26190
26191
26229
26264
26285
26295
26298
26311
26323
26346
26347
26354
26379
26413
26430
26463
26501
26531
26578
26587
26605
26658
26690
26691
26697
26711
26715
26748
26812
26814
26849
26858
26867
26893
26901
26928
26930
26935
26976
26986
27101
27188
27198
27213
27239
27240
27276
27348
27358
27371
27434
27447
27534
27541
27549
27599
27601
27606
27683
27694
27704
27711
27726
27753
27768
27781
27793
27803
27804
27833
27838
27847
27877
27962
27985
27994
28029
28040
28064
28079
28114
28133
28143
28148
28162
28184
28225
28241
28244
28264
28270
28271
28278
28300
28306
28313
28356
28363
28383
28395
28398
28399
28453
28456
28457
28469
28494
28527
28533
28533
28598
28609
28635
28657
28657
28669
28675
28676
28691
28706
28728
28745
28763
28765
28796
28828
28853
28857
28878
28887
28889
28914
28914
28930
28935
28964
28972
29000
29000
29032
29063
29079
29098
29104
29113
29115
29118
29146
29147
29172
29206
29226
29281
29342
29350
29366
29376
29382
29397
29403
29415
29431
29456
29470
29485
29492
29493
29532
29537
29546
29563
29612
29647
29649
29672
29693
29702
29709
29746
29760
29770
29782
29783
29794
29812
29817
29820
29880
29881
29919
29921
29921
29932
29945
29957
29965
29973
29983
29986
29994
29994
30007
30048
30051
30073
30083
30102
30112
30124
30152
30167
30193
30198
30206
30239
30288
30308
30318
30326
30345
30358
30365
30373
30402
30409
30411
30463
30552
30554
30556
30562
30565
30573
30579
30590
30601
30613
30616
30672
30674
30688
30735
30757
30778
30785
30806
30812
30817
30838
30847
30849
30853
30892
30909
30996
31022
31031
31043
31061
31086
31125
31130
31158
31177
31191
31217
31250
31283
31283
31285
31292
31296
31347
31361
31379
31384
31385
31397
31418
31467
31471
31485
31511
31528
31556
31579
31581
31600
31626
31630
31631
31636
31702
31705
31706
31717
31721
31759
31775
31778
31791
31800
31820
31832
31832
31861
31895
31901
31903
31950
31990
31991
31993
32002
32009
32050
32052
32093
32108
32116
32117
32132
32133
32135
32148
32159
32182
32213
32239
32256
32269
32277
32288
32290
32319
32322
32356
32417
32455
32528
32563
32591
32595
32615
32616
32659
32680
32684
32686
32690
32703
32712
32717
32750
32754
32763
32787
32800
32813
32863
32864
32888
32933
32935
32939
32947
32949
32967
33034
33070
33081
33084
33091
33115
33123
33138
33146
33154
33155
33166
33168
33198
33207
33248
33252
33263
33277
33307
33319
33320
33321
33322
33325
33329
33355
33361
33378
33393
33404
33409
33413
33417
33433
33439
33443
33447
33470
33496
33512
33518
33526
33536
33569
33597
33612
33618
33718
33728
33758
33760
33773
33780
33790
33835
33859
33874
33876
33896
33931
33939
33975
33989
33992
34023
34043
34050
34072
34074
34089
34137
34138
34145
34154
34161
34172
34192
34210
34212
34242
34263
34274
34341
34359
34366
34373
34389
34401
34449
34473
34489
34495
34510
34519
34566
34568
34578
34590
34594
34599
34604
34607
34615
34628
34629
34656
34680
34695
34709
34724
34738
34743
34752
34785
34803
34813
34813
34860
34872
34880
34892
34893
34909
34913
34971
34987
35005
35011
35075
35106
35115
35154
35169
35178
35182
35207
35225
35245
35256
35356
35360
35377
35389
35400
35416
35423
35423
35436
35458
35460
35529
35552
35554
35555
35564
35590
35594
35634
35639
35648
35653
35667
35676
35698
35710
35721
35728
35767
35777
35788
35797
35814
35842
35889
35889
35915
35938
35995
36023
36028
36102
36116
36147
36166
36215
36232
36265
36333
36338
36343
36356
36363
36382
36389
36421
36429
36433
36446
36483
36485
36501
36501
36506
36531
36568
36572
36606
36636
36662
36669
36684
36702
36726
36760
36763
36801
36805
36823
36848
36849
36849
36853
36900
36927
36955
36970
36983
37028
37035
37056
37066
37110
37119
37121
37124
37141
37165
37171
37180
37205
37214
37229
37266
37283
37303
37314
37315
37320
37359
37375
37383
37429
37440
37468
37480
37503
37514
37515
37549
37581
37586
37595
37601
37608
37621
37670
37707
37714
37717
37744
37758
37776
37826
37828
37858
37868
37879
37978
37984
38000
38025
38057
38071
38087
38088
38113
38125
38155
38175
38207
38259
38295
38302
38304
38315
38356
38372
38428
38432
38467
38506
38541
38561
38567
38571
38582
38592
38604
38610
38616
38624
38635
38643
38656
38705
38717
38730
38740
38751
38760
38787
38790
38814
38851
38852
38854
38880
38892
38936
38946
38953
38974
38975
38985
38990
38995
39000
39032
39069
39097
39107
39111
39115
39117
39125
39135
39144
39148
39165
39269
39270
39283
39288
39313
39372
39393
39403
39412
39473
39489
39491
39491
39509
39513
39513
39518
39519
39582
39629
39632
39647
39652
39683
39701
39713
39727
39753
39787
39809
39832
39835
39844
39862
39868
39885
39931
39958
39960
39996
40047
40059
40074
40151
40155
40182
40185
40185
40186
40238
40244
40249
40258
40362
40375
40377
40400
40405
40421
40423
40444
40469
40488
40496
40524
40554
40574
40586
40603
40625
40655
40664
40669
40680
40685
40717
40732
40758
40769
40781
40827
40831
40865
40867
40869
40879
40902
40930
40935
40942
40950
40955
40963
40974
40999
41002
41032
41048
41067
41117
41131
41133
41137
41137
41157
41159
41163
41189
41199
41218
41224
41225
41234
41262
41324
41349
41360
41365
41389
41420
41423
41452
41467
41470
41492
41494
41495
41526
41537
41542
41563
41588
41626
41638
41639
41665
41714
41724
41749
41759
41761
41768
41783
41791
41816
41849
41865
41867
41871
41879
41896
41906
41943
41977
42008
42015
42036
42041
42050
42070
42077
42081
42091
42123
42157
42159
42163
42165
42223
42228
42235
42244
42249
42254
42257
42259
42293
42296
42334
42339
42361
42376
42380
42396
42400
42401
42418
42444
42453
42468
42478
42492
42494
42495
42531
42543
42578
42579
42630
42645
42652
42671
42696
42730
42739
42742
42743
42756
42835
42873
42931
42971
42991
42994
43042
43043
43068
43114
43129
43132
43192
43232
43268
43273
43288
43304
43338
43432
43433
43504
43562
43571
43586
43604
43621
43645
43652
43652
43694
43700
43736
43777
43787
43796
43817
43840
43844
43907
43913
43918
43931
43934
43947
43949
43955
43985
44027
44036
44091
44123
44151
44164
44190
44195
44253
44255
44274
44278
44283
44290
44298
44307
44319
44327
44342
44391
44411
44417
44427
44427
44428
44455
44472
44477
44505
44524
44551
44553
44568
44614
44660
44675
44682
44708
44717
44719
44743
44745
44757
44762
44792
44799
44813
44822
44827
44827
44836
44866
44900
44903
44908
44912
44984
45037
45038
45096
45099
45107
45108
45132
45147
45191
45201
45214
45288
45300
45303
45310
45323
45328
45336
45350
45359
45360
45396
45398
45433
45468
45471
45484
45494
45497
45517
45519
45584
45589
45605
45627
45667
45758
45770
45874
45892
45905
45907
45911
45967
45973
45987
45998
46044
46058
46081
46117
46121
46136
46183
46193
46260
46266
46301
46306
46335
46342
46381
46389
46393
46429
46439
46445
46448
46450
46456
46468
46478
46480
46487
46487
46489
46514
46552
46553
46561
46568
46616
46622
46646
46654
46655
46661
46661
46699
46704
46710
46714
46758
46762
46765
46842
46854
46855
46896
46954
46982
46988
47004
47008
47014
47055
47059
47062
47098
47122
47123
47135
47157
47223
47225
47240
47280
47282
47293
47299
47303
47317
47334
47357
47364
47378
47391
47400
47408
47409
47412
47414
47421
47443
47459
47463
47483
47548
47552
47574
47679
47716
47754
47759
47779
47805
47821
47833
47849
47851
47870
47959
47962
47969
47977
47988
48003
48020
48023
48028
48037
48046
48071
48075
48093
48145
48180
48248
48252
48252
48315
48316
48325
48331
48337
48346
48351
48353
48391
48429
48459
48504
48519
48531
48604
48610
48636
48649
48655
48665
48683
48692
48694
48706
48725
48763
48795
48865
48885
48977
48997
48999
49009
49014
49021
49023
49034
49046
49046
49060
49108
49139
49153
49199
49203
49209
49213
49225
49226
49272
49272
49291
49302
49305
49320
49322
49322
49368
49387
49418
49466
49503
49521
49586
49599
49601
49613
49623
49661
49689
49696
49699
49700
49722
49744
49808
49809
49813
49813
49823
49851
49870
49924
49927
49939
49973
49999
50039
50047
50067
50072
50084
50109
50150
50158
50204
50223
50259
50259
50349
50354
50381
50385
50404
50408
50443
50448
50481
50517
50532
50569
50577
50606
50612
50622
50626
50629
50643
50667
50685
50714
50731
50734
50746
50760
50771
50809
50824
50836
50844
50853
50858
50876
50887
50893
50924
50937
50948
50960
51027
51027
51030
51089
51119
51128
51204
51207
51216
51219
51224
51226
51274
51283
51306
51310
51317
51330
51341
51352
51408
51419
51453
51456
51457
51460
51506
51508
51560
51566
51588
51600
51620
51649
51654
51661
51682
51688
51698
51732
51740
51761
51763
51765
51814
51822
51839
51841
51902
51911
51927
52049
52067
52070
52086
52098
52117
52140
52156
52193
52194
52197
52211
52221
52233
52252
52267
52281
52348
52392
52424
52443
52468
52474
52488
52516
52516
52520
52554
52554
52592
52625
52638
52648
52652
52652
52666
52672
52684
52712
52714
52740
52754
52754
52769
52793
52817
52829
52853
52855
52878
52885
52889
52941
52944
52957
52961
52964
53008
53020
53028
53035
53060
53078
53130
53217
53235
53267
53276
53276
53287
53374
53377
53383
53411
53434
53444
53450
53459
53464
53473
53482
53512
53540
53567
53576
53587
53607
53609
53636
53647
53690
53695
53700
53702
53712
53724
53754
53757
53770
53794
53798
53816
53820
53837
53840
53849
53864
53878
53886
53903
53929
53929
53932
53934
53976
53988
53997
54009
54027
54034
54057
54061
54066
54080
54098
54098
54131
54148
54170
54198
54218
54236
54289
54302
54363
54366
54396
54442
54470
54473
54486
54499
54514
54566
54571
54577
54579
54580
54585
54613
54617
54621
54646
54702
54708
54708
54725
54743
54753
54754
54788
54796
54797
54823
54850
54857
54862
54902
54952
54972
54993
55033
55041
55052
55082
55085
55112
55126
55153
55195
55197
55218
55223
55243
55264
55276
55285
55312
55315
55338
55340
55341
55354
55414
55438
55504
55504
55506
55521
55536
55545
55558
55569
55583
55583
55584
55614
55638
55668
55691
55705
55710
55749
55770
55784
55800
55826
55831
55840
55875
55884
55890
55898
55908
55925
55945
55950
55961
55962
55964
56019
56022
56038
56042
56096
56129
56152
56160
56164
56190
56232
56235
56247
56254
56259
56291
56324
56335
56342
56375
56424
56436
56457
56466
56468
56470
56482
56494
56503
56512
56527
56551
56561
56576
56582
56601
56607
56622
56626
56639
56667
56681
56684
56694
56713
56717
56719
56734
56754
56791
56814
56827
56841
56880
56910
56926
56932
57021
57056
57063
57098
57099
57105
57105
57141
57151
57153
57170
57188
57267
57298
57330
57401
57411
57416
57466
57468
57512
57544
57553
57559
57576
57583
57648
57669
57695
57712
57714
57726
57735
57740
57753
57792
57792
57815
57841
57845
57853
57879
57917
57922
58000
58013
58024
58029
58045
58069
58084
58135
58155
58191
58205
58207
58218
58221
58224
58226
58228
58243
58265
58296
58326
58351
58371
58383
58394
58395
58414
58420
58426
58430
58432
58439
58444
58451
58454
58464
58467
58472
58528
58577
58580
58617
58630
58667
58671
58680
58688
58693
58700
58708
58728
58811
58822
58832
58876
58903
58906
58909
58913
58923
58943
58985
59058
59062
59065
59104
59105
59115
59134
59148
59184
59203
59213
59224
59228
59229
59232
59237
59253
59266
59278
59315
59349
59355
59383
59401
59407
59408
59412
59417
59426
59447
59450
59462
59474
59496
59537
59542
59586
59595
59596
59635
59639
59686
59722
59743
59785
59796
59810
59813
59828
59878
59881
59896
59916
59946
59961
59999
60010
60010
60035
60077
60078
60088
60105
60121
60132
60141
60149
60163
60169
60178
60189
60235
60280
60285
60320
60331
60340
60350
60352
60358
60390
60398
60399
60430
60444
60466
60482
60489
60516
60536
60544
60572
60573
60583
60610
60611
60619
60652
60662
60666
60713
60715
60736
60761
60782
60791
60803
60803
60808
60820
60832
60849
60855
60866
60875
60887
60910
60913
60915
60916
60921
60940
60978
60990
61027
61030
61035
61038
61040
61065
61127
61156
61170
61215
61226
61242
61242
61244
61259
61261
61261
61293
61355
61371
61420
61446
61454
61459
61460
61478
61510
61587
61603
61604
61656
61657
61658
61694
61704
61725
61734
61742
61755
61757
61766
61797
61817
61819
61830
61835
61851
61853
61862
61875
61896
61908
61923
61934
61940
61953
62006
62018
62036
62038
62113
62120
62133
62196
62225
62228
62229
62251
62254
62266
62276
62297
62386
62423
62456
62459
62498
62500
62515
62521
62522
62526
62535
62537
62547
62592
62662
62675
62676
62745
62755
62767
62782
62836
62845
62869
62878
62900
62904
62928
62936
62942
62952
62954
62983
63017
63019
63029
63071
63096
63123
63149
63168
63273
63282
63282
63303
63314
63396
63421
63446
63452
63453
63478
63499
63577
63601
63602
63605
63615
63621
63624
63649
63673
63677
63689
63694
63746
63755
63825
63840
63850
63855
63905
63917
63927
63974
64003
64023
64034
64078
64105
64151
64156
64165
64169
64200
64261
64328
64330
64332
64345
64363
64386
64413
64438
64440
64456
64474
64481
64546
64554
64554
64602
64624
64638
64644
64685
64700
64701
64718
64728
64753
64778
64781
64787
64793
64833
64876
64877
64910
64936
64947
64967
64985
64990
64991
65030
65030
65031
65033
65040
65095
65102
65138
65172
65180
65201
65208
65213
65213
65246
65247
65268
65343
65346
65350
65357
65373
65376
65377
65408
65418
65455
65513
65515
65547
65568
65580
65587
65587
65593
65599
65609
65637
65686
65697
65710
65714
65719
65729
65738
65755
65763
65786
65789
65794
65805
65808
65815
65820
65820
65833
65837
65857
65867
65867
65882
65883
65885
65924
65931
65940
65942
65943
65956
66002
66013
66079
66110
66130
66193
66228
66257
66282
66288
66318
66323
66323
66331
66335
66392
66420
66427
66438
66440
66515
66517
66554
66566
66571
66578
66611
66679
66709
66735
66785
66802
66804
66808
66816
66833
66865
66865
66897
66912
66932
67028
67064
67076
67100
67115
67121
67136
67138
67165
67180
67222
67230
67239
67239
67244
67282
67292
67305
67320
67342
67353
67354
67388
67396
67427
67449
67498
67509
67509
67529
67532
67547
67550
67572
67592
67662
67669
67674
67691
67727
67758
67787
67799
67800
67801
67841
67842
67869
67874
67878
67881
67882
67885
67913
67914
67922
67924
67964
67969
67974
67979
67980
67982
67989
67999
68052
68060
68075
68085
68111
68130
68149
68184
68199
68202
68207
68211
68220
68257
68266
68287
68306
68308
68327
68353
68367
68369
68382
68391
68393
68393
68397
68410
68421
68464
68513
68513
68530
68580
68588
68628
68639
68646
68661
68704
68782
68786
68838
68844
68853
68859
68867
68886
68899
68899
68908
68912
68938
68950
68960
68967
68982
68988
68996
68997
69014
69031
69052
69069
69071
69072
69080
69097
69131
69140
69154
69174
69181
69192
69194
69246
69257
69263
69297
69302
69304
69321
69359
69380
69382
69402
69411
69427
69428
69449
69503
69533
69558
69576
69578
69592
69613
69619
69627
69659
69692
69704
69707
69719
69735
69737
