11
73
91
104
127
131
141
148
148
150
156
156
171
182
197
197
221
282
295
310
317
323
331
335
337
353
356
372
382
383
391
393
398
405
417
424
425
426
427
447
453
457
470
472
480
484
484
498
500
506
507
511
518
521
525
528
541
541
547
548
548
551
556
562
567
568
572
578
581
581
586
599
599
611
621
625
636
639
669
675
681
690
697
711
720
728
737
742
761
768
781
788
794
796
802
807
813
818
820
828
837
838
839
840
841
860
865
867
867
872
881
883
911
918
927
930
936
938
944
952
953
962
977
978
996
1000
1003
1009
1017
1032
1041
1045
1045
1051
1090
1112
1132
1143
1144
1151
1151
1153
1156
1157
1158
1162
1162
1166
1174
1179
1183
1188
1193
1223
1230
1253
1260
1273
1274
1277
1282
1282
1289
1296
1297
1298
1312
1323
1329
1343
1366
1366
1371
1401
1434
1446
1472
1472
1481
1489
1491
1504
1510
1510
1524
1526
1540
1544
1545
1549
1551
1553
1558
1570
1577
1586
1594
1600
1615
1617
1620
1628
1628
1631
1634
1647
1656
1662
1662
1676
1685
1689
1694
1701
1707
1711
1720
1731
1737
1738
1739
1741
1747
1768
1770
1772
1788
1797
1797
1803
1804
1809
1810
1810
1819
1832
1835
1843
1844
1854
1865
1883
1887
1918
1924
1932
1935
1943
1948
1965
1970
1975
1983
1991
1992
1995
2005
2023
2024
2033
2053
2056
2079
2084
2087
2089
2090
2092
2096
2104
2112
2122
2124
2125
2138
2139
2149
2149
2150
2161
2161
2162
2177
2183
2189
2190
2204
2207
2212
2222
2245
2252
2261
2274
2277
2278
2282
2295
2296
2324
2336
2341
2343
2344
2352
2355
2361
2378
2382
2393
2399
2404
2417
2430
2432
2437
2445
2448
2450
2459
2462
2471
2483
2488
2494
2510
2516
2520
2542
2555
2559
2569
2573
2573
2579
2587
2590
2604
2623
2634
2636
2638
2638
2647
2658
2659
2669
2694
2705
2710
2714
2716
2718
2726
2730
2747
2751
2757
2758
2767
2770
2771
2772
2782
2788
2796
2806
2807
2807
2814
2815
2824
2840
2854
2861
2871
2881
2890
2893
2906
2942
2947
2957
2977
2983
3004
3008
3023
3026
3027
3044
3062
3063
3066
3068
3070
3080
3085
3086
3090
3094
3106
3112
3113
3118
3121
3125
3129
3130
3131
3132
3139
3146
3156
3165
3181
3192
3193
3197
3209
3233
3262
3266
3267
3268
3276
3276
3279
3299
3301
3313
3317
3319
3319
3320
3320
3333
3348
3357
3361
3362
3368
3376
3393
3395
3397
3428
3434
3448
3458
3462
3462
3468
3481
3494
3526
3533
3537
3547
3556
3562
3572
3579
3582
3596
3601
3603
3607
3622
3632
3632
3638
3652
3659
3669
3674
3676
3707
3714
3722
3723
3728
3729
3748
3751
3757
3775
3778
3780
3786
3796
3804
3808
3823
3824
3826
3840
3856
3858
3861
3861
3869
3870
3874
3880
3884
3888
3900
3909
3915
3920
3924
3930
3954
3958
3961
3969
3984
4000
4004
4011
4033
4037
4038
4042
4075
4086
4087
4089
4103
4106
4130
4137
4145
4152
4166
4169
4179
4180
4194
4194
4202
4206
4214
4216
4219
4230
4241
4242
4252
4256
4258
4258
4263
4275
4276
4278
4283
4284
4289
4293
4313
4313
4320
4321
4321
4330
4332
4341
4341
4342
4360
4381
4390
4394
4397
4401
4403
4413
4414
4423
4428
4429
4445
4453
4462
4471
4472
4484
4498
4500
4515
4518
4537
4542
4550
4552
4566
4573
4573
4584
4587
4610
4615
4616
4617
4623
4624
4634
4635
4643
4659
4660
4662
4679
4680
4702
4706
4714
4714
4715
4725
4725
4756
4759
4771
4774
4779
4787
4787
4802
4804
4808
4811
4823
4841
4856
4861
4879
4885
4892
4901
4908
4912
4927
4948
4953
4954
4961
4976
4976
4989
4999
5008
5009
5022
5022
5028
5028
5034
5034
5040
5042
5046
5047
5048
5075
5094
5096
5106
5119
5121
5131
5136
5136
5147
5152
5153
5155
5163
5164
5170
5188
5194
5203
5205
5216
5220
5226
5233
5251
5252
5266
5275
5299
5305
5307
5317
5323
5323
5327
5335
5362
5364
5375
5384
5410
5424
5430
5432
5432
5432
5433
5439
5440
5447
5455
5458
5462
5465
5468
5483
5488
5494
5505
5508
5518
5525
5530
5533
5535
5539
5550
5551
5557
5558
5572
5596
5621
5627
5635
5637
5638
5653
5671
5673
5674
5684
5689
5690
5693
5701
5705
5706
5710
5725
5726
5736
5737
5754
5784
5785
5789
5811
5824
5824
5832
5836
5846
5848
5848
5848
5856
5856
5861
5874
5875
5880
5886
5902
5923
5925
5928
5928
5948
5949
5961
5962
5967
5973
5975
5976
5980
5986
6001
6004
6007
6013
6017
6017
6024
6028
6029
6033
6035
6039
6052
6054
6056
6061
6100
6101
6101
6112
6126
6127
6130
6158
6161
6162
6167
6171
6184
6187
6191
6193
6206
6210
6214
6224
6230
6232
6260
6262
6263
6265
6266
6267
6267
6269
6279
6281
6290
6291
6295
6297
6306
6310
6311
6327
6331
6347
6362
6367
6383
6390
6398
6405
6411
6414
6416
6420
6429
6433
6441
6441
6441
6444
6448
6459
6459
6461
6469
6471
6489
6493
6495
6516
6521
6523
6528
6552
6575
6582
6588
6589
6615
6626
6633
6637
6639
6639
6641
6647
6647
6651
6653
6666
6674
6681
6681
6687
6695
6709
6712
6714
6720
6723
6728
6746
6768
6768
6770
6770
6778
6784
6798
6801
6803
6805
6814
6821
6825
6826
6838
6855
6859
6863
6863
6868
6868
6885
6886
6890
6899
6902
6906
6917
6925
6937
6939
6949
6950
6968
6970
6972
7009
7016
7019
7025
7036
7041
7050
7052
7056
7067
7071
7075
7079
7089
7095
7102
7109
7118
7123
7127
7128
7133
7146
7155
7181
7204
7208
7210
7213
7217
7225
7228
7235
7278
7285
7297
7298
7302
7306
7308
7309
7315
7318
7322
7331
7335
7336
7343
7365
7371
7373
7378
7383
7386
7395
7396
7403
7408
7418
7434
7437
7440
7442
7450
7450
7452
7464
7467
7491
7493
7508
7525
7530
7546
7549
7556
7569
7572
7587
7587
7596
7601
7601
7614
7619
7629
7632
7635
7640
7641
7652
7654
7664
7666
7679
7686
7694
7697
7700
7708
7745
7767
7779
7791
7794
7795
7803
7809
7818
7830
7831
7833
7843
7862
7862
7866
7873
7873
7875
7883
7884
7886
7887
7889
7911
7936
7945
7962
7963
7967
7973
7979
7993
8020
8021
8033
8036
8046
8056
8066
8069
8069
8100
8100
8107
8112
8121
8127
8136
8144
8148
8148
8150
8183
8199
8200
8210
8220
8226
8227
8233
8242
8245
8245
8262
8267
8277
8278
8280
8291
8299
8310
8324
8339
8359
8359
8387
8390
8393
8400
8408
8413
8418
8435
8472
8478
8493
8503
8507
8513
8535
8536
8543
8556
8561
8565
8570
8574
8575
8598
8598
8600
8604
8605
8606
8651
8661
8674
8679
8693
8693
8727
8743
8751
8762
8783
8785
8829
8844
8844
8845
8847
8852
8857
8862
8867
8870
8878
8881
8901
8903
8913
8925
8926
8926
8931
8935
8937
8939
8960
8960
8970
8974
8987
8996
8997
9003
9005
9011
9013
9022
9028
9028
9028
9040
9042
9045
9059
9062
9070
9091
9092
9093
9094
9102
9102
9114
9117
9119
9124
9124
9133
9138
9144
9146
9148
9157
9161
9164
9175
9179
9181
9182
9183
9184
9195
9197
9201
9217
9219
9221
9227
9236
9244
9253
9265
9301
9303
9317
9319
9337
9337
9351
9354
9362
9368
9373
9376
9380
9381
9410
9411
9427
9432
9449
9449
9456
9461
9476
9482
9483
9483
9486
9497
9497
9517
9529
9530
9535
9551
9553
9579
9579
9581
9592
9596
9602
9604
9606
9607
9611
9650
9658
9677
9684
9689
9691
9701
9711
9717
9718
9724
9730
9738
9741
9765
9773
9775
9780
9782
9797
9799
9806
9807
9809
9809
9834
9846
9853
9857
9859
9893
9899
9899
9904
9907
9919
9923
9928
9937
9942
9946
9951
9965
9981
9987
9996
10006
10007
10016
10016
10022
10027
10027
10052
10053
10063
10082
10084
10085
10108
10110
10114
10116
10153
10175
10179
10185
10204
10210
10213
10216
10222
10223
10235
10251
10256
10260
10264
10274
10279
10283
10283
10284
10289
10290
10292
10305
10309
10312
10318
10321
10332
10350
10352
10354
10374
10389
10412
10423
10427
10434
10440
10443
10452
10461
10468
10472
10473
10485
10485
10486
10488
10495
10511
10512
10530
10552
10557
10559
10570
10600
10606
10609
10622
10629
10636
10643
10654
10654
10657
10660
10672
10686
10696
10700
10702
10704
10707
10707
10721
10731
10737
10744
10749
10752
10753
10758
10760
10761
10761
10764
10774
10782
10787
10791
10792
10794
10808
10840
10844
10844
10846
10850
10857
10868
10875
10875
10879
10906
10908
10908
10911
10931
10940
10944
10949
10964
10974
10977
10978
10989
10992
10996
10998
11005
11014
11018
11018
11030
11032
11036
11044
11045
11055
11061
11064
11072
11076
11083
11086
11096
11102
11110
11120
11139
11157
11159
11167
11168
11171
11182
11184
11185
11218
11226
11238
11242
11249
11253
11254
11264
11269
11278
11279
11292
11315
11321
11322
11324
11342
11349
11351
11351
11360
11367
11368
11395
11410
11419
11427
11430
11441
11443
11452
11475
11479
11487
11487
11491
11496
11518
11523
11524
11526
11540
11541
11563
11578
11579
11603
11607
11610
11615
11634
11634
11640
11647
11660
11669
11673
11679
11681
11687
11688
11690
11694
11697
11697
11703
11704
11747
11758
11758
11759
11769
11774
11774
11776
11776
11779
11790
11792
11815
11819
11820
11823
11831
11831
11833
11837
11843
11847
11853
11857
11879
11903
11911
11913
11924
11931
11932
11948
11956
11965
11973
11987
11987
11999
12008
12010
12012
12017
12032
12046
12049
12068
12081
12089
12103
12104
12108
12113
12116
12144
12156
12162
12200
12218
12223
12231
12232
12241
12245
12246
12260
12263
12267
12273
12275
12278
12278
12280
12294
12303
12311
12338
12345
12346
12360
12365
12383
12414
12415
12418
12422
12430
12432
12434
12436
12436
12442
12453
12456
12464
12465
12473
12509
12509
12539
12544
12554
12555
12570
12572
12578
12589
12590
12592
12596
12599
12600
12601
12609
12619
12627
12642
12651
12657
12660
12669
12674
12677
12678
12683
12693
12702
12703
12732
12745
12749
12754
12773
12774
12778
12798
12838
12848
12851
12855
12858
12861
12862
12869
12882
12907
12908
12910
12910
12913
12914
12925
12940
12946
12947
12967
12986
12993
12994
13013
13015
13016
13017
13018
13030
13061
13070
13076
13077
13086
13097
13109
13113
13114
13115
13124
13134
13136
13140
13147
13152
13174
13183
13196
13203
13207
13210
13212
13230
13233
13238
13260
13261
13273
13282
13283
13290
13298
13318
13336
13337
13339
13345
13345
13347
13354
13367
13374
13396
13398
13435
13453
13463
13464
13466
13467
13475
13478
13480
13497
13501
13508
13510
13517
13528
13533
13535
13536
13542
13554
13555
13562
13567
13568
13573
13575
13575
13616
13621
13630
13630
13631
13641
13645
13652
13661
13668
13681
13701
13708
13710
13712
13715
13719
13725
13739
13742
13755
13756
13763
13764
13767
13771
13774
13776
13778
13796
13800
13802
13806
13810
13821
13828
13829
13829
13833
13841
13850
13862
13868
13869
13870
13886
13899
13913
13917
13918
13920
13929
13934
13934
13935
13939
13940
13945
13950
13961
13971
13971
13983
13996
13996
13997
13999
14001
14004
14009
14009
14010
14024
14031
14031
14034
14043
14044
14052
14053
14054
14073
14075
14093
14094
14103
14121
14132
14134
14152
14171
14173
14179
14181
14188
14202
14205
14206
14208
14211
14213
14214
14215
14236
14240
14240
14311
14316
14324
14324
14329
14330
14375
14379
14398
14399
14400
14404
14404
14414
14416
14418
14423
14429
14432
14436
14441
14443
14447
14450
14463
14465
14466
14475
14478
14480
14493
14497
14504
14515
14517
14536
14569
14572
14576
14578
14580
14580
14582
14600
14618
14636
14655
14666
14677
14678
14688
14707
14712
14716
14717
14733
14738
14742
14762
14771
14775
14787
14798
14799
14804
14835
14836
14843
14845
14849
14856
14877
14899
14909
14914
14920
14931
14945
14946
14948
14980
14982
14992
14993
14995
14995
14998
15002
15004
15007
15010
15010
15010
15023
15027
15029
15041
15044
15082
15082
15089
15101
15101
15105
15111
15117
15119
15121
15129
15147
15150
15154
15165
15170
15172
15202
15218
15220
15221
15222
15225
15228
15254
15260
15276
15280
15282
15284
15286
15297
15314
15319
15324
15336
15343
15347
15350
15363
15373
15378
15392
15418
15423
15442
15454
15462
15472
15480
15484
15487
15490
15492
15506
15514
15527
15527
15528
15533
15535
15538
15543
15544
15546
15547
15553
15560
15561
15561
15563
15570
15573
15578
15593
15594
15602
15603
15604
15610
15617
15632
15640
15645
15646
15649
15655
15671
15673
15675
15676
15679
15682
15687
15690
15697
15716
15727
15750
15753
15753
15764
15771
15771
15776
15777
15814
15820
15821
15824
15841
15863
15872
15914
15925
15928
15932
15934
15946
15947
15956
15960
15964
15966
15986
15999
16003
16008
16018
16038
16038
16048
16054
16059
16101
16102
16106
16110
16112
16117
16159
16169
16176
16183
16188
16188
16198
16206
16209
16218
16232
16237
16243
16250
16260
16264
16275
16279
16284
16293
16297
16311
16322
16326
16327
16329
16329
16342
16344
16384
16414
16439
16453
16486
16486
16492
16493
16502
16504
16513
16536
16545
16554
16559
16573
16574
16583
16585
16611
16623
16626
16636
16642
16657
16660
16662
16662
16668
16670
16680
16684
16689
16701
16702
16703
16716
16720
16722
16731
16734
16735
16742
16752
16764
16764
16774
16779
16786
16789
16796
16798
16799
16799
16810
16817
16831
16850
16853
16855
16863
16864
16864
16895
16908
16908
16914
16926
16928
16933
16934
16936
16943
16956
16961
16989
16997
16997
17004
17010
17013
17015
17020
17022
17023
17024
17033
17049
17050
17064
17072
17072
17080
17087
17094
17099
17136
17140
17166
17174
17178
17202
17219
17234
17239
17252
17258
17262
17279
17283
17283
17286
17287
17288
17291
17291
17317
17327
17332
17335
17344
17356
17370
17374
17374
17385
17404
17407
17410
17410
17414
17418
17418
17432
17434
17443
17468
17468
17501
17509
17539
17545
17557
17559
17578
17582
17591
17596
17607
17607
17612
17615
17648
17651
17653
17657
17669
17671
17680
17683
17689
17692
17700
17709
17713
17715
17727
17781
17787
17794
17800
17808
17811
17815
17821
17821
17845
17850
17859
17876
17884
17888
17899
17915
17931
17932
17940
17942
17945
17950
17959
17975
17986
17992
17996
17999
18001
18002
18010
18023
18028
18045
18047
18051
18058
18058
18061
18065
18090
18091
18095
18102
18130
18150
18170
18182
18187
18189
18191
18206
18207
18209
18217
18222
18227
18254
18257
18268
18273
18297
18298
18298
18301
18302
18319
18334
18342
18348
18353
18357
18359
18368
18368
18368
18394
18398
18403
18415
18429
18433
18436
18453
18454
18456
18457
18459
18461
18463
18464
18464
18468
18476
18479
18481
18484
18497
18499
18503
18510
18514
18538
18542
18544
18549
18555
18560
18564
18568
18579
18581
18591
18593
18597
18603
18607
18617
18621
18625
18640
18648
18667
18669
18672
18681
18687
18707
18722
18733
18735
18743
18754
18755
18769
18770
18773
18774
18777
18785
18786
18795
18797
18803
18809
18810
18813
18817
18817
18818
18821
18834
18840
18846
18847
18851
18854
18859
18861
18870
18871
18882
18893
18900
18905
18925
18935
18946
18947
18954
18956
18963
18979
18980
18996
19013
19016
19017
19017
19018
19019
19025
19026
19031
19039
19055
19057
19066
19070
19075
19077
19080
19089
19099
19123
19143
19155
19156
19156
19166
19171
19172
19228
19230
19233
19235
19250
19257
19269
19286
19286
19296
19311
19318
19320
19324
19332
19345
19356
19357
19363
19377
19383
19402
19407
19415
19439
19444
19446
19450
19456
19457
19485
19486
19487
19492
19494
19513
19515
19520
19521
19523
19528
19537
19557
19559
19560
19562
19570
19570
19573
19579
19589
19592
19599
19600
19601
19605
19616
19622
19635
19639
19643
19646
19655
19664
19675
19677
19681
19685
19689
19699
19701
19701
19711
19730
19732
19737
19752
19760
19768
19769
19786
19792
19796
19809
19809
19814
19821
19824
19829
19835
19842
19854
19866
19877
19902
19921
19930
19939
19940
19960
19962
19967
19968
19970
19971
19972
19975
19979
19991
19996
19999
20009
20024
20026
20027
20049
20062
20073
20076
20103
20103
20104
20119
20122
20124
20128
20130
20150
20166
20166
20175
20180
20187
20195
20202
20211
20211
20213
20215
20217
20231
20257
20265
20266
20266
20274
20277
20280
20285
20305
20306
20316
20323
20326
20335
20344
20376
20382
20384
20390
20396
20402
20411
20434
20441
20446
20450
20466
20494
20499
20501
20509
20514
20526
20530
20532
20548
20573
20576
20577
20628
20633
20639
20650
20651
20653
20658
20658
20665
20674
20686
20689
20694
20700
20702
20703
20704
20708
20708
20709
20711
20723
20732
20738
20750
20752
20761
20768
20777
20779
20788
20793
20801
20805
20822
20830
20852
20857
20866
20876
20880
20883
20886
20907
20908
20910
20911
20915
20926
20935
20946
20951
20952
20965
20968
20977
20990
21002
21007
21008
21016
21024
21030
21034
21040
21043
21060
21083
21084
21086
21089
21092
21095
21100
21110
21125
21132
21143
21147
21148
21156
21158
21167
21182
21190
21191
21200
21202
21204
21218
21225
21241
21243
21243
21244
21251
21264
21277
21287
21288
21290
21292
21295
21299
21306
21309
21321
21323
21324
21331
21348
21370
21371
21373
21384
21389
21406
21407
21409
21424
21433
21433
21447
21449
21451
21464
21466
21469
21477
21477
21488
21499
21506
21509
21519
21524
21530
21536
21540
21542
21562
21566
21573
21576
21589
21593
21602
21614
21618
21619
21636
21639
21640
21644
21646
21651
21683
21704
21707
21708
21727
21745
21759
21771
21775
21789
21792
21805
21812
21828
21842
21850
21851
21853
21855
21861
21861
21865
21872
21873
21883
21884
21887
21903
21904
21913
21917
21937
21942
21953
21961
21967
21967
21997
22017
22023
22025
22026
22034
22044
22046
22047
22050
22068
22069
22075
22078
22087
22098
22118
22121
22132
22134
22136
22138
22142
22144
22150
22150
22151
22160
22168
22171
22186
22190
22200
22204
22206
22212
22219
22220
22228
22239
22241
22243
22252
22260
22286
22288
22297
22302
22305
22309
22311
22312
22318
22332
22339
22340
22340
22342
22342
22345
22355
22369
22371
22386
22405
22409
22417
22425
22429
22432
22452
22459
22470
22491
22504
22520
22526
22528
22531
22532
22551
22554
22554
22576
22581
22590
22591
22604
22617
22626
22631
22681
22683
22689
22713
22720
22725
22735
22746
22754
22755
22773
22785
22793
22807
22811
22813
22824
22831
22837
22838
22849
22860
22865
22871
22871
22873
22875
22894
22909
22914
22918
22927
22928
22931
22934
22935
22936
22937
22954
22955
22956
22969
22976
22978
22979
22986
22995
23000
23007
23015
23027
23037
23038
23043
23048
23059
23059
23068
23068
23069
23072
23077
23081
23084
23087
23093
23097
23102
23109
23110
23118
23120
23121
23124
23130
23135
23138
23145
23147
23159
23168
23180
23183
23195
23197
23198
23208
23210
23210
23224
23233
23244
23244
23255
23267
23271
23286
23291
23296
23302
23303
23307
23311
23324
23335
23341
23353
23379
23381
23382
23386
23400
23405
23408
23418
23424
23429
23435
23449
23452
23456
23465
23468
23471
23492
23499
23509
23518
23521
23542
23556
23559
23570
23590
23625
23627
23641
23643
23648
23650
23657
23664
23670
23690
23697
23710
23727
23727
23737
23738
23751
23754
23765
23786
23793
23799
23807
23810
23815
23821
23826
23839
23840
23847
23867
23873
23886
23891
23894
23899
23902
23916
23929
23929
23935
23937
23948
23958
23963
23966
23969
23980
23984
23989
23994
23998
23999
24001
24002
24010
24014
24016
24019
24022
24026
24028
24029
24031
24035
24085
24088
24091
24091
24096
24114
24115
24121
24141
24145
24164
24172
24186
24195
24195
24211
24223
24233
24240
24241
24246
24275
24281
24296
24296
24297
24297
24306
24311
24316
24336
24338
24347
24348
24357
24365
24375
24376
24382
24384
24385
24396
24396
24403
24408
24437
24446
24450
24456
24457
24463
24473
24477
24481
24482
24484
24484
24523
24524
24528
24529
24534
24539
24542
24545
24552
24559
24563
24565
24567
24577
24579
24585
24587
24594
24602
24627
24642
24667
24669
24678
24710
24714
24720
24723
24739
24756
24759
24764
24765
24773
24787
24789
24790
24801
24804
24811
24819
24847
24863
24864
24877
24890
24891
24893
24905
24923
24927
24931
24948
24953
24960
24962
24964
24971
24972
24972
24980
24987
24990
24990
24995
25007
25008
25021
25026
25033
25043
25048
25063
25074
25075
25079
25081
25084
25084
25086
25096
25100
25114
25115
25118
25127
25141
25155
25159
25161
25162
25184
25184
25207
25218
25219
25222
25227
25239
25242
25264
25270
25277
25279
25280
25280
25283
25286
25292
25297
25302
25311
25325
25330
25378
25380
25383
25385
25386
25404
25410
25423
25433
25433
25433
25438
25439
25447
25451
25455
25462
25471
25488
25494
25502
25513
25535
25537
25542
25543
25547
25549
25558
25559
25568
25568
25571
25579
25582
25593
25594
25610
25610
25613
25617
25624
25626
25644
25661
25676
25682
25686
25691
25704
25707
25708
25715
25715
25716
25735
25744
25785
25787
25797
25803
25804
25805
25811
25825
25837
25842
25842
25846
25851
25871
25874
25883
25893
25897
25902
25903
25904
25919
25921
25927
25930
25952
25955
25965
25966
25967
25969
25987
25989
25993
25996
25998
26004
26004
26024
26032
26041
26043
26043
26044
26054
26054
26068
26071
26073
26075
26076
26086
26088
26091
26095
26098
26102
26107
26117
26119
26121
26127
26129
26147
26150
26156
26170
26184
26190
26197
26198
26199
26201
26209
26217
26220
26224
26230
26238
26240
26241
26274
26284
26299
26300
26303
26329
26365
26379
26392
26414
26419
26421
26423
26423
26431
26431
26437
26441
26442
26443
26453
26456
26456
26462
26471
26483
26487
26491
26492
26497
26499
26505
26508
26509
26529
26542
26551
26558
26562
26564
26566
26566
26567
26577
26579
26586
26588
26597
26601
26604
26612
26623
26627
26631
26635
26650
26656
26660
26671
26675
26678
26679
26679
26682
26687
26689
26691
26692
26696
26708
26709
26716
26719
26719
26722
26728
26734
26758
26775
26780
26780
26783
26790
26797
26808
26808
26813
26815
26817
26842
26849
26852
26863
26881
26882
26892
26906
26922
26937
26941
26942
26957
26971
26971
26978
26990
26992
26992
27018
27019
27020
27022
27036
27037
27045
27060
27062
27072
27080
27085
27115
27116
27132
27135
27138
27146
27156
27164
27175
27183
27183
27193
27204
27213
27214
27224
27229
27231
27244
27244
27247
27259
27260
27262
27263
27270
27276
27277
27278
27294
27299
27325
27340
27345
27345
27346
27352
27353
27375
27381
27402
27408
27410
27427
27427
27432
27436
27438
27463
27466
27477
27477
27482
27487
27495
27499
27526
27529
27530
27537
27546
27559
27562
27564
27569
27573
27599
27611
27622
27627
27642
27659
27666
27674
27693
27700
27711
27711
27717
27719
27721
27739
27761
27769
27774
27779
27787
27794
27795
27798
27798
27799
27817
27820
27829
27839
27857
27860
27871
27872
27877
27879
27888
27889
27905
27918
27921
27924
27942
27945
27948
27960
27964
27968
27984
27986
27990
27999
28003
28003
28005
28009
28014
28017
28019
28027
28032
28038
28038
28040
28051
28058
28061
28065
28075
28086
28088
28089
28098
28098
28107
28122
28134
28136
28140
28150
28150
28152
28156
28158
28158
28164
28166
28184
28185
28202
28208
28214
28222
28225
28236
28240
28241
28276
28276
28292
28294
28295
28300
28302
28310
28314
28318
28322
28325
28333
28338
28350
28362
28366
28371
28379
28379
28385
28391
28398
28410
28411
28414
28416
28416
28430
28435
28440
28454
28456
28465
28467
28474
28477
28482
28482
28483
28486
28500
28505
28509
28512
28530
28549
28550
28551
28552
28575
28585
28611
28618
28637
28640
28648
28657
28661
28663
28663
28677
28678
28698
28698
28698
28702
28702
28704
28710
28713
28715
28729
28744
28756
28764
28770
28773
28778
28827
28863
28865
28868
28884
28892
28901
28908
28914
28921
28923
28925
28929
28951
28956
28975
28987
28987
28989
28989
28990
28991
28997
28998
29003
29004
29009
29018
29019
29023
29044
29059
29062
29064
29065
29067
29079
29085
29086
29087
29099
29103
29106
29106
29110
29118
29121
29121
29125
29125
29161
29164
29165
29166
29204
29214
29214
29226
29234
29234
29243
29249
29255
29257
29259
29274
29276
29280
29283
29339
29340
29343
29347
29354
29360
29365
29374
29391
29395
29398
29401
29407
29413
29417
29431
29432
29442
29445
29456
29472
29474
29484
29499
29505
29512
29522
29536
29558
29562
29570
29571
29572
29585
29590
29598
29598
29599
29603
29613
29618
29620
29621
29628
29643
29669
29669
29697
29698
29700
29703
29711
29717
29720
29723
29734
29760
29778
29781
29783
29783
29815
29818
29821
29874
29879
29880
29884
29900
29915
29915
29917
29922
29925
29933
29933
29934
29944
29950
29956
30013
30015
30020
30021
30028
30043
30061
30083
30083
30091
30106
30112
30119
30128
30128
30129
30135
30147
30168
30183
30222
30228
30235
30239
30245
30246
30247
30255
30255
30256
30257
30268
30280
30280
30282
30288
30298
30312
30313
30314
30320
30330
30333
30340
30361
30370
30373
30390
30403
30406
30420
30436
30440
30444
30448
30461
30461
30467
30468
30480
30490
30511
30516
30528
30534
30546
30553
30554
30591
30595
30603
30605
30606
30613
30613
30614
30616
30619
30619
30621
30635
30656
30656
30667
30668
30676
30677
30688
30690
30690
30691
30693
30698
30724
30732
30734
30734
30737
30737
30749
30762
30763
30764
30766
30774
30776
30798
30803
30823
30836
30844
30846
30855
30856
30864
30868
30868
30869
30870
30875
30889
30911
30913
30920
30923
30923
30930
30942
30947
30950
30954
30975
30985
30987
30989
30991
30998
31029
31029
31035
31035
31037
31038
31054
31063
31071
31088
31088
31095
31098
31111
31125
31140
31140
31144
31150
31165
31170
31178
31186
31192
31196
31208
31220
31229
31244
31244
31247
31248
31250
31252
31259
31269
31271
31272
31273
31274
31277
31287
31291
31292
31305
31310
31311
31317
31317
31318
31329
31335
31338
31346
31349
31360
31363
31371
31377
31387
31388
31392
31404
31404
31407
31424
31435
31459
31471
31482
31492
31501
31509
31526
31535
31558
31572
31586
31586
31593
31596
31600
31602
31609
31609
31620
31629
31636
31646
31648
31650
31658
31658
31658
31665
31668
31677
31677
31678
31683
31694
31719
31724
31725
31730
31737
31739
31745
31756
31774
31779
31831
31845
31849
31856
31860
31871
31886
31887
31887
31891
31905
31914
31924
31935
31950
31963
31970
31972
31982
31987
31987
32001
32001
32006
32019
32026
32028
32031
32034
32037
32041
32052
32054
32060
32068
32074
32078
32093
32096
32105
32110
32111
32120
32124
32136
32142
32149
32163
32167
32181
32201
32230
32239
32250
32258
32268
32269
32286
32286
32298
32301
32308
32311
32314
32315
32320
32330
32331
32340
32357
32358
32371
32374
32374
32381
32384
32387
32391
32395
32402
32406
32408
32410
32415
32417
32420
32424
32424
32424
32432
32441
32462
32464
32469
32472
32477
32480
32483
32496
32508
32512
32516
32527
32535
32535
32551
32554
32565
32570
32571
32579
32579
32586
32609
32616
32624
32629
32639
32645
32652
32656
32666
32669
32673
32686
32696
32700
32717
32722
32729
32736
32746
32760
32762
32768
32768
32784
32785
32795
32820
32825
32837
32852
32855
32856
32863
32873
32881
32893
32897
32911
32912
32913
32914
32914
32916
32928
32944
32945
32960
32962
32969
32971
32974
32977
32980
32982
32992
32996
33008
33016
33016
33022
33054
33056
33086
33112
33124
33127
33130
33142
33142
33146
33149
33151
33151
33166
33167
33173
33174
33174
33180
33185
33190
33209
33216
33220
33223
33230
33235
33239
33246
33264
33268
33280
33301
33306
33319
33330
33331
33336
33343
33351
33360
33378
33410
33415
33426
33435
33436
33440
33453
33459
33469
33474
33485
33493
33494
33496
33507
33509
33511
33522
33534
33544
33546
33564
33573
33582
33610
33611
33613
33630
33634
33636
33641
33655
33657
33673
33684
33706
33713
33728
33741
33744
33773
33786
33787
33788
33798
33820
33827
33833
33834
33835
33836
33838
33853
33855
33862
33864
33883
33884
33887
33891
33902
33907
33919
33921
33931
33933
33942
33950
33957
33963
33972
33984
33984
33988
34014
34034
34036
34048
34052
34057
34077
34083
34088
34091
34096
34097
34102
34103
34103
34108
34119
34122
34131
34134
34143
34147
34158
34166
34178
34186
34201
34203
34219
34229
34239
34244
34247
34249
34257
34275
34276
34276
34278
34286
34289
34294
34304
34307
34319
34319
34320
34349
34353
34354
34355
34364
34373
34379
34384
34388
34389
34391
34411
34413
34430
34461
34462
34476
34480
34485
34492
34519
34538
34538
34554
34567
34568
34582
34597
34601
34602
34603
34607
34612
34622
34623
34624
34627
34631
34632
34632
34635
34640
34647
34651
34652
34654
34660
34663
34678
34680
34683
34694
34699
34701
34709
34711
34712
34719
34720
34744
34745
34748
34764
34767
34772
34773
34795
34803
34817
34818
34821
34830
34847
34852
34856
34872
34872
34876
34885
34887
34887
34888
34894
34897
34904
34911
34919
34941
34950
34955
34956
34957
34966
34975
34975
34985
35014
35017
35019
35024
35028
35028
35037
35052
35070
35070
35077
35087
35099
35105
35105
35110
35125
35126
35127
35134
35136
35151
35155
35158
35168
35177
35182
35183
35191
35192
35222
35229
35244
35247
35269
35279
35286
35295
35334
35335
35343
35346
35348
35360
35370
35387
35387
35389
35390
35400
35403
35405
35409
35419
35426
35429
35430
35435
35443
35446
35464
35475
35480
35489
35498
35501
35510
35513
35521
35524
35525
35553
35559
35560
35565
35565
35582
35591
35594
35594
35600
35612
35615
35626
35627
35629
35631
35638
35638
35639
35640
35647
35649
35663
35669
35673
35673
35688
35698
35704
35705
35713
35721
35721
35734
35737
35745
35750
35754
35759
35762
35771
35783
35785
35787
35790
35790
35790
35820
35825
35830
35848
35853
35856
35869
35872
35875
35879
35886
35905
35910
35928
35933
35941
35947
35949
35957
35957
35958
35959
35961
35986
35993
35999
36019
36024
36036
36044
36051
36053
36057
36061
36067
36083
36085
36089
36103
36128
36137
36151
36154
36157
36172
36175
36201
36207
36216
36220
36230
36231
36236
36238
36239
36252
36252
36260
36277
36290
36293
36294
36295
36298
36322
36331
36333
36339
36347
36351
36359
36366
36370
36375
36375
36385
36389
36391
36391
36392
36398
36406
36409
36412
36414
36415
36423
36433
36437
36441
36446
36449
36459
36467
36469
36472
36474
36484
36486
36495
36510
36516
36529
36530
36536
36538
36557
36557
36571
36571
36576
36580
36591
36597
36610
36617
36630
36638
36662
36663
36665
36666
36671
36674
36680
36686
36690
36690
36696
36697
36710
36710
36712
36716
36731
36735
36736
36738
36739
36742
36769
36769
36774
36786
36790
36790
36798
36799
36805
36812
36817
36827
36841
36862
36876
36890
36890
36896
36903
36904
36913
36919
36926
36926
36927
36933
36957
36983
37008
37009
37020
37022
37026
37027
37030
37046
37055
37055
37071
37078
37084
37089
37090
37104
37106
37126
37128
37130
37133
37134
37136
37139
37150
37153
37154
37154
37160
37162
37173
37194
37202
37203
37208
37208
37217
37220
37224
37232
37242
37248
37256
37264
37277
37279
37282
37284
37299
37304
37307
37310
37322
37331
37340
37341
37342
37342
37345
37348
37352
37392
37396
37398
37427
37435
37435
37440
37445
37449
37453
37458
37459
37464
37472
37478
37479
37483
37500
37507
37509
37550
37572
37580
37580
37599
37608
37616
37631
37639
37653
37655
37668
37668
37691
37698
37700
37725
37726
37728
37729
37731
37741
37748
37754
37759
37763
37764
37769
37785
37790
37791
37800
37801
37801
37802
37803
37807
37811
37811
37811
37814
37818
37833
37847
37880
37899
37906
37908
37917
37920
37924
37939
37955
37970
37995
38006
38009
38015
38016
38034
38049
38050
38060
38062
38071
38073
38073
38083
38095
38097
38098
38106
38106
38107
38111
38112
38117
38118
38119
38123
38145
38146
38162
38167
38167
38169
38170
38172
38188
38197
38202
38214
38222
38226
38226
38226
38231
38234
38253
38256
38258
38266
38268
38268
38270
38274
38280
38282
38283
38285
38289
38295
38303
38322
38331
38333
38342
38344
38352
38358
38367
38369
38370
38387
38395
38402
38406
38413
38415
38420
38420
38428
38433
38463
38464
38469
38473
38473
38475
38490
38502
38508
38531
38543
38545
38546
38548
38552
38566
38577
38579
38587
38613
38616
38627
38630
38633
38635
38642
38670
38683
38689
38692
38693
38696
38697
38708
38711
38726
38731
38731
38735
38735
38736
38749
38768
38782
38799
38824
38836
38837
38858
38870
38873
38895
38898
38915
38921
38925
38927
38927
38939
38942
38948
38949
38953
38967
38977
38988
38995
38995
38999
39000
39004
39009
39016
39016
39016
39022
39045
39051
39062
39065
39075
39078
39085
39088
39092
39095
39100
39118
39125
39128
39135
39139
39147
39177
39177
39186
39190
39193
39199
39205
39210
39218
39218
39227
39243
39253
39261
39262
39264
39271
39273
39277
39282
39295
39298
39314
39317
39319
39321
39331
39354
39374
39379
39393
39404
39414
39418
39432
39437
39437
39439
39440
39452
39464
39492
39507
39520
39521
39532
39535
39536
39544
39544
39574
39576
39585
39585
39588
39613
39618
39627
39629
39636
39645
39649
39671
39673
39689
39690
39693
39696
39697
39698
39718
39727
39747
39752
39752
39756
39784
39789
39817
39819
39820
39821
39825
39831
39832
39834
39835
39843
39844
39849
39859
39865
39869
39877
39882
39883
39896
39897
39903
39905
39910
39916
39920
39921
39931
39935
39939
39944
39953
39957
39960
39960
39964
39971
39980
39981
39982
39982
39985
39994
39999
40006
40011
40011
40029
40031
40040
40041
40047
40048
40060
40062
40069
40082
40099
40101
40104
40105
40108
40110
40121
40124
40125
40127
40130
40136
40162
40163
40165
40168
40177
40185
40193
40198
40200
40207
40220
40224
40228
40234
40248
40249
40255
40264
40264
40265
40271
40276
40281
40285
40290
40299
40307
40311
40314
40338
40341
40364
40364
40365
40367
40369
40380
40382
40384
40388
40396
40405
40406
40407
40430
40445
40453
40460
40461
40465
40469
40473
40474
40474
40478
40482
40484
40485
40490
40495
40507
40509
40517
40522
40552
40562
40569
40582
40588
40589
40589
40620
40628
40633
40656
40678
40684
40684
40699
40707
40725
40736
40751
40753
40754
40755
40761
40778
40796
40811
40815
40834
40847
40848
40881
40882
40885
40899
40901
40938
40947
40948
40956
40971
40972
40978
40983
40994
40998
40999
41010
41011
41033
41041
41044
41059
41067
41069
41070
41071
41073
41080
41083
41088
41103
41107
41110
41122
41126
41127
41132
41138
41158
41172
41180
41183
41189
41193
41196
41211
41222
41230
41235
41254
41261
41262
41265
41272
41277
41281
41281
41286
41288
41310
41315
41327
41328
41332
41337
41346
41353
41353
41355
41359
41362
41363
41369
41372
41378
41381
41390
41392
41397
41400
41410
41411
41415
41420
41420
41430
41438
41443
41445
41453
41458
41468
41479
41480
41481
41489
41501
41505
41508
41509
41521
41528
41537
41552
41553
41566
41586
41588
41589
41600
41604
41618
41626
41634
41634
41635
41651
41653
41655
41656
41663
41676
41692
41699
41703
41705
41720
41725
41727
41733
41746
41748
41749
41767
41784
41787
41795
41801
41801
41814
41815
41827
41841
41845
41850
41860
41864
41871
41877
41879
41886
41896
41903
41908
41908
41912
41916
41923
41933
41935
41936
41938
41940
41944
41946
41947
41953
41962
41967
41974
41981
41990
41994
41994
41998
42003
42006
42012
42014
42026
42027
42030
42032
42032
42047
42053
42056
42057
42061
42062
42073
42079
42098
42101
42139
42162
42168
42174
42184
42187
42194
42206
42211
42214
42234
42236
42237
42242
42247
42265
42265
42286
42287
42288
42304
42307
42311
42317
42322
42326
42333
42334
42343
42345
42351
42360
42376
42382
42388
42389
42400
42400
42428
42431
42457
42469
42473
42473
42474
42475
42489
42490
42496
42514
42528
42544
42560
42577
42586
42595
42608
42612
42621
42623
42644
42652
42654
42656
42657
42675
42681
42687
42692
42696
42698
42699
42702
42702
42704
42708
42719
42729
42741
42742
42753
42756
42765
42779
42783
42785
42799
42810
42820
42823
42824
42824
42859
42864
42872
42876
42880
42890
42891
42892
42909
42963
42963
42965
42966
42973
42989
42989
42991
42992
43000
43001
43001
43002
43002
43007
43026
43030
43039
43045
43047
43052
43058
43065
43071
43075
43076
43081
43084
43087
43090
43090
43097
43103
43104
43118
43119
43122
43126
43128
43132
43137
43150
43165
43176
43227
43229
43235
43243
43254
43263
43267
43269
43273
43291
43296
43317
43319
43355
43358
43370
43372
43374
43381
43384
43387
43388
43390
43391
43392
43405
43406
43418
43445
43450
43474
43474
43484
43484
43499
43500
43500
43506
43518
43523
43525
43536
43543
43555
43577
43581
43590
43591
43600
43602
43608
43609
43631
43633
43636
43639
43643
43664
43666
43678
43680
43683
43684
43721
43723
43732
43733
43737
43757
43757
43762
43769
43770
43778
43780
43782
43785
43789
43791
43809
43812
43815
43827
43842
43843
43847
43848
43848
43848
43852
43855
43872
43874
43876
43885
43907
43912
43913
43918
43930
43937
43947
43961
43970
43972
43974
43974
43975
43976
43980
44002
44036
44037
44040
44041
44047
44053
44061
44065
44073
44074
44075
44089
44093
44097
44098
44101
44104
44113
44129
44147
44147
44160
44175
44187
44203
44210
44213
44219
44228
44240
44242
44247
44257
44263
44276
44277
44278
44285
44287
44295
44296
44310
44324
44329
44330
44333
44341
44346
44367
44376
44380
44382
44390
44394
44396
44397
44414
44424
44428
44431
44436
44442
44453
44454
44459
44476
44477
44480
44481
44488
44500
44502
44505
44508
44508
44513
44516
44526
44528
44531
44533
44554
44555
44557
44563
44571
44586
44592
44596
44601
44619
44638
44645
44648
44662
44688
44691
44696
44698
44706
44710
44711
44714
44726
44727
44736
44740
44746
44770
44776
44792
44803
44815
44819
44823
44831
44833
44836
44837
44838
44842
44844
44846
44862
44871
44895
44900
44904
44909
44915
44929
44935
44940
44956
44959
44961
44964
44966
44967
44974
44988
45003
45008
45012
45016
45024
45033
45039
45055
45069
45078
45080
45085
45090
45114
45126
45131
45134
45157
45159
45162
45166
45167
45182
45185
45193
45201
45201
45210
45212
45217
45218
45235
45237
45242
45246
45251
45257
45258
45263
45268
45272
45280
45284
45286
45295
45310
45318
45327
45335
45367
45374
45405
45405
45414
45415
45424
45430
45451
45457
45463
45463
45487
45488
45491
45501
45505
45511
45517
45518
45527
45531
45546
45548
45555
45559
45564
45591
45594
45604
45606
45612
45618
45628
45639
45640
45641
45654
45661
45676
45678
45679
45681
45688
45688
45724
45726
45735
45750
45752
45778
45782
45788
45794
45810
45811
45814
45822
45827
45828
45843
45844
45848
45853
45854
45855
45861
45862
45867
45875
45885
45889
45912
45935
45942
45945
45952
45957
45958
45970
45973
45978
45983
45983
45994
46001
46004
46006
46011
46015
46019
46025
46026
46041
46041
46042
46045
46053
46057
46062
46072
46086
46109
46110
46113
46118
46135
46136
46136
46136
46149
46159
46162
46170
46172
46182
46200
46225
46228
46228
46236
46248
46262
46264
46283
46295
46301
46303
46311
46312
46316
46317
46318
46345
46353
46369
46370
46379
46382
46386
46394
46401
46404
46408
46410
46419
46426
46431
46432
46442
46461
46468
46488
46493
46504
46518
46523
46524
46533
46533
46534
46536
46569
46571
46577
46577
46605
46606
46606
46618
46621
46629
46629
46655
46659
46667
46675
46682
46688
46692
46699
46709
46714
46723
46726
46754
46756
46769
46771
46782
46788
46788
46789
46793
46793
46804
46815
46816
46824
46847
46855
46868
46878
46880
46927
46945
46948
46950
46952
46960
46979
46982
47023
47030
47031
47073
47078
47083
47085
47089
47097
47099
47116
47119
47126
47130
47138
47143
47149
47169
47185
47187
47188
47192
47207
47208
47209
47210
47226
47240
47242
47253
47273
47282
47284
47324
47336
47336
47338
47351
47354
47367
47368
47375
47376
47378
47389
47393
47393
47394
47394
47411
47411
47422
47440
47448
47474
47487
47504
47505
47512
47513
47525
47529
47537
47539
47544
47544
47556
47556
47558
47567
47571
47599
47599
47607
47607
47620
47620
47622
47623
47628
47635
47640
47648
47652
47660
47663
47678
47696
47705
47708
47711
47724
47729
47747
47766
47768
47770
47785
47790
47805
47813
47820
47824
47832
47833
47838
47838
47841
47844
47844
47850
47860
47867
47876
47881
47898
47900
47903
47911
47914
47933
47944
47948
47966
47983
47988
47989
47990
48003
48010
48014
48018
48030
48037
48038
48044
48050
48055
48062
48063
48065
48072
48073
48085
48087
48087
48087
48089
48100
48102
48112
48132
48155
48172
48180
48184
48189
48189
48199
48206
48207
48208
48211
48215
48218
48223
48229
48241
48245
48255
48284
48287
48287
48288
48294
48296
48297
48299
48299
48300
48301
48304
48320
48330
48331
48340
48344
48349
48350
48354
48358
48368
48373
48378
48380
48396
48411
48433
48440
48447
48466
48469
48485
48485
48511
48514
48527
48540
48550
48557
48559
48562
48564
48564
48569
48579
48586
48589
48592
48595
48596
48611
48613
48620
48620
48664
48667
48671
48671
48681
48682
48687
48688
48698
48713
48717
48718
48746
48755
48761
48761
48766
48770
48771
48771
48772
48777
48785
48794
48795
48812
48821
48841
48842
48862
48863
48868
48873
48890
48894
48900
48902
48903
48910
48911
48915
48923
48926
48926
48926
48927
48937
48951
48952
48959
48959
48963
48964
48968
48970
48971
48974
48994
48996
48999
49004
49004
49032
49053
49054
49087
49105
49114
49117
49124
49133
49149
49158
49167
49179
49182
49210
49240
49243
49247
49259
49267
49268
49273
49277
49289
49289
49290
49297
49300
49305
49311
49319
49324
49341
49352
49352
49357
49376
49378
49380
49382
49390
49392
49403
49420
49424
49429
49433
49437
49438
49462
49463
49472
49477
49488
49501
49506
49513
49532
49533
49538
49546
49549
49561
49571
49573
49588
49597
49597
49599
49619
49619
49619
49625
49629
49629
49672
49688
49692
49693
49696
49700
49726
49730
49737
49744
49754
49757
49767
49772
49775
49777
49784
49784
49797
49800
49801
49810
49817
49828
49838
49843
49845
49861
49893
49903
49905
49910
49923
49927
49932
49959
49969
49975
49977
49990
49995
49998
50002
50009
50020
50039
50067
50082
50087
50101
50102
50109
50113
50117
50123
50138
50140
50155
50166
50170
50172
50176
50180
50185
50185
50188
50199
50229
50233
50243
50253
50253
50259
50265
50289
50298
50309
50320
50322
50328
50332
50339
50352
50359
50367
50378
50378
50411
50419
50419
50428
50435
50444
50457
50460
50474
50476
50491
50501
50501
50503
50506
50508
50513
50516
50526
50550
50550
50552
50559
50561
50563
50564
50569
50574
50578
50579
50579
50583
50613
50613
50626
50626
50660
50668
50671
50681
50684
50691
50700
50703
50703
50716
50721
50731
50732
50732
50743
50752
50771
50776
50777
50778
50780
50781
50781
50786
50807
50812
50818
50820
50823
50826
50832
50835
50844
50846
50846
50864
50874
50895
50910
50910
50911
50912
50914
50916
50944
50950
50951
50958
50968
50994
50997
51024
51025
51028
51030
51031
51036
51037
51037
51045
51053
51063
51079
51104
51109
51114
51119
51121
51122
51147
51155
51161
51162
51174
51176
51176
51199
51202
51203
51205
51207
51211
51213
51220
51225
51226
51226
51240
51255
51261
51264
51270
51273
51274
51282
51292
51295
51326
51345
51353
51361
51369
51390
51411
51412
51416
51424
51437
51437
51438
51439
51443
51444
51445
51445
51462
51468
51473
51498
51500
51501
51503
51504
51530
51542
51549
51567
51569
51573
51589
51592
51597
51616
51624
51626
51630
51634
51636
51646
51658
51664
51667
51668
51676
51700
51704
51709
51715
51720
51720
51727
51737
51744
51745
51747
51750
51751
51756
51760
51778
51782
51785
51802
51805
51815
51820
51830
51857
51887
51900
51906
51911
51934
51936
51958
51975
51978
51980
51982
51992
51996
51998
52002
52018
52024
52033
52035
52037
52046
52051
52051
52052
52091
52098
52099
52099
52104
52106
52115
52134
52135
52141
52149
52160
52166
52175
52176
52178
52179
52180
52184
52188
52199
52221
52222
52230
52246
52249
52270
52274
52276
52289
52292
52296
52309
52314
52320
52333
52336
52338
52342
52349
52355
52359
52363
52372
52383
52384
52394
52398
52404
52406
52421
52422
52423
52425
52426
52432
52449
52452
52462
52467
52473
52504
52504
52512
52517
52519
52519
52527
52528
52540
52547
52563
52574
52579
52580
52588
52594
52605
52625
52636
52655
52675
52692
52694
52706
52726
52731
52756
52761
52771
52772
52775
52779
52783
52821
52828
52832
52837
52844
52844
52857
52858
52863
52875
52885
52894
52909
52909
52912
52921
52963
52970
52970
52970
52973
52993
52999
53006
53016
53032
53035
53037
53046
53046
53049
53049
53053
53054
53064
53066
53082
53097
53100
53101
53106
53107
53113
53128
53130
53147
53148
53149
53152
53171
53171
53179
53179
53186
53191
53208
53208
53209
53210
53212
53213
53216
53218
53219
53230
53232
53233
53235
53235
53264
53267
53267
53272
53273
53273
53282
53285
53307
53316
53317
53322
53340
53341
53343
53357
53357
53359
53360
53367
53373
53374
53385
53393
53404
53417
53418
53422
53424
53428
53432
53442
53445
53468
53487
53489
53493
53496
53499
53500
53502
53503
53504
53508
53510
53514
53516
53521
53523
53531
53537
53549
53551
53556
53558
53566
53568
53578
53585
53586
53589
53593
53595
53596
53614
53615
53620
53678
53692
53704
53712
53713
53737
53737
53738
53740
53750
53769
53786
53807
53818
53820
53830
53834
53843
53850
53868
53869
53871
53880
53889
53899
53906
53923
53928
53939
53940
53945
53952
53953
53968
53970
53980
54000
54005
54007
54023
54028
54030
54046
54048
54050
54056
54064
54087
54089
54108
54113
54120
54125
54125
54125
54134
54138
54142
54144
54161
54186
54196
54198
54200
54208
54208
54221
54230
54256
54256
54269
54272
54276
54289
54290
54290
54290
54293
54308
54311
54346
54359
54387
54409
54415
54420
54433
54436
54442
54447
54448
54453
54457
54457
54460
54471
54488
54492
54508
54508
54511
54516
54520
54533
54536
54544
54545
54547
54554
54561
54581
54584
54607
54608
54611
54613
54620
54620
54625
54625
54629
54639
54642
54643
54647
54647
54652
54654
54659
54669
54670
54683
54689
54689
54694
54698
54713
54716
54721
54723
54728
54739
54763
54765
54766
54782
54788
54789
54790
54805
54806
54808
54809
54825
54827
54832
54835
54836
54837
54837
54838
54847
54850
54859
54867
54871
54877
54884
54886
54894
54896
54897
54919
54928
54933
54946
54952
54961
54971
54974
54980
54982
54992
54993
54994
54996
55001
55001
55009
55009
55011
55016
55016
55022
55029
55049
55053
55054
55067
55074
55080
55081
55085
55087
55112
55112
55137
55139
55140
55154
55171
55178
55198
55224
55226
55229
55235
55236
55238
55240
55242
55250
55263
55266
55268
55270
55271
55272
55278
55287
55294
55298
55307
55319
55325
55333
55334
55343
55364
55381
55387
55398
55401
55401
55420
55423
55423
55433
55443
55445
55451
55456
55457
55495
55507
55509
55525
55530
55540
55549
55559
55564
55579
55581
55584
55602
55606
55607
55609
55613
55622
55623
55657
55663
55682
55689
55690
55691
55692
55692
55692
55698
55708
55710
55738
55742
55745
55746
55748
55757
55758
55782
55783
55787
55791
55792
55808
55826
55828
55829
55833
55840
55844
55876
55887
55891
55891
55895
55905
55907
55914
55919
55922
55926
55945
55956
55959
55959
55960
55969
55970
55971
55972
55973
55978
55979
55981
56011
56013
56020
56023
56025
56033
56070
56095
56097
56099
56105
56110
56124
56125
56128
56128
56130
56132
56139
56139
56145
56146
56154
56156
56165
56177
56182
56190
56198
56217
56221
56222
56223
56234
56259
56262
56263
56264
56268
56276
56278
56287
56297
56297
56305
56306
56312
56316
56335
56343
56348
56349
56349
56371
56372
56381
56395
56397
56412
56412
56419
56435
56437
56451
56453
56454
56457
56460
56463
56464
56470
56472
56484
56493
56494
56501
56504
56516
56519
56523
56524
56530
56532
56539
56543
56548
56551
56555
56559
56565
56566
56578
56580
56592
56594
56597
56615
56643
56645
56648
56654
56664
56695
56698
56704
56713
56717
56717
56717
56718
56733
56737
56738
56762
56771
56776
56782
56803
56804
56814
56818
56823
56848
56854
56855
56860
56876
56886
56904
56910
56935
56945
56950
56955
56959
56971
56977
56983
56987
56993
56993
56996
57004
57010
57013
57026
57031
57037
57042
57054
57056
57068
57077
57079
57086
57125
57125
57136
57163
57164
57172
57181
57194
57201
57222
57230
57237
57242
57244
57249
57249
57258
57279
57288
57291
57295
57299
57303
57304
57308
57310
57310
57319
57329
57332
57334
57345
57346
57348
57357
57382
57394
57400
57406
57407
57426
57431
57443
57443
57445
57449
57463
57469
57469
57488
57494
57495
57507
57517
57520
57531
57552
57569
57577
57581
57604
57606
57609
57617
57627
57640
57645
57646
57655
57659
57665
57667
57671
57694
57714
57734
57753
57759
57768
57773
57774
57778
57778
57779
57781
57803
57805
57806
57809
57811
57827
57830
57843
57844
57855
57865
57868
57868
57875
57877
57880
57883
57884
57890
57904
57908
57910
57913
57922
57935
57943
57947
57949
57952
57954
57985
57986
57986
57998
58002
58010
58017
58019
58026
58033
58039
58040
58046
58048
58049
58050
58074
58079
58096
58098
58101
58106
58119
58121
58131
58166
58178
58179
58180
58181
58185
58185
58189
58205
58207
58209
58220
58231
58236
58240
58246
58261
58263
58263
58283
58287
58288
58290
58320
58324
58330
58330
58343
58351
58354
58359
58359
58365
58369
58369
58375
58376
58387
58389
58391
58407
58414
58416
58426
58426
58437
58439
58442
58444
58444
58446
58447
58455
58477
58482
58485
58485
58488
58502
58507
58512
58513
58517
58536
58537
58538
58546
58549
58571
58583
58587
58609
58640
58640
58641
58644
58686
58689
58694
58699
58725
58740
58755
58769
58771
58795
58808
58811
58814
58816
58816
58823
58829
58834
58839
58839
58840
58842
58842
58860
58864
58866
58878
58888
58895
58897
58906
58911
58913
58931
58941
58943
58952
58955
58958
58961
58963
58963
58970
58973
58974
58990
58995
58997
59007
59010
59010
59017
59018
59020
59032
59038
59042
59051
59075
59085
59090
59099
59115
59118
59119
59136
59145
59146
59147
59150
59151
59160
59162
59172
59176
59194
59213
59223
59225
59236
59243
59252
59252
59260
59262
59274
59276
59277
59278
59291
59301
59307
59308
59312
59331
59339
59341
59346
59354
59367
59375
59380
59392
59394
59418
59422
59427
59433
59443
59448
59452
59453
59455
59458
59467
59478
59482
59483
59490
59491
59500
59510
59514
59525
59525
59534
59536
59544
59545
59552
59552
59553
59570
59573
59617
59618
59631
59646
59648
59661
59661
59667
59671
59685
59690
59699
59701
59707
59724
59737
59743
59750
59755
59757
59765
59772
59777
59777
59778
59784
59784
59793
59793
59816
59822
59824
59861
59863
59879
59885
59886
59910
59914
59916
59932
59933
59938
59948
59948
59948
59957
59969
59992
60007
60021
60029
60034
60042
60042
60043
60047
60049
60051
60052
60061
60072
60078
60080
60087
60090
60095
60099
60102
60113
60125
60135
60136
60139
60139
60142
60158
60168
60170
60173
60174
60176
60176
60177
60178
60181
60193
60196
60204
60213
60214
60220
60236
60252
60262
60275
60275
60276
60290
60298
60308
60314
60322
60323
60333
60341
60352
60364
60367
60367
60383
60394
60396
60401
60403
60417
60424
60427
60441
60443
60444
60448
60452
60452
60469
60474
60477
60489
60501
60505
60505
60511
60518
60542
60549
60550
60551
60569
60573
60580
60583
60589
60595
60598
60598
60606
60607
60608
60611
60634
60643
60644
60679
60680
60681
60689
60697
60699
60703
60718
60721
60725
60735
60749
60752
60756
60764
60786
60795
60799
60803
60804
60812
60812
60818
60827
60832
60844
60847
60852
60855
60861
60875
60884
60886
60896
60897
60924
60927
60929
60939
60946
60948
60981
61020
61021
61028
61037
61042
61058
61059
61060
61064
61066
61068
61075
61076
61086
61089
61099
61113
61121
61133
61144
61157
61157
61159
61159
61168
61169
61181
61199
61201
61219
61223
61254
61262
61267
61277
61278
61279
61281
61282
61286
61289
61340
61341
61345
61355
61359
61364
61383
61396
61399
61405
61416
61425
61428
61443
61445
61445
61456
61457
61496
61502
61502
61511
61516
61522
61536
61536
61540
61543
61545
61547
61557
61558
61596
61642
61642
61649
61688
61689
61690
61690
61690
61718
61723
61730
61737
61763
61764
61765
61767
61772
61772
61776
61778
61780
61789
61797
61805
61815
61819
61821
61825
61837
61838
61840
61849
61853
61856
61858
61863
61870
61875
61882
61884
61889
61895
61904
61908
61913
61923
61931
61931
61939
61941
61942
61942
61943
61956
61960
61966
61968
61973
61987
61991
61994
62007
62036
62049
62051
62055
62057
62064
62077
62077
62079
62090
62104
62109
62115
62139
62140
62147
62151
62155
62156
62163
62164
62174
62174
62179
62194
62204
62209
62214
62220
62224
62224
62226
62240
62257
62257
62260
62268
62274
62282
62283
62286
62295
62296
62297
62297
62301
62301
62308
62314
62323
62345
62350
62350
62359
62363
62365
62367
62383
62392
62396
62399
62404
62407
62407
62416
62424
62438
62441
62453
62460
62464
62465
62466
62486
62499
62499
62500
62501
62507
62508
62510
62528
62546
62565
62569
62590
62600
62604
62611
62620
62630
62647
62657
62667
62672
62688
62689
62693
62695
62697
62701
62709
62719
62721
62724
62724
62734
62736
62745
62747
62753
62754
62760
62768
62769
62771
62814
62817
62827
62832
62832
62834
62846
62852
62856
62860
62862
62878
62881
62886
62889
62891
62903
62908
62909
62927
62927
62939
62942
62970
62988
63000
63011
63027
63038
63053
63065
63067
63069
63074
63080
63089
63090
63093
63094
63110
63116
63127
63142
63157
63168
63171
63185
63185
63187
63200
63205
63208
63216
63225
63233
63236
63244
63269
63279
63284
63318
63320
63323
63331
63333
63350
63360
63360
63362
63365
63369
63371
63374
63384
63387
63392
63403
63406
63411
63424
63425
63425
63425
63426
63440
63443
63444
63448
63450
63465
63466
63470
63471
63487
63508
63513
63513
63516
63516
63517
63534
63537
63538
63539
63545
63545
63548
63551
63567
63582
63585
63590
63593
63605
63611
63611
63613
63620
63624
63640
63651
63661
63673
63687
63695
63704
63705
63716
63731
63733
63734
63739
63741
63744
63753
63756
63772
63778
63783
63790
63799
63811
63822
63846
63850
63852
63868
63871
63891
63900
63900
63902
63916
63917
63926
63936
63949
63951
63954
63956
63975
63976
63976
64001
64002
64007
64009
64011
64023
64023
64031
64053
64053
64074
64075
64086
64087
64097
64104
64125
64126
64126
64130
64133
64133
64134
64145
64157
64163
64178
64209
64214
64222
64224
64232
64238
64259
64260
64262
64263
64295
64298
64311
64317
64320
64325
64333
64334
64367
64368
64374
64384
64397
64397
64405
64414
64424
64429
64431
64434
64445
64449
64452
64463
64472
64476
64491
64506
64513
64524
64527
64528
64530
64558
64572
64572
64581
64583
64602
64604
64610
64625
64630
64635
64645
64645
64646
64670
64674
64680
64714
64737
64737
64749
64753
64755
64756
64774
64775
64776
64794
64799
64802
64812
64822
64844
64847
64860
64864
64871
64873
64879
64894
64900
64903
64907
64909
64909
64913
64918
64932
64935
64955
64956
64961
64961
64962
64964
64968
64986
65004
65008
65010
65014
65024
65031
65043
65064
65073
65085
65092
65113
65139
65154
65168
65175
65179
65187
65193
65197
65219
65220
65220
65222
65228
65229
65230
65242
65246
65246
65247
65262
65266
65274
65275
65277
65289
65297
65302
65306
65316
65334
65334
65339
65340
65344
65348
65349
65357
65365
65367
65375
65391
65400
65411
65416
65427
65445
65445
65448
65453
65461
65465
65469
65475
65488
65508
65513
65515
65522
65522
65526
65528
65543
65551
65552
65555
65568
65585
65585
65588
65601
65601
65616
65618
65627
65661
65664
65671
65675
65685
65698
65703
65703
65704
65708
65715
65720
65727
65732
65736
65740
65744
65750
65795
65806
65816
65818
65821
65824
65842
65842
65844
65851
65891
65896
65906
65910
65918
65940
65958
65960
65968
65974
65986
65987
65996
66033
66034
66035
66046
66054
66061
66067
66067
66086
66091
66107
66122
66142
66155
66162
66164
66171
66174
66181
66186
66189
66196
66204
66213
66220
66222
66233
66235
66239
66248
66265
66267
66278
66291
66301
66320
66324
66327
66328
66332
66333
66337
66338
66339
66344
66345
66345
66351
66364
66371
66378
66388
66396
66409
66413
66421
66421
66427
66429
66434
66436
66445
66447
66462
66466
66476
66481
66494
66503
66503
66506
66507
66521
66528
66532
66533
66540
66544
66547
66551
66552
66556
66576
66581
66596
66601
66606
66609
66618
66641
66651
66659
66660
66669
66679
66686
66689
66703
66712
66712
66737
66746
66751
66753
66754
66756
66762
66766
66770
66774
66774
66786
66788
66794
66799
66804
66804
66807
66815
66815
66821
66842
66842
66851
66867
66867
66874
66884
66886
66896
66900
66902
66903
66904
66909
66925
66930
66939
66941
66954
66954
66969
66969
66970
66970
66970
67003
67005
67014
67020
67031
67031
67041
67051
67053
67055
67055
67062
67076
67077
67080
67088
67100
67106
67115
67120
67123
67137
67139
67139
67143
67147
67149
67153
67165
67173
67178
67181
67184
67205
67224
67224
67226
67227
67229
67236
67239
67274
67291
67305
67312
67315
67315
67333
67334
67336
67372
67377
67388
67398
67422
67430
67448
67454
67460
67467
67495
67503
67505
67511
67518
67524
67531
67562
67569
67570
67575
67578
67586
67590
67593
67593
67610
67624
67625
67628
67639
67644
67658
67660
67665
67675
67680
67714
67715
67722
67731
67731
67732
67733
67740
67747
67752
67766
67771
67782
67787
67788
67792
67805
67822
67828
67838
67843
67845
67867
67871
67888
67891
67892
67902
67906
67909
67916
67925
67932
67962
67965
67979
67979
67981
67984
67998
68001
68017
68024
68048
68049
68056
68090
68098
68106
68123
68134
68137
68146
68154
68168
68184
68188
68189
68193
68196
68232
68238
68240
68256
68273
68297
68301
68318
68321
68331
68350
68376
68384
68385
68386
68390
68394
68400
68404
68423
68424
68428
68434
68436
68437
68440
68444
68447
68467
68471
68472
68478
68480
68481
68481
68492
68496
68503
68513
68515
68526
68528
68554
68568
68602
68608
68616
68621
68627
68627
68634
68638
68641
68644
68649
68651
68661
68661
68663
68681
68682
68684
68696
68700
68712
68727
68735
68741
68745
68752
68752
68752
68785
68794
68801
68809
68848
68850
68854
68863
68888
68888
68902
68903
68935
68938
68938
68945
68949
68949
68959
68964
68973
68974
68984
68985
68991
68995
69031
69055
69056
69057
69063
69063
69089
69107
69116
69129
69131
69134
69168
69174
69181
69186
69187
69198
69226
69228
69230
69234
69263
69269
69278
69280
69287
69298
69340
69381
69389
69394
69396
69410
69424
69428
69437
69438
69443
69443
69448
69449
69459
69464
69486
69490
69493
69499
69507
69516
69517
69561
69590
69591
69639
69643
69645
69646
69649
69657
69667
69667
69677
69678
69684
69687
69691
69711
69714
69715
69717
69720
69728
69736
69736
69743
